50000|Toluca de Lerdo Centro|Colonia|Toluca|México|Toluca de Lerdo|50091|15|50091|09|106|0160|Urbano|20
50010|Celanese|Colonia|Toluca|México|Toluca de Lerdo|50091|15|50091|09|106|0163|Urbano|20
50010|Club Jardín|Colonia|Toluca|México|Toluca de Lerdo|50091|15|50091|09|106|0164|Urbano|20
50010|Guadalupe|Colonia|Toluca|México|Toluca de Lerdo|50091|15|50091|09|106|0165|Urbano|20
50010|La Cruz Comalco|Colonia|Toluca|México|Toluca de Lerdo|50091|15|50091|09|106|0166|Urbano|20
50010|La Magdalena|Colonia|Toluca|México|Toluca de Lerdo|50091|15|50091|09|106|0168|Urbano|20
50010|Los Girasoles|Fraccionamiento|Toluca|México|Toluca de Lerdo|50091|15|50091|21|106|0170|Urbano|20
50010|Los Girasoles II|Fraccionamiento|Toluca|México|Toluca de Lerdo|50091|15|50091|21|106|0171|Urbano|20
50010|Los Girasoles III|Fraccionamiento|Toluca|México|Toluca de Lerdo|50091|15|50091|21|106|0172|Urbano|20
50010|Los Girasoles IV|Fraccionamiento|Toluca|México|Toluca de Lerdo|50091|15|50091|21|106|0173|Urbano|20
50010|San Lorenzo Tepaltitlán Centro|Pueblo|Toluca|México|Toluca de Lerdo|50091|15|50091|28|106|0176|Urbano|20
50010|Tlacopa|Barrio|Toluca|México|Toluca de Lerdo|50091|15|50091|02|106|0177|Urbano|20
50010|Universidad|Fraccionamiento|Toluca|México|Toluca de Lerdo|50091|15|50091|21|106|0178|Urbano|20
50010|Las Flores|Fraccionamiento|Toluca|México|Toluca de Lerdo|50091|15|50091|21|106|0188|Urbano|20
50010|San Angelín|Barrio|Toluca|México|Toluca de Lerdo|50091|15|50091|02|106|5121|Urbano|20
50010|Galaxias de San Lorenzo|Fraccionamiento|Toluca|México|Toluca de Lerdo|50091|15|50091|21|106|5542|Rural|20
50010|El Tejocote|Colonia|Toluca|México|Toluca de Lerdo|50091|15|50091|09|106|5545|Rural|20
50010|El Balcón|Colonia|Toluca|México|Toluca de Lerdo|50091|15|50091|09|106|5546|Rural|20
50010|Los Girasoles I|Fraccionamiento|Toluca|México|Toluca de Lerdo|50091|15|50091|21|106|7920|Urbano|20
50010|San Juan de la Cruz|Barrio|Toluca|México|Toluca de Lerdo|50091|15|50091|02|106|8291|Urbano|20
50010|Hacienda San Agustín|Fraccionamiento|Toluca|México|Toluca de Lerdo|50091|15|50091|21|106|8297|Urbano|20
50010|La Loma|Barrio|Toluca|México|Toluca de Lerdo|50091|15|50091|02|106|8355|Urbano|20
50010|Del Panteón|Barrio|Toluca|México|Toluca de Lerdo|50091|15|50091|02|106|8356|Urbano|20
50010|Villas Tepaltitlán|Fraccionamiento|Toluca|México|Toluca de Lerdo|50091|15|50091|21|106|8455|Urbano|20
50010|Gran Morada|Fraccionamiento|Toluca|México|Toluca de Lerdo|50091|15|50091|21|106|9094|Urbano|20
50016|Jardines de la Crespa|Unidad habitacional|Toluca|México|Toluca de Lerdo|50091|15|50091|31|106|0180|Urbano|20
50016|Parque industrial San Antonio|Zona industrial|Toluca|México|Toluca de Lerdo|50091|15|50091|37|106|6554|Urbano|20
50016|De la Crespa|Barrio|Toluca|México|Toluca de Lerdo|50091|15|50091|02|106|8357|Urbano|20
50017|Brisas|Fraccionamiento|Toluca|México|Toluca de Lerdo|50091|15|50091|21|106|0184|Urbano|20
50017|Rincón de San Lorenzo|Colonia|Toluca|México|Toluca de Lerdo|50091|15|50091|09|106|0186|Urbano|20
50020|Bosques de la Mora|Fraccionamiento|Toluca|México|Toluca de Lerdo|50091|15|50091|21|106|0191|Urbano|20
50020|Los Ángeles|Colonia|Toluca|México|Toluca de Lerdo|50091|15|50091|09|106|0193|Urbano|20
50020|Los Frailes|Fraccionamiento|Toluca|México|Toluca de Lerdo|50091|15|50091|21|106|0194|Urbano|20
50020|Rancho la Mora|Colonia|Toluca|México|Toluca de Lerdo|50091|15|50091|09|106|0195|Urbano|20
50020|Rinconada de la Mora|Fraccionamiento|Toluca|México|Toluca de Lerdo|50091|15|50091|21|106|0197|Urbano|20
50020|Santiago Miltepec|Pueblo|Toluca|México|Toluca de Lerdo|50091|15|50091|28|106|0199|Urbano|20
50020|3 Caminos|Colonia|Toluca|México|Toluca de Lerdo|50091|15|50091|09|106|0201|Urbano|20
50020|Valle de Santiago Residencial|Fraccionamiento|Toluca|México|Toluca de Lerdo|50091|15|50091|21|106|0203|Urbano|20
50026|Carlos Hank González|Colonia|Toluca|México|Toluca de Lerdo|50091|15|50091|09|106|0207|Urbano|20
50040|La Retama|Barrio|Toluca|México|Toluca de Lerdo|50091|15|50091|02|106|0216|Urbano|20
50040|La Teresona|Barrio|Toluca|México|Toluca de Lerdo|50091|15|50091|02|106|0217|Urbano|20
50040|Unión|Colonia|Toluca|México|Toluca de Lerdo|50091|15|50091|09|106|0218|Urbano|20
50040|San Luis Obispo|Barrio|Toluca|México|Toluca de Lerdo|50091|15|50091|02|106|0219|Urbano|20
50040|San Miguel Apinahuizco|Barrio|Toluca|México|Toluca de Lerdo|50091|15|50091|02|106|0220|Urbano|20
50040|Sector Popular|Colonia|Toluca|México|Toluca de Lerdo|50091|15|50091|09|106|0222|Urbano|20
50040|Sor Juana Inés de la Cruz|Colonia|Toluca|México|Toluca de Lerdo|50091|15|50091|09|106|0223|Urbano|20
50040|Electricistas Locales|Colonia|Toluca|México|Toluca de Lerdo|50091|15|50091|09|106|5700|Urbano|20
50050|El Cóporo|Barrio|Toluca|México|Toluca de Lerdo|50091|15|50091|02|106|0224|Urbano|20
50050|Santa Bárbara|Barrio|Toluca|México|Toluca de Lerdo|50091|15|50091|02|106|0227|Urbano|20
50050|Zopilocalco Sur|Barrio|Toluca|México|Toluca de Lerdo|50091|15|50091|02|106|0228|Urbano|20
50050|Zopilocalco Norte|Barrio|Toluca|México|Toluca de Lerdo|50091|15|50091|02|106|0229|Urbano|20
50060|Doctores|Colonia|Toluca|México|Toluca de Lerdo|50091|15|50091|09|106|0230|Urbano|20
50060|Lomas Altas|Fraccionamiento|Toluca|México|Toluca de Lerdo|50091|15|50091|21|106|0231|Urbano|20
50060|Niños Héroes (Pensiones)|Colonia|Toluca|México|Toluca de Lerdo|50091|15|50091|09|106|4703|Urbano|20
50060|San Juan Buenavista|Colonia|Toluca|México|Toluca de Lerdo|50091|15|50091|09|106|5533|Rural|20
50060|Huitzila|Barrio|Toluca|México|Toluca de Lerdo|50091|15|50091|02|106|7893|Urbano|20
50070|Independencia|Colonia|Toluca|México|Toluca de Lerdo|50091|15|50091|09|106|0236|Urbano|20
50070|Meteoro|Colonia|Toluca|México|Toluca de Lerdo|50091|15|50091|09|106|0237|Urbano|20
50070|Villas Fontana I|Fraccionamiento|Toluca|México|Toluca de Lerdo|50091|15|50091|21|106|5526|Urbano|20
50070|Villas Fontana II|Fraccionamiento|Toluca|México|Toluca de Lerdo|50091|15|50091|21|106|5527|Urbano|20
50070|Fidel Velázquez|Unidad habitacional|Toluca|México|Toluca de Lerdo|50091|15|50091|31|106|5543|Urbano|20
50070|Reforma y Ferrocarriles Nacionales|Colonia|Toluca|México|Toluca de Lerdo|50091|15|50091|09|106|7894|Rural|20
50071|Toluca|Zona industrial|Toluca|México|Toluca de Lerdo|50091|15|50091|37|106|0239|Urbano|20
50075|Las Torres|Fraccionamiento|Toluca|México|Toluca de Lerdo|50091|15|50091|21|106|0240|Urbano|20
50075|Científicos|Colonia|Toluca|México|Toluca de Lerdo|50091|15|50091|09|106|7895|Urbano|20
50080|La Merced  (Alameda)|Barrio|Toluca|México|Toluca de Lerdo|50091|15|50091|02|106|0242|Urbano|20
50080|San Bernardino|Barrio|Toluca|México|Toluca de Lerdo|50091|15|50091|02|106|0243|Urbano|20
50090|5 de Mayo|Colonia|Toluca|México|Toluca de Lerdo|50091|15|50091|09|106|0244|Urbano|20
50090|Santa Clara|Barrio|Toluca|México|Toluca de Lerdo|50091|15|50091|02|106|0248|Urbano|20
50100|Bosques de San Mateo|Colonia|Toluca|México|Toluca de Lerdo|50091|15|50091|09|106|0252|Urbano|20
50100|14 de Diciembre|Colonia|Toluca|México|Toluca de Lerdo|50091|15|50091|09|106|0253|Urbano|20
50100|El Trigo|Fraccionamiento|Toluca|México|Toluca de Lerdo|50091|15|50091|21|106|0255|Urbano|20
50100|La Joya|Colonia|Toluca|México|Toluca de Lerdo|50091|15|50091|09|106|0256|Urbano|20
50100|La Ribera I|Fraccionamiento|Toluca|México|Toluca de Lerdo|50091|15|50091|21|106|0257|Urbano|20
50100|La Ribera II|Fraccionamiento|Toluca|México|Toluca de Lerdo|50091|15|50091|21|106|0258|Urbano|20
50100|La Ribera III|Fraccionamiento|Toluca|México|Toluca de Lerdo|50091|15|50091|21|106|0259|Urbano|20
50100|Miguel Hidalgo (Corralitos)|Colonia|Toluca|México|Toluca de Lerdo|50091|15|50091|09|106|0261|Urbano|20
50100|Niños Héroes|Colonia|Toluca|México|Toluca de Lerdo|50091|15|50091|09|106|0262|Urbano|20
50100|Nueva Oxtotitlán|Colonia|Toluca|México|Toluca de Lerdo|50091|15|50091|09|106|0263|Urbano|20
50100|Parque de San Mateo|Fraccionamiento|Toluca|México|Toluca de Lerdo|50091|15|50091|21|106|0264|Urbano|20
50100|Parques Nacionales|Colonia|Toluca|México|Toluca de Lerdo|50091|15|50091|09|106|0265|Rural|20
50100|Protinbos|Colonia|Toluca|México|Toluca de Lerdo|50091|15|50091|09|106|0266|Urbano|20
50100|Rincón del Parque|Colonia|Toluca|México|Toluca de Lerdo|50091|15|50091|09|106|0267|Urbano|20
50100|San Mateo Oxtotitlán|Colonia|Toluca|México|Toluca de Lerdo|50091|15|50091|09|106|0269|Urbano|20
50100|Ex-Hacienda San Jorge|Fraccionamiento|Toluca|México|Toluca de Lerdo|50091|15|50091|21|106|5110|Urbano|20
50100|Tlayaca|Barrio|Toluca|México|Toluca de Lerdo|50091|15|50091|02|106|8358|Urbano|20
50100|Tlanepantla|Barrio|Toluca|México|Toluca de Lerdo|50091|15|50091|02|106|8359|Urbano|20
50100|Atotonilco|Barrio|Toluca|México|Toluca de Lerdo|50091|15|50091|02|106|8360|Urbano|20
50100|Lomas de San Mateo|Fraccionamiento|Toluca|México|Toluca de Lerdo|50091|15|50091|21|106|9526|Urbano|20
50110|Cultural|Colonia|Toluca|México|Toluca de Lerdo|50091|15|50091|09|106|0270|Urbano|20
50110|Del Deporte|Colonia|Toluca|México|Toluca de Lerdo|50091|15|50091|09|106|0271|Urbano|20
50110|Guadalupe San Buenaventura|Colonia|Toluca|México|Toluca de Lerdo|50091|15|50091|09|106|0272|Urbano|20
50110|Plazas de San Buenaventura|Fraccionamiento|Toluca|México|Toluca de Lerdo|50091|15|50091|21|106|0273|Urbano|20
50110|San Buenaventura|Colonia|Toluca|México|Toluca de Lerdo|50091|15|50091|09|106|0274|Urbano|20
50110|Vicente Guerrero|Colonia|Toluca|México|Toluca de Lerdo|50091|15|50091|09|106|0276|Urbano|20
50110|Villas de San Buenaventura|Fraccionamiento|Toluca|México|Toluca de Lerdo|50091|15|50091|21|106|0277|Urbano|20
50110|Real del Bosque|Fraccionamiento|Toluca|México|Toluca de Lerdo|50091|15|50091|21|106|5070|Urbano|20
50115|Loma Bonita|Colonia|Toluca|México|Toluca de Lerdo|50091|15|50091|09|106|8361|Urbano|20
50120|Ciprés|Colonia|Toluca|México|Toluca de Lerdo|50091|15|50091|09|106|0279|Urbano|20
50120|Federal (Adolfo López Mateos)|Colonia|Toluca|México|Toluca de Lerdo|50091|15|50091|09|106|0280|Urbano|20
50120|Granjas|Colonia|Toluca|México|Toluca de Lerdo|50091|15|50091|09|106|0281|Urbano|20
50120|Morelos 1a Sección|Colonia|Toluca|México|Toluca de Lerdo|50091|15|50091|09|106|0282|Urbano|20
50120|Morelos 2a Secc|Colonia|Toluca|México|Toluca de Lerdo|50091|15|50091|09|106|0283|Urbano|20
50120|Residencial Colón|Fraccionamiento|Toluca|México|Toluca de Lerdo|50091|15|50091|21|106|0284|Urbano|20
50120|Tollocan INFONAVIT|Fraccionamiento|Toluca|México|Toluca de Lerdo|50091|15|50091|21|106|0287|Urbano|20
50122|Zona Militar|Zona federal|Toluca|México|Toluca de Lerdo|50091|15|50091|34|106|0286|Urbano|20
50130|Altamirano|Colonia|Toluca|México|Toluca de Lerdo|50091|15|50091|09|106|0288|Urbano|20
50130|Américas|Colonia|Toluca|México|Toluca de Lerdo|50091|15|50091|09|106|0289|Urbano|20
50130|Cuauhtémoc|Colonia|Toluca|México|Toluca de Lerdo|50091|15|50091|09|106|0291|Urbano|20
50130|Francisco Murguía El Ranchito|Colonia|Toluca|México|Toluca de Lerdo|50091|15|50091|09|106|0293|Urbano|20
50130|Universidad|Colonia|Toluca|México|Toluca de Lerdo|50091|15|50091|09|106|0294|Urbano|20
50140|Nueva Santa María de las Rosas|Colonia|Toluca|México|Toluca de Lerdo|50091|15|50091|09|106|0300|Urbano|20
50140|Nueva Santa María|Colonia|Toluca|México|Toluca de Lerdo|50091|15|50091|09|106|0301|Urbano|20
50140|Santa María de las Rosas|Colonia|Toluca|México|Toluca de Lerdo|50091|15|50091|09|106|0302|Urbano|20
50140|Valle Don Camilo|Fraccionamiento|Toluca|México|Toluca de Lerdo|50091|15|50091|21|106|0304|Urbano|20
50140|Valle Verde|Colonia|Toluca|México|Toluca de Lerdo|50091|15|50091|09|106|0305|Urbano|20
50140|Villas Florencia|Fraccionamiento|Toluca|México|Toluca de Lerdo|50091|15|50091|21|106|0306|Urbano|20
50140|Terminal|Colonia|Toluca|México|Toluca de Lerdo|50091|15|50091|09|106|7892|Urbano|20
50150|San Sebastián|Barrio|Toluca|México|Toluca de Lerdo|50091|15|50091|02|106|0247|Urbano|20
50150|Izcalli IPIEM|Colonia|Toluca|México|Toluca de Lerdo|50091|15|50091|09|106|0311|Urbano|20
50150|Izcalli Toluca|Colonia|Toluca|México|Toluca de Lerdo|50091|15|50091|09|106|0312|Urbano|20
50150|Juan Beltrán|Conjunto habitacional|Toluca|México|Toluca de Lerdo|50091|15|50091|12|106|0313|Urbano|20
50150|Progreso|Colonia|Toluca|México|Toluca de Lerdo|50091|15|50091|09|106|0314|Urbano|20
50150|Salvador Sánchez Colín|Colonia|Toluca|México|Toluca de Lerdo|50091|15|50091|09|106|0315|Urbano|20
50150|Vértice|Fraccionamiento|Toluca|México|Toluca de Lerdo|50091|15|50091|21|106|0316|Urbano|20
50150|Comisión Federal de Electricidad|Colonia|Toluca|México|Toluca de Lerdo|50091|15|50091|09|106|5549|Urbano|20
50160|Santa Ana Tlapaltitlán|Colonia|Toluca|México|Toluca de Lerdo|52141|15|52141|09|106|0320|Urbano|20
50160|Villas de Santa Ana I|Fraccionamiento|Toluca|México|Toluca de Lerdo|52141|15|52141|21|106|0321|Urbano|20
50160|Villas de Santa Ana II|Fraccionamiento|Toluca|México|Toluca de Lerdo|52141|15|52141|21|106|0322|Urbano|20
50160|Villas de Santa Ana III|Fraccionamiento|Toluca|México|Toluca de Lerdo|52141|15|52141|21|106|0323|Urbano|20
50160|Villas de Santa Ana IV|Fraccionamiento|Toluca|México|Toluca de Lerdo|52141|15|52141|21|106|0324|Urbano|20
50160|Villas de Santa Ana V|Fraccionamiento|Toluca|México|Toluca de Lerdo|52141|15|52141|21|106|0325|Urbano|20
50160|Villas de Santa Ana VI|Fraccionamiento|Toluca|México|Toluca de Lerdo|52141|15|52141|21|106|0326|Urbano|20
50160|Villas de Santa Ana VII|Fraccionamiento|Toluca|México|Toluca de Lerdo|52141|15|52141|21|106|0327|Urbano|20
50160|Villas de Santa Ana|Fraccionamiento|Toluca|México|Toluca de Lerdo|52141|15|52141|21|106|5095|Urbano|20
50168|La Machincuepa|Fraccionamiento|Toluca|México|Toluca de Lerdo|50091|15|50091|21|106|0318|Urbano|20
50168|Santa María Zozoquilpan|Colonia|Toluca|México|Toluca de Lerdo|50091|15|50091|09|106|0328|Urbano|20
50170|Héroes del 5 de Mayo|Colonia|Toluca|México|Toluca de Lerdo|50091|15|50091|09|106|0329|Urbano|20
50170|Isidro Fabela 1a Sección|Colonia|Toluca|México|Toluca de Lerdo|50091|15|50091|09|106|0330|Urbano|20
50170|Las Haciendas|Fraccionamiento|Toluca|México|Toluca de Lerdo|50091|15|50091|21|106|0332|Urbano|20
50170|Ocho Cedros|Colonia|Toluca|México|Toluca de Lerdo|50091|15|50091|09|106|0333|Urbano|20
50170|El Seminario 1a Sección|Colonia|Toluca|México|Toluca de Lerdo|50091|15|50091|09|106|0335|Urbano|20
50170|El Seminario 2a Sección|Colonia|Toluca|México|Toluca de Lerdo|50091|15|50091|09|106|0336|Urbano|20
50170|El Seminario 3a Sección|Colonia|Toluca|México|Toluca de Lerdo|50091|15|50091|09|106|0337|Urbano|20
50170|El Seminario 4a Sección|Colonia|Toluca|México|Toluca de Lerdo|50091|15|50091|09|106|0338|Urbano|20
50170|El Seminario 5a Sección|Colonia|Toluca|México|Toluca de Lerdo|50091|15|50091|09|106|0339|Urbano|20
50170|Villa Hogar|Colonia|Toluca|México|Toluca de Lerdo|50091|15|50091|09|106|0340|Urbano|20
50170|Isidro Fabela 2a Sección|Colonia|Toluca|México|Toluca de Lerdo|50091|15|50091|09|106|5701|Urbano|20
50170|Ocho Cedros 2a Sección|Colonia|Toluca|México|Toluca de Lerdo|50091|15|50091|09|106|7842|Urbano|20
50180|San Fermín Residencial|Condominio|Toluca|México|Toluca de Lerdo|50091|15|50091|10|106|0019|Urbano|20
50180|Azteca|Colonia|Toluca|México|Toluca de Lerdo|50091|15|50091|09|106|0342|Urbano|20
50180|Bosques de Colón|Fraccionamiento|Toluca|México|Toluca de Lerdo|50091|15|50091|21|106|0343|Urbano|20
50180|Del Parque|Colonia|Toluca|México|Toluca de Lerdo|50091|15|50091|09|106|0344|Urbano|20
50180|Hermanos de la Vega|Colonia|Toluca|México|Toluca de Lerdo|50091|15|50091|09|106|0345|Urbano|20
50180|Lázaro Cárdenas|Colonia|Toluca|México|Toluca de Lerdo|50091|15|50091|09|106|0348|Urbano|20
50180|Ampliación Lázaro Cárdenas|Colonia|Toluca|México|Toluca de Lerdo|50091|15|50091|09|106|0349|Urbano|20
50180|Moderna de la Cruz|Colonia|Toluca|México|Toluca de Lerdo|50091|15|50091|09|106|0350|Urbano|20
50190|La Magdalena|Colonia|Toluca|México|Toluca de Lerdo|50091|15|50091|09|106|0167|Rural|20
50190|Benito Juárez|Colonia|Toluca|México|Toluca de Lerdo|50091|15|50091|09|106|0353|Urbano|20
50190|Emiliano Zapata|Colonia|Toluca|México|Toluca de Lerdo|50091|15|50091|09|106|0354|Urbano|20
50190|Eva Sámano de López Mateos|Colonia|Toluca|México|Toluca de Lerdo|50091|15|50091|09|106|0355|Urbano|20
50190|Unidad Victoria|Colonia|Toluca|México|Toluca de Lerdo|50091|15|50091|09|106|0356|Urbano|20
50200|San Cristóbal Huichochitlán|Pueblo|Toluca|México|null|50091|15|50091|28|106|0175|Urbano|null
50200|San Andrés Cuexcontitlán|Pueblo|Toluca|México|null|50091|15|50091|28|106|0365|Rural|null
50200|La Trinidad|Colonia|Toluca|México|null|50091|15|50091|09|106|5538|Urbano|null
50200|Barrio San Gabriel|Colonia|Toluca|México|null|50091|15|50091|09|106|5552|Urbano|null
50200|Armando Neyra Chavez|Colonia|Toluca|México|null|50091|15|50091|09|106|5554|Rural|null
50200|Natividad|Colonia|Toluca|México|null|50091|15|50091|09|106|8312|Urbano|null
50200|La Concepción|Colonia|Toluca|México|null|50091|15|50091|09|106|8314|Urbano|null
50200|Santa Rosa|Colonia|Toluca|México|null|50091|15|50091|09|106|8315|Urbano|null
50200|San José Guadalupe|Colonia|Toluca|México|null|50091|15|50091|09|106|8316|Urbano|null
50200|San Salvador|Colonia|Toluca|México|null|50091|15|50091|09|106|8317|Urbano|null
50200|Paseos del Pilar|Fraccionamiento|Toluca|México|null|50091|15|50091|21|106|8466|Urbano|null
50205|Jicaltepec Cuexcontitlán|Colonia|Toluca|México|null|50091|15|50091|09|106|0363|Urbano|null
50205|San Diego de los Padres Cuexcontitlán|Colonia|Toluca|México|null|50091|15|50091|09|106|0366|Rural|null
50205|San Diego de los Padres Otzacatipan|Ejido|Toluca|México|null|50091|15|50091|15|106|6979|Rural|null
50206|San Diego Linares|Pueblo|Toluca|México|null|50091|15|50091|28|106|0367|Rural|null
50206|La Loma Cuexcontitlán|Ejido|Toluca|México|null|50091|15|50091|15|106|6974|Rural|null
50209|Toluca (Lic. Adolfo López Mateos)|Aeropuerto|Toluca|México|null|50091|15|50091|01|106|0380|Rural|null
50210|Fuentes de San José|Fraccionamiento|Toluca|México|null|50091|15|50091|21|106|0011|Urbano|null
50210|Paseo Arboleda|Fraccionamiento|Toluca|México|null|50091|15|50091|21|106|0012|Urbano|null
50210|Áurea|Fraccionamiento|Toluca|México|null|50091|15|50091|21|106|0016|Urbano|null
50210|Los Sauces I|Fraccionamiento|Toluca|México|null|50091|15|50091|21|106|5115|Urbano|null
50210|Los Sauces II|Fraccionamiento|Toluca|México|null|50091|15|50091|21|106|5116|Urbano|null
50210|Los Sauces III|Fraccionamiento|Toluca|México|null|50091|15|50091|21|106|5117|Urbano|null
50210|Ex Hacienda San José|Fraccionamiento|Toluca|México|null|50091|15|50091|21|106|5484|Rural|null
50210|Santa Cruz Otzacatipan|Colonia|Toluca|México|null|50091|15|50091|09|106|5531|Urbano|null
50210|Los Sauces IV|Colonia|Toluca|México|null|50091|15|50091|09|106|5537|Urbano|null
50210|Los Sauces V|Fraccionamiento|Toluca|México|null|50091|15|50091|21|106|5698|Urbano|null
50210|Valle de la Hacienda|Fraccionamiento|Toluca|México|null|50091|15|50091|21|106|6467|Urbano|null
50210|Hacienda del Valle II|Fraccionamiento|Toluca|México|null|50091|15|50091|21|106|8262|Urbano|null
50210|Bosques de Cantabria|Fraccionamiento|Toluca|México|null|50091|15|50091|21|106|8267|Urbano|null
50210|La Magdalena Otzacatipan|Barrio|Toluca|México|null|50091|15|50091|02|106|8324|Urbano|null
50210|Villa Mane|Fraccionamiento|Toluca|México|null|50091|15|50091|21|106|8441|Urbano|null
50210|Hacienda del Valle I|Fraccionamiento|Toluca|México|null|50091|15|50091|21|106|8443|Urbano|null
50210|Valle de San José|Fraccionamiento|Toluca|México|null|50091|15|50091|21|106|8946|Urbano|null
50214|Villas Santín|Fraccionamiento|Toluca|México|null|50091|15|50091|21|106|5123|Urbano|null
50214|Balcones Santín|Fraccionamiento|Toluca|México|null|50091|15|50091|21|106|8444|Urbano|null
50214|Paseos Santín|Fraccionamiento|Toluca|México|null|50091|15|50091|21|106|8445|Urbano|null
50220|San Mateo Otzacatipan|Pueblo|Toluca|México|null|50091|15|50091|28|106|0371|Urbano|null
50220|Villa Tulipanes|Fraccionamiento|Toluca|México|null|50091|15|50091|21|106|8325|Urbano|null
50220|Villas de San Mateo|Fraccionamiento|Toluca|México|null|50091|15|50091|21|106|8439|Urbano|null
50220|De Canaleja|Barrio|Toluca|México|null|50091|15|50091|02|106|8442|Urbano|null
50223|Parque industrial Exportec II|Zona industrial|Toluca|México|null|50091|15|50091|37|106|6551|Urbano|null
50223|Parque industrial Exportec I|Zona industrial|Toluca|México|null|50091|15|50091|37|106|6552|Rural|null
50225|San Miguel Totoltepec|Pueblo|Toluca|México|null|50091|15|50091|28|106|0372|Urbano|null
50225|Geovillas Centenario|Fraccionamiento|Toluca|México|null|50091|15|50091|21|106|5556|Urbano|null
50225|Nueva San Francisco|Colonia|Toluca|México|null|50091|15|50091|09|106|5688|Rural|null
50225|Bordo de las Canastas|Fraccionamiento|Toluca|México|null|50091|15|50091|21|106|8263|Urbano|null
50226|Francisco I. Madero|Colonia|Toluca|México|null|50091|15|50091|09|106|0014|Urbano|null
50226|San Pedro Totoltepec|Pueblo|Toluca|México|null|50091|15|50091|28|106|0375|Urbano|null
50226|Hacienda La Galia|Fraccionamiento|Toluca|México|null|50091|15|50091|21|106|5699|Urbano|null
50226|Sor Juana Inés de la Cruz|Fraccionamiento|Toluca|México|null|50091|15|50091|21|106|8446|Urbano|null
50226|San Antonio Abad|Colonia|Toluca|México|null|50091|15|50091|09|106|8448|Urbano|null
50226|La Alameda|Condominio|Toluca|México|null|50091|15|50091|10|106|8454|Urbano|null
50227|La Floresta|Fraccionamiento|Toluca|México|null|50091|15|50091|21|106|0181|Urbano|null
50227|Misiones de Santa Esperanza|Colonia|Toluca|México|null|50091|15|50091|09|106|0183|Urbano|null
50227|Geovillas de San Mateo|Fraccionamiento|Toluca|México|null|50091|15|50091|21|106|6361|Urbano|null
50227|Rinconadas del Pilar|Fraccionamiento|Toluca|México|null|50091|15|50091|21|106|8261|Urbano|null
50227|Paseos de Toluca|Fraccionamiento|Toluca|México|null|50091|15|50091|21|106|8280|Urbano|null
50227|Villas de Santa Mónica|Fraccionamiento|Toluca|México|null|50091|15|50091|21|106|8437|Urbano|null
50228|La Perla|Condominio|Toluca|México|null|50091|15|50091|10|106|0010|Urbano|null
50228|Crespa Town|Fraccionamiento|Toluca|México|null|50091|15|50091|21|106|0015|Urbano|null
50228|Geovillas de la Independencia|Unidad habitacional|Toluca|México|null|50091|15|50091|31|106|5690|Urbano|null
50228|Arboleda IV|Fraccionamiento|Toluca|México|null|50091|15|50091|21|106|5696|Urbano|null
50228|Arboleda|Fraccionamiento|Toluca|México|null|50091|15|50091|21|106|5697|Urbano|null
50228|Geovillas los Cedros|Unidad habitacional|Toluca|México|null|50091|15|50091|31|106|6303|Urbano|null
50228|Las Fuentes|Condominio|Toluca|México|null|50091|15|50091|10|106|8432|Urbano|null
50228|Villa de San Andrés|Fraccionamiento|Toluca|México|null|50091|15|50091|21|106|8433|Urbano|null
50228|Los Sabinos|Fraccionamiento|Toluca|México|null|50091|15|50091|21|106|8434|Urbano|null
50228|Geovillas de la Independencia II|Unidad habitacional|Toluca|México|null|50091|15|50091|31|106|8436|Urbano|null
50228|La Crespa|Barrio|Toluca|México|null|50091|15|50091|02|106|8438|Urbano|null
50228|Arboleda V|Fraccionamiento|Toluca|México|null|50091|15|50091|21|106|8461|Urbano|null
50228|Fuentes de la Independencia|Unidad habitacional|Toluca|México|null|50091|15|50091|31|106|8470|Urbano|null
50228|Las Fuentes del Ordal|Fraccionamiento|Toluca|México|null|50091|15|50091|21|106|8947|Urbano|null
50230|Las Misiones|Fraccionamiento|Toluca|México|null|50091|15|50091|21|106|0003|Urbano|null
50230|Villa Toscana|Fraccionamiento|Toluca|México|null|50091|15|50091|21|106|0004|Rural|null
50230|Francisco Villa|Colonia|Toluca|México|null|50091|15|50091|09|106|0013|Rural|null
50230|San José Guadalupe Otzacatipan|Pueblo|Toluca|México|null|50091|15|50091|28|106|0362|Rural|null
50230|San Nicolás Tolentino|Pueblo|Toluca|México|null|50091|15|50091|28|106|0373|Urbano|null
50230|San Blas Totoltepec|Colonia|Toluca|México|null|50091|15|50091|09|106|8472|Urbano|null
50230|San Blas Otzacatipan|Colonia|Toluca|México|null|50091|15|50091|09|106|8473|Rural|null
50233|Parque industrial Toluca 2000|Zona industrial|Toluca|México|null|50091|15|50091|37|106|6553|Rural|null
50233|Parque industrial Vesta|Zona industrial|Toluca|México|null|50091|15|50091|37|106|8779|Rural|null
50235|San Francisco Totoltepec|Pueblo|Toluca|México|null|50091|15|50091|28|106|0368|Rural|null
50235|El Cerrillo Vista Hermosa|Colonia|Toluca|México|null|50091|15|50091|09|106|5550|Urbano|null
50235|Guadalupe Totoltepec|Barrio|Toluca|México|null|50091|15|50091|02|106|6973|Urbano|null
50235|San Francisco|Colonia|Toluca|México|null|50091|15|50091|09|106|8459|Urbano|null
50236|La Constitución Totoltepec|Colonia|Toluca|México|null|50091|15|50091|09|106|0364|Rural|null
50236|Arroyo Vista Hermosa|Colonia|Toluca|México|null|50091|15|50091|09|106|0379|Rural|null
50240|El Carmen Totoltepec|Colonia|Toluca|México|null|50091|15|50091|09|106|5107|Urbano|null
50240|El Olimpo|Fraccionamiento|Toluca|México|null|50091|15|50091|21|106|5109|Urbano|null
50240|Prados de Tollocan|Fraccionamiento|Toluca|México|null|50091|15|50091|21|106|5120|Urbano|null
50240|Los Ahuehuetes|Fraccionamiento|Toluca|México|null|50091|15|50091|21|106|7046|Urbano|null
50245|Santa María Totoltepec|Pueblo|Toluca|México|null|50091|15|50091|28|106|0376|Urbano|null
50245|Villas Santa María (Galaxia)|Fraccionamiento|Toluca|México|null|50091|15|50091|21|106|5528|Urbano|null
50245|Jesús García Lovera "El Pilar"|Colonia|Toluca|México|null|50091|15|50091|09|106|5539|Urbano|null
50245|La Arboleda II|Fraccionamiento|Toluca|México|null|50091|15|50091|21|106|5555|Urbano|null
50245|Campo Real|Unidad habitacional|Toluca|México|null|50091|15|50091|31|106|5689|Urbano|null
50245|Los Héroes I|Fraccionamiento|Toluca|México|null|50091|15|50091|21|106|5692|Urbano|null
50245|La Arboleda III|Fraccionamiento|Toluca|México|null|50091|15|50091|21|106|5695|Urbano|null
50245|María Bonita|Fraccionamiento|Toluca|México|null|50091|15|50091|21|106|8286|Urbano|null
50245|Campo Real I|Fraccionamiento|Toluca|México|null|50091|15|50091|21|106|8449|Urbano|null
50245|Campo Real II|Fraccionamiento|Toluca|México|null|50091|15|50091|21|106|8450|Urbano|null
50245|Campo Real III|Unidad habitacional|Toluca|México|null|50091|15|50091|31|106|8451|Urbano|null
50245|Las Bugambilias|Unidad habitacional|Toluca|México|null|50091|15|50091|31|106|8452|Urbano|null
50245|Residencial la Joya|Unidad habitacional|Toluca|México|null|50091|15|50091|31|106|8453|Urbano|null
50246|El Coecillo|Colonia|Toluca|México|null|50091|15|50091|09|106|5548|Urbano|null
50246|Los Héroes III|Fraccionamiento|Toluca|México|null|50091|15|50091|21|106|5693|Urbano|null
50246|Los Héroes II|Fraccionamiento|Toluca|México|null|50091|15|50091|21|106|5694|Urbano|null
50250|Las Palomas|Fraccionamiento|Toluca|México|null|50091|15|50091|21|106|0391|Rural|null
50250|San Felipe Tlalmimilolpan|Pueblo|Toluca|México|null|50091|15|50091|28|106|0392|Rural|null
50250|Santa Juanita|Ejido|Toluca|México|null|50091|15|50091|15|106|6981|Urbano|null
50250|La Curva|Colonia|Toluca|México|null|50091|15|50091|09|106|7047|Urbano|null
50250|La Cañada|Colonia|Toluca|México|null|50091|15|50091|09|106|7048|Rural|null
50250|Las Margaritas|Fraccionamiento|Toluca|México|null|50091|15|50091|21|106|7843|Urbano|null
50250|Rancho de Maya|Colonia|Toluca|México|null|50091|15|50091|09|106|7844|Urbano|null
50250|La Loma Residencial|Fraccionamiento|Toluca|México|null|50091|15|50091|21|106|8054|Urbano|null
50253|Jardines de San Pedro|Colonia|Toluca|México|null|50091|15|50091|09|106|8388|Urbano|null
50253|Dos Ríos|Colonia|Toluca|México|null|50091|15|50091|09|106|8389|Rural|null
50253|Los Álamos|Colonia|Toluca|México|null|50091|15|50091|09|106|8390|Urbano|null
50253|El Calvario|Colonia|Toluca|México|null|50091|15|50091|09|106|8391|Urbano|null
50254|Del Panteón|Barrio|Toluca|México|null|50091|15|50091|02|106|8392|Urbano|null
50254|Loma Bonita|Colonia|Toluca|México|null|50091|15|50091|09|106|8393|Urbano|null
50254|Tlala|Colonia|Toluca|México|null|50091|15|50091|09|106|8394|Rural|null
50254|La Venta|Barrio|Toluca|México|null|50091|15|50091|02|106|8395|Rural|null
50254|El Mogote|Barrio|Toluca|México|null|50091|15|50091|02|106|8396|Urbano|null
50254|El Frontón|Colonia|Toluca|México|null|50091|15|50091|09|106|8397|Urbano|null
50254|El Mirador|Barrio|Toluca|México|null|50091|15|50091|02|106|8398|Urbano|null
50254|Balcones de San Felipe|Fraccionamiento|Toluca|México|null|50091|15|50091|21|106|8489|Urbano|null
50255|El Refugio|Colonia|Toluca|México|null|50091|15|50091|09|106|0389|Rural|null
50255|Santiago Tlacotepec|Colonia|Toluca|México|null|50091|15|50091|09|106|0393|Urbano|null
50255|San Juan Tilapa Centro|Colonia|Toluca|México|null|50091|15|50091|09|106|0394|Urbano|null
50255|El Durazno|Colonia|Toluca|México|null|50091|15|50091|09|106|6990|Rural|null
50255|Vista Hermosa|Colonia|Toluca|México|null|50091|15|50091|09|106|7049|Urbano|null
50255|Cristo Rey|Colonia|Toluca|México|null|50091|15|50091|09|106|8270|Urbano|null
50255|Linda Vista|Colonia|Toluca|México|null|50091|15|50091|09|106|8401|Urbano|null
50255|Paraje Tlalmimilolpan|Colonia|Toluca|México|null|50091|15|50091|09|106|8402|Urbano|null
50255|Loma Bonita|Colonia|Toluca|México|null|50091|15|50091|09|106|8403|Urbano|null
50255|Los Pajaritos|Colonia|Toluca|México|null|50091|15|50091|09|106|8404|Urbano|null
50255|Santiago Tlacotepec Centro|Colonia|Toluca|México|null|50091|15|50091|09|106|8405|Urbano|null
50255|El Mirador|Colonia|Toluca|México|null|50091|15|50091|09|106|8406|Urbano|null
50255|Santa María|Colonia|Toluca|México|null|50091|15|50091|09|106|8407|Urbano|null
50255|Guadalupe|Colonia|Toluca|México|null|50091|15|50091|09|106|8408|Rural|null
50256|Las Palmas|Colonia|Toluca|México|null|50091|15|50091|09|106|8409|Urbano|null
50256|Agua Bendita|Colonia|Toluca|México|null|50091|15|50091|09|106|8410|Urbano|null
50256|Las Barranquitas|Colonia|Toluca|México|null|50091|15|50091|09|106|8411|Urbano|null
50256|El Canal|Colonia|Toluca|México|null|50091|15|50091|09|106|8412|Urbano|null
50256|El Calvario|Colonia|Toluca|México|null|50091|15|50091|09|106|8413|Urbano|null
50257|La Joya|Barrio|Toluca|México|null|50091|15|50091|02|106|8399|Urbano|null
50257|La Joya|Colonia|Toluca|México|null|50091|15|50091|09|106|8414|Rural|null
50257|El Cruzado|Colonia|Toluca|México|null|50091|15|50091|09|106|8415|Urbano|null
50257|Benito Juárez|Colonia|Toluca|México|null|50091|15|50091|09|106|8416|Urbano|null
50257|Tollocan|Colonia|Toluca|México|null|50091|15|50091|09|106|8417|Urbano|null
50257|La Joya de Ignacio Esquivel|Colonia|Toluca|México|null|50091|15|50091|09|106|8418|Urbano|null
50257|Apilulco|Colonia|Toluca|México|null|50091|15|50091|09|106|8419|Urbano|null
50257|Loma Bonita|Colonia|Toluca|México|null|50091|15|50091|09|106|8420|Urbano|null
50258|Acuxtitla|Colonia|Toluca|México|null|50091|15|50091|09|106|8421|Rural|null
50258|El Chamizal|Colonia|Toluca|México|null|50091|15|50091|09|106|8422|Urbano|null
50258|El Mostrante|Colonia|Toluca|México|null|50091|15|50091|09|106|8425|Urbano|null
50258|La Cruz|Colonia|Toluca|México|null|50091|15|50091|09|106|8426|Urbano|null
50258|Puxinco|Colonia|Toluca|México|null|50091|15|50091|09|106|8427|Urbano|null
50258|El Rosario|Colonia|Toluca|México|null|50091|15|50091|09|106|8428|Rural|null
50258|Guadalupe|Colonia|Toluca|México|null|50091|15|50091|09|106|8429|Urbano|null
50258|Rancho Buenavista|Colonia|Toluca|México|null|50091|15|50091|09|106|8430|Rural|null
50258|Paraje el Ocote|Colonia|Toluca|México|null|50091|15|50091|09|106|8431|Rural|null
50260|Atenea|Fraccionamiento|Toluca|México|null|50091|15|50091|21|106|0007|Urbano|null
50260|Miramonte|Fraccionamiento|Toluca|México|null|50091|15|50091|21|106|0008|Urbano|null
50260|La Rivera|Fraccionamiento|Toluca|México|null|50091|15|50091|21|106|0009|Urbano|null
50260|Victoria Residencial|Condominio|Toluca|México|null|50091|15|50091|10|106|0017|Urbano|null
50260|Paseos del Valle|Fraccionamiento|Toluca|México|null|50091|15|50091|21|106|5118|Urbano|null
50260|El Pacífico|Colonia|Toluca|México|null|50091|15|50091|09|106|6976|Urbano|null
50260|Capultitlán Centro|Colonia|Toluca|México|null|50091|15|50091|09|106|8423|Urbano|null
50260|Villas Fontana|Fraccionamiento|Toluca|México|null|50091|15|50091|21|106|8456|Urbano|null
50260|Villas Santa Esther|Fraccionamiento|Toluca|México|null|50091|15|50091|21|106|8457|Urbano|null
50260|Alejandría|Fraccionamiento|Toluca|México|null|50091|15|50091|21|106|8458|Urbano|null
50263|Los Pinos|Colonia|Toluca|México|null|50091|15|50091|09|106|8374|Urbano|null
50263|San Juan Apóstol|Barrio|Toluca|México|null|50091|15|50091|02|106|8375|Urbano|null
50263|De Cristo Rey|Barrio|Toluca|México|null|50091|15|50091|02|106|8376|Urbano|null
50263|De la Cruz|Barrio|Toluca|México|null|50091|15|50091|02|106|8377|Urbano|null
50263|La Virgen de Guadalupe|Barrio|Toluca|México|null|50091|15|50091|02|106|8378|Urbano|null
50263|San Isidro Labrador|Barrio|Toluca|México|null|50091|15|50091|02|106|8379|Urbano|null
50263|Del Espíritu Santo|Barrio|Toluca|México|null|50091|15|50091|02|106|8380|Urbano|null
50263|La Santísima Trinidad|Colonia|Toluca|México|null|50091|15|50091|09|106|8381|Urbano|null
50264|La Soledad|Barrio|Toluca|México|null|50091|15|50091|02|106|0006|Rural|null
50264|San José|Barrio|Toluca|México|null|50091|15|50091|02|106|8382|Urbano|null
50264|San Felipe de Jesús|Barrio|Toluca|México|null|50091|15|50091|02|106|8383|Urbano|null
50264|San Judas Tadeo|Colonia|Toluca|México|null|50091|15|50091|09|106|8384|Rural|null
50264|Las Palmas|Colonia|Toluca|México|null|50091|15|50091|09|106|8385|Rural|null
50264|San Pablo|Colonia|Toluca|México|null|50091|15|50091|09|106|8386|Urbano|null
50265|San Miguel Zacango|Colonia|Toluca|México|null|50091|15|50091|09|106|5532|Rural|null
50265|Villas Santa Isabel|Fraccionamiento|Toluca|México|null|50091|15|50091|21|106|5534|Urbano|null
50265|Del Panteón|Barrio|Toluca|México|null|50091|15|50091|02|106|8362|Urbano|null
50265|Guadalupe|Colonia|Toluca|México|null|50091|15|50091|09|106|8363|Urbano|null
50265|Sixto Noguez|Colonia|Toluca|México|null|50091|15|50091|09|106|8364|Urbano|null
50265|La Loma|Colonia|Toluca|México|null|50091|15|50091|09|106|8365|Urbano|null
50265|Cacalomacán Centro|Colonia|Toluca|México|null|50091|15|50091|09|106|8366|Urbano|null
50265|La Palma|Colonia|Toluca|México|null|50091|15|50091|09|106|8367|Urbano|null
50265|La Capilla|Colonia|Toluca|México|null|50091|15|50091|09|106|8368|Urbano|null
50265|Sagrado Corazón de Jesús|Colonia|Toluca|México|null|50091|15|50091|09|106|8369|Urbano|null
50265|Tierra Coloradas|Colonia|Toluca|México|null|50091|15|50091|09|106|8370|Urbano|null
50265|San Pedro|Colonia|Toluca|México|null|50091|15|50091|09|106|8371|Urbano|null
50265|El Chorrito|Colonia|Toluca|México|null|50091|15|50091|09|106|8372|Urbano|null
50265|Del Campo|Colonia|Toluca|México|null|50091|15|50091|09|106|8373|Urbano|null
50265|Las Palomas|Colonia|Toluca|México|null|50091|15|50091|09|106|8467|Urbano|null
50265|Sor Juana Inés de la Cruz|Colonia|Toluca|México|null|50091|15|50091|09|106|8468|Urbano|null
50266|San Antonio Buenavista|Pueblo|Toluca|México|null|50091|15|50091|28|106|0388|Rural|null
50270|Tecaxic|Pueblo|Toluca|México|null|50091|15|50091|28|106|0377|Rural|null
50270|Tepetongo|Barrio|Toluca|México|null|50091|15|50091|02|106|8143|Rural|null
50270|San Pablo|Colonia|Toluca|México|null|50091|15|50091|09|106|8318|Rural|null
50270|Buenavista|Barrio|Toluca|México|null|50091|15|50091|02|106|8319|Urbano|null
50270|Tlalnepantla|Barrio|Toluca|México|null|50091|15|50091|02|106|8321|Rural|null
50270|El Pedregal|Barrio|Toluca|México|null|50091|15|50091|02|106|8323|Rural|null
50274|Pueblo Nuevo (Serratón)|Colonia|Toluca|México|null|50091|15|50091|09|106|8322|Rural|null
50280|San Marcos Yachihuacaltepec|Pueblo|Toluca|México|null|50091|15|50091|28|106|0018|Urbano|null
50280|Los Uribe|Barrio|Toluca|México|null|50091|15|50091|02|106|0020|Urbano|null
50280|Santiago Tlaxomulco Centro|Colonia|Toluca|México|null|50091|15|50091|09|106|0209|Urbano|null
50280|Calixtlahuaca|Pueblo|Toluca|México|null|50091|15|50091|28|106|0360|Rural|null
50280|Junta Local de Caminos|Fraccionamiento|Toluca|México|null|50091|15|50091|21|106|7845|Urbano|null
50280|El Tepetate|Colonia|Toluca|México|null|50091|15|50091|09|106|8326|Urbano|null
50280|El Calvario|Colonia|Toluca|México|null|50091|15|50091|09|106|8327|Urbano|null
50280|La Peña|Colonia|Toluca|México|null|50091|15|50091|09|106|8328|Urbano|null
50283|El Pozo Blanco|Barrio|Toluca|México|null|50091|15|50091|02|106|8336|Urbano|null
50283|La Pena|Barrio|Toluca|México|null|50091|15|50091|02|106|8337|Urbano|null
50283|Los Cipreses|Barrio|Toluca|México|null|50091|15|50091|02|106|8338|Urbano|null
50284|Los Pocitos|Colonia|Toluca|México|null|50091|15|50091|09|106|8339|Urbano|null
50284|El Calvario|Colonia|Toluca|México|null|50091|15|50091|09|106|8340|Urbano|null
50284|Tenojo|Colonia|Toluca|México|null|50091|15|50091|09|106|8341|Urbano|null
50285|Las Bugambilias|Unidad habitacional|Toluca|México|null|50091|15|50091|31|106|0001|Rural|null
50285|San Martín Toltepec|Pueblo|Toluca|México|null|50091|15|50091|28|106|0370|Rural|null
50285|La Palma Toltepec|Barrio|Toluca|México|null|50091|15|50091|02|106|0384|Rural|null
50285|Palmillas|Barrio|Toluca|México|null|50091|15|50091|02|106|0385|Rural|null
50285|Ojo de Agua|Colonia|Toluca|México|null|50091|15|50091|09|106|5536|Rural|null
50285|Zimbrones|Barrio|Toluca|México|null|50091|15|50091|02|106|7050|Rural|null
50285|2 de Marzo|Colonia|Toluca|México|null|50091|15|50091|09|106|7051|Urbano|null
50285|San Marcos Yachihuacaltepec|Ejido|Toluca|México|null|50091|15|50091|15|106|8307|Urbano|null
50285|Lázaro Cárdenas|Colonia|Toluca|México|null|50091|15|50091|09|106|8308|Urbano|null
50285|San Isidro|Ranchería|Toluca|México|null|50091|15|50091|29|106|8310|Rural|null
50285|Paseos San Martín|Conjunto habitacional|Toluca|México|null|50091|15|50091|12|106|9095|Rural|null
50285|Almoloya de Juárez|Ejido|Toluca|México|null|50091|15|50091|15|106|9641|Rural|null
50290|Ejido Santa Cruz Atzcapotzaltongo|Colonia|Toluca|México|null|50091|15|50091|09|106|0208|Rural|null
50290|La Vega|Fraccionamiento|Toluca|México|null|50091|15|50091|21|106|0210|Urbano|null
50290|San Pablo Autopan|Pueblo|Toluca|México|null|50091|15|50091|28|106|0374|Urbano|null
50290|Jicaltepec Autopan|Barrio|Toluca|México|null|50091|15|50091|02|106|6984|Urbano|null
50290|Bordo Nuevo|Ejido|Toluca|México|null|50091|15|50091|15|106|6987|Rural|null
50290|El Cerro del Perico|Ejido|Toluca|México|null|50091|15|50091|15|106|6988|Rural|null
50290|De Jesús 1da. Sección|Barrio|Toluca|México|null|50091|15|50091|02|106|8268|Rural|null
50290|De Jesús 2da. Sección|Barrio|Toluca|México|null|50091|15|50091|02|106|8335|Rural|null
50290|Del Pozo|Barrio|Toluca|México|null|50091|15|50091|02|106|8342|Urbano|null
50290|El Cerrito|Colonia|Toluca|México|null|50091|15|50091|09|106|8344|Urbano|null
50290|Tejocote|Colonia|Toluca|México|null|50091|15|50091|09|106|8345|Urbano|null
50290|Alcaltunco|Colonia|Toluca|México|null|50091|15|50091|09|106|8346|Urbano|null
50290|Tanamato|Colonia|Toluca|México|null|50091|15|50091|09|106|8347|Urbano|null
50290|Chupascliya|Colonia|Toluca|México|null|50091|15|50091|09|106|8348|Urbano|null
50290|Chichipicas|Colonia|Toluca|México|null|50091|15|50091|09|106|8349|Urbano|null
50290|Santa Cruz Atzcapotzaltongo|Colonia|Toluca|México|null|50091|15|50091|09|106|8350|Urbano|null
50290|La Granja|Barrio|Toluca|México|null|50091|15|50091|02|106|8465|Urbano|null
50293|Parque industrial Toluca|Zona industrial|Toluca|México|null|50091|15|50091|37|106|6555|Urbano|null
50294|De Jesús 3a. Sección|Barrio|Toluca|México|null|50091|15|50091|02|106|8329|Urbano|null
50294|De Santa Cruz|Barrio|Toluca|México|null|50091|15|50091|02|106|8330|Urbano|null
50294|De Pueblo Nuevo|Barrio|Toluca|México|null|50091|15|50091|02|106|8331|Urbano|null
50294|De Santa María|Barrio|Toluca|México|null|50091|15|50091|02|106|8332|Urbano|null
50294|Tlachaloya|Colonia|Toluca|México|null|50091|15|50091|09|106|8333|Urbano|null
50294|Villas los Ángeles|Unidad habitacional|Toluca|México|null|50091|15|50091|31|106|8471|Urbano|null
50295|Parque Industrial San Cayetano|Zona industrial|Toluca|México|null|50091|15|50091|37|106|0005|Rural|null
50295|San Cayetano Morelos|Pueblo|Toluca|México|null|50091|15|50091|28|106|0381|Rural|null
50295|Tlachaloya|Pueblo|Toluca|México|null|50091|15|50091|28|106|0383|Urbano|null
50295|San Carlos|Barrio|Toluca|México|null|50091|15|50091|02|106|6977|Rural|null
50295|San Carlos Autopan|Colonia|Toluca|México|null|50091|15|50091|09|106|6978|Rural|null
50295|San José la Costa|Ejido|Toluca|México|null|50091|15|50091|15|106|6980|Rural|null
50295|Sebastián Lerdo de Tejada|Colonia|Toluca|México|null|50091|15|50091|09|106|6982|Rural|null
50295|Tlachaloya 2a Sección Centro|Colonia|Toluca|México|null|50091|15|50091|09|106|6983|Urbano|null
50295|Aviación Autopan|Colonia|Toluca|México|null|50091|15|50091|09|106|6985|Rural|null
50295|Balbuena|Barrio|Toluca|México|null|50091|15|50091|02|106|6986|Rural|null
50295|San Diego|Fraccionamiento|Toluca|México|null|50091|15|50091|21|106|7053|Rural|null
50295|Real de San Pablo|Fraccionamiento|Toluca|México|null|50091|15|50091|21|106|7054|Urbano|null
50295|Galaxia Toluca|Fraccionamiento|Toluca|México|null|50091|15|50091|21|106|7055|Urbano|null
50295|Cerrillo Piedras Blancas|Colonia|Toluca|México|null|50091|15|50091|09|106|8290|Rural|null
50295|Las Jaras San Nicolás|Colonia|Toluca|México|null|50091|15|50091|09|106|8301|Urbano|null
50295|La Trinidad|Colonia|Toluca|México|null|50091|15|50091|09|106|8302|Urbano|null
50295|Julián Escalante|Colonia|Toluca|México|null|50091|15|50091|09|106|8303|Urbano|null
50295|Del Tejocote|Barrio|Toluca|México|null|50091|15|50091|02|106|8304|Urbano|null
50295|San Mateo|Colonia|Toluca|México|null|50091|15|50091|09|106|8305|Urbano|null
50295|San José Buenavista|Barrio|Toluca|México|null|50091|15|50091|02|106|8306|Rural|null
50295|Xicaltepec|Ejido|Toluca|México|null|50091|15|50091|15|106|8311|Rural|null
50300|Villa de Acambay de Ruíz Castañeda Centro|Colonia|Acambay de Ruíz Castañeda|México|null|50301|15|50301|09|001|0395|Urbano|null
50300|El Triángulo|Colonia|Acambay de Ruíz Castañeda|México|null|50301|15|50301|09|001|8231|Urbano|null
50300|Peñasco de Dios|Colonia|Acambay de Ruíz Castañeda|México|null|50301|15|50301|09|001|8685|Urbano|null
50303|Endeje|Pueblo|Acambay de Ruíz Castañeda|México|null|50301|15|50301|28|001|0413|Rural|null
50303|Manuel Hinojosa|Fraccionamiento|Acambay de Ruíz Castañeda|México|null|50301|15|50301|21|001|5221|Rural|null
50303|Constituyentes|Colonia|Acambay de Ruíz Castañeda|México|null|50301|15|50301|09|001|8679|Urbano|null
50304|Peñascos Residencial|Fraccionamiento|Acambay de Ruíz Castañeda|México|null|50301|15|50301|21|001|0006|Urbano|null
50304|Loma Alta|Colonia|Acambay de Ruíz Castañeda|México|null|50301|15|50301|09|001|0007|Urbano|null
50304|Reforma|Colonia|Acambay de Ruíz Castañeda|México|null|50301|15|50301|09|001|0008|Urbano|null
50304|Los Pinos|Colonia|Acambay de Ruíz Castañeda|México|null|50301|15|50301|09|001|8683|Urbano|null
50305|Independencia|Colonia|Acambay de Ruíz Castañeda|México|null|50301|15|50301|09|001|8681|Urbano|null
50305|La Camelia|Colonia|Acambay de Ruíz Castañeda|México|null|50301|15|50301|09|001|8682|Urbano|null
50305|Niños Héroes|Colonia|Acambay de Ruíz Castañeda|México|null|50301|15|50301|09|001|8684|Urbano|null
50306|El Nogal|Colonia|Acambay de Ruíz Castañeda|México|null|50301|15|50301|09|001|8680|Urbano|null
50306|Revolución|Colonia|Acambay de Ruíz Castañeda|México|null|50301|15|50301|09|001|8686|Rural|null
50306|Valle de los Espejos|Colonia|Acambay de Ruíz Castañeda|México|null|50301|15|50301|09|001|8687|Urbano|null
50310|Esdoca Barrio I|Barrio|Acambay de Ruíz Castañeda|México|null|50301|15|50301|02|001|0004|Rural|null
50310|Esdoca (Esdoca Centro)|Pueblo|Acambay de Ruíz Castañeda|México|null|50301|15|50301|28|001|0414|Rural|null
50310|Botidí|Colonia|Acambay de Ruíz Castañeda|México|null|50301|15|50301|09|001|0415|Rural|null
50310|Dongu Barrio Dos|Barrio|Acambay de Ruíz Castañeda|México|null|50301|15|50301|02|001|6597|Rural|null
50310|La Cumbre|Ranchería|Acambay de Ruíz Castañeda|México|null|50301|15|50301|29|001|8671|Rural|null
50313|Dateje|Pueblo|Acambay de Ruíz Castañeda|México|null|50301|15|50301|28|001|0396|Rural|null
50313|Ganzda|Pueblo|Acambay de Ruíz Castañeda|México|null|50301|15|50301|28|001|0399|Rural|null
50313|Loma Linda|Pueblo|Acambay de Ruíz Castañeda|México|null|50301|15|50301|28|001|0417|Rural|null
50313|Hacienda Toto|Pueblo|Acambay de Ruíz Castañeda|México|null|50301|15|50301|28|001|0420|Rural|null
50314|Barrancas|Pueblo|Acambay de Ruíz Castañeda|México|null|50301|15|50301|28|001|0418|Rural|null
50314|Buenavista|Pueblo|Acambay de Ruíz Castañeda|México|null|50301|15|50301|28|001|0419|Rural|null
50314|Bovini|Pueblo|Acambay de Ruíz Castañeda|México|null|50301|15|50301|28|001|0421|Rural|null
50314|La Huerta|Pueblo|Acambay de Ruíz Castañeda|México|null|50301|15|50301|28|001|0463|Rural|null
50314|Las Golondrinas|Pueblo|Acambay de Ruíz Castañeda|México|null|50301|15|50301|28|001|0464|Rural|null
50314|Las Pomas Ejido de Dateje|Ranchería|Acambay de Ruíz Castañeda|México|null|50301|15|50301|29|001|8675|Rural|null
50315|Las Arenas (San Agustín)|Pueblo|Acambay de Ruíz Castañeda|México|null|50301|15|50301|28|001|0406|Rural|null
50315|Mado Sector Dos|Ranchería|Acambay de Ruíz Castañeda|México|null|50301|15|50301|29|001|0460|Rural|null
50315|Los Pilares|Pueblo|Acambay de Ruíz Castañeda|México|null|50301|15|50301|28|001|0465|Rural|null
50315|Santa María las Arenas|Ranchería|Acambay de Ruíz Castañeda|México|null|50301|15|50301|29|001|6590|Rural|null
50315|Las Trojes|Pueblo|Acambay de Ruíz Castañeda|México|null|50301|15|50301|28|001|7324|Rural|null
50315|Santa María las Arenas Dos|Ranchería|Acambay de Ruíz Castañeda|México|null|50301|15|50301|29|001|8678|Rural|null
50323|Boshi Grande|Pueblo|Acambay de Ruíz Castañeda|México|null|50301|15|50301|28|001|0429|Rural|null
50324|La Manga|Pueblo|Acambay de Ruíz Castañeda|México|null|50301|15|50301|28|001|0401|Rural|null
50324|Mado Sector Uno|Ranchería|Acambay de Ruíz Castañeda|México|null|50301|15|50301|29|001|0461|Rural|null
50324|San Antonio las Palmas|Pueblo|Acambay de Ruíz Castañeda|México|null|50301|15|50301|28|001|0462|Rural|null
50325|San Juanico Sector Uno|Pueblo|Acambay de Ruíz Castañeda|México|null|50301|15|50301|28|001|0403|Rural|null
50325|San Nicolás Acambay|Pueblo|Acambay de Ruíz Castañeda|México|null|50301|15|50301|28|001|0426|Rural|null
50325|La Venta (Barrio la Venta)|Ranchería|Acambay de Ruíz Castañeda|México|null|50301|15|50301|29|001|0427|Rural|null
50325|San Juanico Sector Dos|Pueblo|Acambay de Ruíz Castañeda|México|null|50301|15|50301|28|001|0428|Rural|null
50326|La Caridad|Pueblo|Acambay de Ruíz Castañeda|México|null|50301|15|50301|28|001|0400|Rural|null
50326|San Ildefonso (San Ildefonso Yolotepec)|Pueblo|Acambay de Ruíz Castañeda|México|null|50301|15|50301|28|001|0412|Rural|null
50326|Boshi Chiquito|Pueblo|Acambay de Ruíz Castañeda|México|null|50301|15|50301|28|001|0430|Rural|null
50330|San Pedro de los Metates|Pueblo|Acambay de Ruíz Castañeda|México|null|50301|15|50301|28|001|0404|Rural|null
50333|Pathé|Pueblo|Acambay de Ruíz Castañeda|México|null|50301|15|50301|28|001|0402|Rural|null
50333|Boshindo|Pueblo|Acambay de Ruíz Castañeda|México|null|50301|15|50301|28|001|0422|Rural|null
50333|Hondiga|Pueblo|Acambay de Ruíz Castañeda|México|null|50301|15|50301|28|001|0424|Rural|null
50333|Agua Limpia|Pueblo|Acambay de Ruíz Castañeda|México|null|50301|15|50301|28|001|0425|Rural|null
50333|Deshpe|Pueblo|Acambay de Ruíz Castañeda|México|null|50301|15|50301|28|001|7325|Rural|null
50334|El Medrano|Ranchería|Acambay de Ruíz Castañeda|México|null|50301|15|50301|29|001|8672|Rural|null
50335|El Fresadero|Rancho|Acambay de Ruíz Castañeda|México|null|50301|15|50301|48|001|0005|Rural|null
50335|Chanteje|Pueblo|Acambay de Ruíz Castañeda|México|null|50301|15|50301|28|001|0423|Rural|null
50335|La Estancia Sector I|Pueblo|Acambay de Ruíz Castañeda|México|null|50301|15|50301|28|001|0431|Rural|null
50335|La Estancia Sector II|Pueblo|Acambay de Ruíz Castañeda|México|null|50301|15|50301|28|001|0432|Rural|null
50335|Las Chivas (El Cerro)|Ranchería|Acambay de Ruíz Castañeda|México|null|50301|15|50301|29|001|8677|Rural|null
50336|Loma de San Ángel|Pueblo|Acambay de Ruíz Castañeda|México|null|50301|15|50301|28|001|0408|Rural|null
50336|La Laguna|Pueblo|Acambay de Ruíz Castañeda|México|null|50301|15|50301|28|001|0409|Rural|null
50336|San José Boctó|Pueblo|Acambay de Ruíz Castañeda|México|null|50301|15|50301|28|001|0411|Rural|null
50337|La Esperanza|Rancho|Acambay de Ruíz Castañeda|México|null|50301|15|50301|48|001|0407|Rural|null
50337|La Soledad|Pueblo|Acambay de Ruíz Castañeda|México|null|50301|15|50301|28|001|0410|Rural|null
50337|Pueblo Nuevo|Pueblo|Acambay de Ruíz Castañeda|México|null|50301|15|50301|28|001|0457|Urbano|null
50340|Guadalupe|Barrio|Acambay de Ruíz Castañeda|México|null|50301|15|50301|02|001|0450|Rural|null
50340|Cerrito de Tixmadejé|Pueblo|Acambay de Ruíz Castañeda|México|null|50301|15|50301|28|001|0454|Rural|null
50343|Hermosa Provincia|Barrio|Acambay de Ruíz Castañeda|México|null|50301|15|50301|02|001|0003|Rural|null
50343|Doxtejé Centro|Pueblo|Acambay de Ruíz Castañeda|México|null|50301|15|50301|28|001|0451|Rural|null
50343|Santa María Tixmadejé (Tixmadejé Grande)|Pueblo|Acambay de Ruíz Castañeda|México|null|50301|15|50301|28|001|0452|Rural|null
50343|Tixmadeje Grande Barrio II|Pueblo|Acambay de Ruíz Castañeda|México|null|50301|15|50301|28|001|0453|Rural|null
50343|Tixmadejé Chiquito|Pueblo|Acambay de Ruíz Castañeda|México|null|50301|15|50301|28|001|0455|Rural|null
50343|Doxtejé Barrio II|Barrio|Acambay de Ruíz Castañeda|México|null|50301|15|50301|02|001|6595|Rural|null
50343|Doxtejé Barrio I|Barrio|Acambay de Ruíz Castañeda|México|null|50301|15|50301|02|001|6596|Rural|null
50343|Candeje|Barrio|Acambay de Ruíz Castañeda|México|null|50301|15|50301|02|001|8666|Rural|null
50343|El Pedregal de Tixmadejé|Ranchería|Acambay de Ruíz Castañeda|México|null|50301|15|50301|29|001|8667|Rural|null
50343|La Providencia|Ranchería|Acambay de Ruíz Castañeda|México|null|50301|15|50301|29|001|8824|Rural|null
50344|La Florida|Pueblo|Acambay de Ruíz Castañeda|México|null|50301|15|50301|28|001|0456|Rural|null
50344|El Ermitaño|Pueblo|Acambay de Ruíz Castañeda|México|null|50301|15|50301|28|001|0458|Rural|null
50344|La Palma|Pueblo|Acambay de Ruíz Castañeda|México|null|50301|15|50301|28|001|0459|Rural|null
50344|Tixmadeje|Ejido|Acambay de Ruíz Castañeda|México|null|50301|15|50301|15|001|8676|Rural|null
50344|Detiña|Ejido|Acambay de Ruíz Castañeda|México|null|50301|15|50301|15|001|8825|Rural|null
50345|Detiña (San Antonio Detiña)|Pueblo|Acambay de Ruíz Castañeda|México|null|50301|15|50301|28|001|0397|Rural|null
50345|Dongu (Dongu Centro)|Pueblo|Acambay de Ruíz Castañeda|México|null|50301|15|50301|28|001|0398|Rural|null
50345|Dongu Puerto|Ranchería|Acambay de Ruíz Castañeda|México|null|50301|15|50301|29|001|0416|Rural|null
50345|Dongu Barrio Uno|Barrio|Acambay de Ruíz Castañeda|México|null|50301|15|50301|02|001|6598|Rural|null
50345|Huamango (La Mesa de San Miguel Huamango)|Colonia|Acambay de Ruíz Castañeda|México|null|50301|15|50301|09|001|7322|Rural|null
50350|Botí (Botí Agostadero)|Ranchería|Acambay de Ruíz Castañeda|México|null|50301|15|50301|29|001|0438|Rural|null
50350|Los Sauces|Pueblo|Acambay de Ruíz Castañeda|México|null|50301|15|50301|28|001|0440|Rural|null
50350|La Nopalera|Barrio|Acambay de Ruíz Castañeda|México|null|50301|15|50301|02|001|8668|Rural|null
50353|Rincón de San Francisco Shaxni|Ranchería|Acambay de Ruíz Castañeda|México|null|50301|15|50301|29|001|0002|Rural|null
50353|Puentecillas|Pueblo|Acambay de Ruíz Castañeda|México|null|50301|15|50301|28|001|0435|Rural|null
50353|Cañada del Gallo|Pueblo|Acambay de Ruíz Castañeda|México|null|50301|15|50301|28|001|0446|Rural|null
50353|Rincón de Juando|Ranchería|Acambay de Ruíz Castañeda|México|null|50301|15|50301|29|001|6591|Rural|null
50353|Loma de Enmedio|Ranchería|Acambay de Ruíz Castañeda|México|null|50301|15|50301|29|001|6593|Rural|null
50354|La Teresa (Santa Teresa)|Pueblo|Acambay de Ruíz Castañeda|México|null|50301|15|50301|28|001|0439|Rural|null
50354|Conejeras|Pueblo|Acambay de Ruíz Castañeda|México|null|50301|15|50301|28|001|0441|Rural|null
50354|Muyteje|Pueblo|Acambay de Ruíz Castañeda|México|null|50301|15|50301|28|001|0449|Rural|null
50355|La Loma (Santa María la Loma)|Colonia|Acambay de Ruíz Castañeda|México|null|50301|15|50301|09|001|0448|Rural|null
50355|El Capulín (Barrio el Capulín la Loma)|Barrio|Acambay de Ruíz Castañeda|México|null|50301|15|50301|02|001|6594|Rural|null
50355|San Agustín la Loma|Ranchería|Acambay de Ruíz Castañeda|México|null|50301|15|50301|29|001|8673|Rural|null
50356|Las Mangas|Pueblo|Acambay de Ruíz Castañeda|México|null|50301|15|50301|28|001|0443|Rural|null
50356|Los Toriles|Pueblo|Acambay de Ruíz Castañeda|México|null|50301|15|50301|28|001|0444|Rural|null
50356|Gando|Pueblo|Acambay de Ruíz Castañeda|México|null|50301|15|50301|28|001|8674|Rural|null
50357|La Peñita|Barrio|Acambay de Ruíz Castañeda|México|null|50301|15|50301|02|001|0001|Rural|null
50357|Juando|Pueblo|Acambay de Ruíz Castañeda|México|null|50301|15|50301|28|001|0433|Rural|null
50357|Los Charcos|Pueblo|Acambay de Ruíz Castañeda|México|null|50301|15|50301|28|001|0434|Rural|null
50357|San Francisco Shaxni|Pueblo|Acambay de Ruíz Castañeda|México|null|50301|15|50301|28|001|0436|Rural|null
50357|Agostadero (San José Agostadero)|Pueblo|Acambay de Ruíz Castañeda|México|null|50301|15|50301|28|001|0437|Rural|null
50357|San Francisco Shaxni|Ejido|Acambay de Ruíz Castañeda|México|null|50301|15|50301|15|001|0447|Rural|null
50357|Loma del Fresno|Ranchería|Acambay de Ruíz Castañeda|México|null|50301|15|50301|29|001|6592|Rural|null
50360|Aculco de Espinoza|Pueblo|Aculco|México|null|50361|15|50361|28|003|0466|Urbano|null
50370|Santa Ana Matlavat Primera Manzana|Colonia|Aculco|México|null|50361|15|50361|09|003|0003|Rural|null
50370|Santa Ana Matlavat Segunda Sección|Colonia|Aculco|México|null|50361|15|50361|09|003|0005|Rural|null
50370|Gunyo Oriente|Pueblo|Aculco|México|null|50361|15|50361|28|003|0490|Rural|null
50370|Santa Ana Matlavat Centro|Pueblo|Aculco|México|null|50361|15|50361|28|003|0491|Rural|null
50370|Jurica|Pueblo|Aculco|México|null|50361|15|50361|28|003|0492|Rural|null
50370|Encinillas|Ejido|Aculco|México|null|50361|15|50361|15|003|6666|Rural|null
50370|Santa María Nativitas Segundo Cuartel|Ranchería|Aculco|México|null|50361|15|50361|29|003|8689|Rural|null
50370|La Esperanza|Ejido|Aculco|México|null|50361|15|50361|15|003|8699|Rural|null
50370|San Francisquito|Ejido|Aculco|México|null|50361|15|50361|15|003|8700|Rural|null
50370|Taxtho|Ejido|Aculco|México|null|50361|15|50361|15|003|8701|Rural|null
50373|Arroyo Zarco|Pueblo|Aculco|México|null|50361|15|50361|28|003|0484|Rural|null
50373|San Antonio Arroyo Zarco|Ranchería|Aculco|México|null|50361|15|50361|29|003|6660|Rural|null
50373|Las Lajas|Ranchería|Aculco|México|null|50361|15|50361|29|003|6662|Rural|null
50373|Arroyo Zarco|Ejido|Aculco|México|null|50361|15|50361|15|003|6672|Rural|null
50374|El Azafrán Segunda Manzana|Ranchería|Aculco|México|null|50361|15|50361|29|003|0001|Rural|null
50374|San Martín|Ejido|Aculco|México|null|50361|15|50361|15|003|0470|Rural|null
50374|El Azafrán Centro|Pueblo|Aculco|México|null|50361|15|50361|28|003|0489|Rural|null
50374|El Azafrán Tercera Manzana|Pueblo|Aculco|México|null|50361|15|50361|28|003|7271|Rural|null
50375|Fondo|Pueblo|Aculco|México|null|50361|15|50361|28|003|0475|Rural|null
50375|El Bonxhi|Pueblo|Aculco|México|null|50361|15|50361|28|003|0476|Rural|null
50375|Barrancas|Ejido|Aculco|México|null|50361|15|50361|15|003|0477|Rural|null
50375|El Colorado|Ranchería|Aculco|México|null|50361|15|50361|29|003|6669|Rural|null
50375|Los Gavilanes|Pueblo|Aculco|México|null|50361|15|50361|28|003|7270|Rural|null
50376|La Soledad|Barrio|Aculco|México|null|50361|15|50361|02|003|0467|Rural|null
50376|Santa María Nativitas|Pueblo|Aculco|México|null|50361|15|50361|28|003|0471|Rural|null
50376|Santa María Nativitas|Ejido|Aculco|México|null|50361|15|50361|15|003|0493|Rural|null
50376|Las Ánimas|Ejido|Aculco|México|null|50361|15|50361|15|003|8688|Rural|null
50376|Decandeje|Ranchería|Aculco|México|null|50361|15|50361|29|003|8690|Rural|null
50376|Rancho Chapala|Ejido|Aculco|México|null|50361|15|50361|15|003|8702|Rural|null
50376|Decandeje (Chapala Ejido Decandeje)|Ejido|Aculco|México|null|50361|15|50361|15|003|8703|Rural|null
50380|Gunyo Centro|Colonia|Aculco|México|null|50361|15|50361|09|003|0002|Rural|null
50380|San Jerónimo|Barrio|Aculco|México|null|50361|15|50361|02|003|0469|Rural|null
50380|La Soledad|Ejido|Aculco|México|null|50361|15|50361|15|003|6663|Rural|null
50380|Gunyo Poniente|Ranchería|Aculco|México|null|50361|15|50361|29|003|6665|Rural|null
50383|El Zethe el Llano|Ranchería|Aculco|México|null|50361|15|50361|29|003|0006|Rural|null
50383|Santiago Oxtoc Toxhié|Pueblo|Aculco|México|null|50361|15|50361|28|003|0472|Rural|null
50383|El Zethe (Jazmín)|Pueblo|Aculco|México|null|50361|15|50361|28|003|0473|Rural|null
50383|Santa Ana Oxtoc Toxhié|Ranchería|Aculco|México|null|50361|15|50361|29|003|6659|Rural|null
50383|Totolopan (Ejido de Totolopan)|Barrio|Aculco|México|null|50361|15|50361|02|003|6671|Rural|null
50383|San Antonio el Zethe|Ranchería|Aculco|México|null|50361|15|50361|29|003|8693|Rural|null
50384|Ñado Buenavista|Pueblo|Aculco|México|null|50361|15|50361|28|003|0468|Rural|null
50384|Los Ailes|Ranchería|Aculco|México|null|50361|15|50361|29|003|0483|Rural|null
50385|San Jerónimo|Ejido|Aculco|México|null|50361|15|50361|15|003|0479|Rural|null
50385|El Tixhiñu|Ranchería|Aculco|México|null|50361|15|50361|29|003|0481|Rural|null
50385|San Joaquín Coscomatepec|Ejido|Aculco|México|null|50361|15|50361|15|003|6670|Rural|null
50385|Bimbo|Ejido|Aculco|México|null|50361|15|50361|15|003|7277|Rural|null
50386|San Joaquín Coscomatepec|Pueblo|Aculco|México|null|50361|15|50361|28|003|0478|Rural|null
50386|San Antonio|Pueblo|Aculco|México|null|50361|15|50361|28|003|0482|Rural|null
50393|Higuerillas B|Ranchería|Aculco|México|null|50361|15|50361|29|003|0004|Rural|null
50393|Bañe|Pueblo|Aculco|México|null|50361|15|50361|28|003|0485|Rural|null
50393|Bañe Primera Manzana|Ejido|Aculco|México|null|50361|15|50361|15|003|6661|Rural|null
50393|Higuerillas C|Ranchería|Aculco|México|null|50361|15|50361|29|003|8234|Rural|null
50393|Huizachal|Ranchería|Aculco|México|null|50361|15|50361|29|003|8691|Rural|null
50394|La Presita Segundo Cuartel|Ranchería|Aculco|México|null|50361|15|50361|29|003|6664|Rural|null
50394|Loma Alta Cabresteros|Ranchería|Aculco|México|null|50361|15|50361|29|003|8692|Rural|null
50394|La Estancia|Ranchería|Aculco|México|null|50361|15|50361|29|003|8694|Rural|null
50395|La Concepción|Ejido|Aculco|México|null|50361|15|50361|15|003|0480|Rural|null
50396|La Concepción|Pueblo|Aculco|México|null|50361|15|50361|28|003|0487|Rural|null
50396|San Lucas Totolmaloya|Pueblo|Aculco|México|null|50361|15|50361|28|003|0488|Urbano|null
50396|El Mogote|Ranchería|Aculco|México|null|50361|15|50361|29|003|6668|Rural|null
50397|San Pedro Denxhi Centro|Pueblo|Aculco|México|null|50361|15|50361|28|003|0486|Rural|null
50397|San Pedro Denxhi Segundo Cuartel|Ejido|Aculco|México|null|50361|15|50361|15|003|7273|Rural|null
50397|Presa del Tepozán|Pueblo|Aculco|México|null|50361|15|50361|28|003|7275|Rural|null
50397|La Pera|Ejido|Aculco|México|null|50361|15|50361|15|003|8696|Rural|null
50397|La Cofradía Grande|Ranchería|Aculco|México|null|50361|15|50361|29|003|8697|Rural|null
50397|El Rincón|Ejido|Aculco|México|null|50361|15|50361|15|003|8698|Rural|null
50400|Temascalcingo de José María Velasco|Pueblo|Temascalcingo|México|null|50401|15|50401|28|085|0504|Urbano|null
50400|Del Calvario|Barrio|Temascalcingo|México|null|50401|15|50401|02|085|9279|Urbano|null
50410|La Magdalena|Pueblo|Temascalcingo|México|null|50401|15|50401|28|085|0496|Urbano|null
50410|Maro|Barrio|Temascalcingo|México|null|50401|15|50401|02|085|0497|Urbano|null
50410|Puruahua|Barrio|Temascalcingo|México|null|50401|15|50401|02|085|6626|Urbano|null
50410|La Magdalena Cruz Blanca|Barrio|Temascalcingo|México|null|50401|15|50401|02|085|7241|Rural|null
50410|Bonsho|Barrio|Temascalcingo|México|null|50401|15|50401|02|085|7243|Urbano|null
50410|Del Socorro|Barrio|Temascalcingo|México|null|50401|15|50401|02|085|8209|Urbano|null
50413|La Magdalena Bosha|Barrio|Temascalcingo|México|null|50401|15|50401|02|085|6628|Rural|null
50413|Ahuacatitlán Cuarto y Quinto Cuartel|Ranchería|Temascalcingo|México|null|50401|15|50401|29|085|6634|Rural|null
50413|Ahuacatitlán Centro|Pueblo|Temascalcingo|México|null|50401|15|50401|28|085|8723|Rural|null
50414|San Mateo el Viejo|Pueblo|Temascalcingo|México|null|50401|15|50401|28|085|0500|Rural|null
50414|San Pedro el Alto|Pueblo|Temascalcingo|México|null|50401|15|50401|28|085|0501|Rural|null
50414|Santa Lucía (Ejido de San Mateo el Viejo)|Ranchería|Temascalcingo|México|null|50401|15|50401|29|085|0514|Rural|null
50414|La Loma de San Mateo|Ranchería|Temascalcingo|México|null|50401|15|50401|29|085|8720|Rural|null
50414|Barrio de Shelle|Ranchería|Temascalcingo|México|null|50401|15|50401|29|085|8721|Rural|null
50415|Andaro|Barrio|Temascalcingo|México|null|50401|15|50401|02|085|0499|Urbano|null
50415|La Corona|Colonia|Temascalcingo|México|null|50401|15|50401|09|085|0515|Urbano|null
50415|Puente|Barrio|Temascalcingo|México|null|50401|15|50401|02|085|7246|Urbano|null
50420|Boshesdá|Pueblo|Temascalcingo|México|null|50401|15|50401|28|085|0495|Rural|null
50420|Santiago Coachochitlán|Pueblo|Temascalcingo|México|null|50401|15|50401|28|085|0503|Urbano|null
50420|Boqui|Barrio|Temascalcingo|México|null|50401|15|50401|02|085|7245|Urbano|null
50420|Santiago Coachochitlán Barrio del Rincón|Colonia|Temascalcingo|México|null|50401|15|50401|09|085|7250|Rural|null
50420|Mesa de Bombaro|Barrio|Temascalcingo|México|null|50401|15|50401|02|085|7251|Rural|null
50420|Bombaro|Barrio|Temascalcingo|México|null|50401|15|50401|02|085|7252|Urbano|null
50420|Bachini|Barrio|Temascalcingo|México|null|50401|15|50401|02|085|7253|Urbano|null
50423|Pastores Primer Barrio|Ranchería|Temascalcingo|México|null|50401|15|50401|29|085|0498|Rural|null
50423|San Pedro Potla Centro|Pueblo|Temascalcingo|México|null|50401|15|50401|28|085|0502|Rural|null
50423|San Pedro Potla Segundo Barrio|Ranchería|Temascalcingo|México|null|50401|15|50401|29|085|6621|Rural|null
50423|San Pedro Potla Primer Barrio Ejido|Ranchería|Temascalcingo|México|null|50401|15|50401|29|085|6622|Rural|null
50423|Los Pastores (Pastores Segundo Barrio)|Ranchería|Temascalcingo|México|null|50401|15|50401|29|085|6627|Rural|null
50423|San Pedro Potla Tercer Barrio|Ranchería|Temascalcingo|México|null|50401|15|50401|29|085|7255|Rural|null
50423|San Pedro de la Loma|Ranchería|Temascalcingo|México|null|50401|15|50401|29|085|8722|Rural|null
50424|San Francisco Tepeolulco Colonia Lázaro Cárdenas|Colonia|Temascalcingo|México|null|50401|15|50401|09|085|0001|Rural|null
50424|San Francisco Tepeolulco|Pueblo|Temascalcingo|México|null|50401|15|50401|28|085|0506|Urbano|null
50424|Santa Ana Yenshu Centro|Pueblo|Temascalcingo|México|null|50401|15|50401|28|085|0508|Rural|null
50424|Santa Ana Yenshu La Mesa|Ranchería|Temascalcingo|México|null|50401|15|50401|29|085|6619|Rural|null
50424|Santa Ana Yenshu Ejido|Ranchería|Temascalcingo|México|null|50401|15|50401|29|085|6620|Rural|null
50424|San Francisco Tepeolulco Tercer Barrio la Mesa|Barrio|Temascalcingo|México|null|50401|15|50401|02|085|6625|Rural|null
50424|San Francisco Tepeolulco Primer Barrio|Barrio|Temascalcingo|México|null|50401|15|50401|02|085|8716|Urbano|null
50424|San Francisco Tepeolulco Segundo Barrio|Barrio|Temascalcingo|México|null|50401|15|50401|02|085|8717|Urbano|null
50425|San Juanico el Alto (San Juanico)|Pueblo|Temascalcingo|México|null|50401|15|50401|28|085|0507|Rural|null
50425|San Juanico Centro|Ranchería|Temascalcingo|México|null|50401|15|50401|29|085|6623|Rural|null
50430|Juanacatlán|Pueblo|Temascalcingo|México|null|50401|15|50401|28|085|0510|Rural|null
50433|La Huerta|Pueblo|Temascalcingo|México|null|50401|15|50401|28|085|0513|Rural|null
50433|San Francisco Solís|Pueblo|Temascalcingo|México|null|50401|15|50401|28|085|0526|Rural|null
50433|San Vicente Solís|Pueblo|Temascalcingo|México|null|50401|15|50401|28|085|0527|Rural|null
50433|Cuadrilla|Barrio|Temascalcingo|México|null|50401|15|50401|02|085|7242|Rural|null
50434|Santa María Canchesda|Pueblo|Temascalcingo|México|null|50401|15|50401|28|085|0509|Rural|null
50434|Mesa de Santiago (La Mesa)|Pueblo|Temascalcingo|México|null|50401|15|50401|28|085|0511|Rural|null
50434|Mesa de Bañi|Pueblo|Temascalcingo|México|null|50401|15|50401|28|085|0512|Rural|null
50434|La Estanzuela|Pueblo|Temascalcingo|México|null|50401|15|50401|28|085|6629|Rural|null
50434|Mesa de los Garnica|Pueblo|Temascalcingo|México|null|50401|15|50401|28|085|7249|Rural|null
50434|Barrio las Peñas|Pueblo|Temascalcingo|México|null|50401|15|50401|28|085|7256|Rural|null
50434|Los Chamacueros|Ranchería|Temascalcingo|México|null|50401|15|50401|29|085|7257|Rural|null
50435|Estación Solís (Estación Alberto Garduño)|Pueblo|Temascalcingo|México|null|50401|15|50401|28|085|7244|Rural|null
50440|Pueblo Nuevo Solís (La Estancia)|Pueblo|Temascalcingo|México|null|50401|15|50401|28|085|0516|Rural|null
50443|San Miguel Solís|Pueblo|Temascalcingo|México|null|50401|15|50401|28|085|0521|Rural|null
50443|Santa María Solís|Pueblo|Temascalcingo|México|null|50401|15|50401|28|085|0522|Rural|null
50443|San José Solís|Ranchería|Temascalcingo|México|null|50401|15|50401|29|085|6624|Rural|null
50443|Ex-Hacienda de Solís|Pueblo|Temascalcingo|México|null|50401|15|50401|28|085|6630|Rural|null
50443|Los Pinos|Ranchería|Temascalcingo|México|null|50401|15|50401|29|085|8719|Rural|null
50444|San Nicolás Solís|Pueblo|Temascalcingo|México|null|50401|15|50401|28|085|0519|Rural|null
50444|Santa Rosa Solís|Pueblo|Temascalcingo|México|null|50401|15|50401|28|085|0520|Rural|null
50444|Cerritos de Cárdenas|Ranchería|Temascalcingo|México|null|50401|15|50401|29|085|6632|Rural|null
50444|Calderas|Ranchería|Temascalcingo|México|null|50401|15|50401|29|085|6633|Rural|null
50444|Mogote de la Campana|Ranchería|Temascalcingo|México|null|50401|15|50401|29|085|8718|Rural|null
50445|El Rodeo|Ranchería|Temascalcingo|México|null|50401|15|50401|29|085|6631|Rural|null
50445|La Mesa del Venado|Pueblo|Temascalcingo|México|null|50401|15|50401|28|085|7239|Rural|null
50445|Pozo de las Palomas|Ranchería|Temascalcingo|México|null|50401|15|50401|29|085|7240|Rural|null
50446|San Antonio Solís|Pueblo|Temascalcingo|México|null|50401|15|50401|28|085|0517|Rural|null
50446|San José los Reyes|Pueblo|Temascalcingo|México|null|50401|15|50401|28|085|7237|Rural|null
50446|El Garay|Pueblo|Temascalcingo|México|null|50401|15|50401|28|085|7238|Rural|null
50447|San José Ixtapa|Pueblo|Temascalcingo|México|null|50401|15|50401|28|085|0523|Rural|null
50447|El Tejocote (La Loma)|Ranchería|Temascalcingo|México|null|50401|15|50401|29|085|0524|Rural|null
50447|Guadalupe Ixtapa|Pueblo|Temascalcingo|México|null|50401|15|50401|28|085|0525|Rural|null
50447|Ixtapa|Pueblo|Temascalcingo|México|null|50401|15|50401|28|085|7236|Rural|null
50450|Atlacomulco de Fabela Centro|Colonia|Atlacomulco|México|null|50451|15|50451|09|014|0528|Urbano|null
50453|Felipe Ureña|Colonia|Atlacomulco|México|null|50451|15|50451|09|014|5223|Urbano|null
50453|Morelos|Colonia|Atlacomulco|México|null|50451|15|50451|09|014|5237|Urbano|null
50453|Bongoni|Colonia|Atlacomulco|México|null|50451|15|50451|09|014|6184|Urbano|null
50453|2 de Abril|Colonia|Atlacomulco|México|null|50451|15|50451|09|014|8152|Urbano|null
50453|El Arbolito|Colonia|Atlacomulco|México|null|50451|15|50451|09|014|8273|Urbano|null
50454|2da Sección Electricistas|Fraccionamiento|Atlacomulco|México|null|50451|15|50451|21|014|5224|Urbano|null
50454|El Calvario|Colonia|Atlacomulco|México|null|50451|15|50451|09|014|5226|Urbano|null
50454|Isidro Fabela|Colonia|Atlacomulco|México|null|50451|15|50451|09|014|5228|Urbano|null
50454|San Martín|Colonia|Atlacomulco|México|null|50451|15|50451|09|014|6183|Urbano|null
50454|Granjas|Colonia|Atlacomulco|México|null|50451|15|50451|09|014|8245|Urbano|null
50455|Quinta Mercedes|Fraccionamiento|Atlacomulco|México|null|50451|15|50451|21|014|0001|Urbano|null
50455|Cuatro Milpas|Colonia|Atlacomulco|México|null|50451|15|50451|09|014|5230|Urbano|null
50455|La Mora|Colonia|Atlacomulco|México|null|50451|15|50451|09|014|5231|Urbano|null
50455|Atlavilla|Fraccionamiento|Atlacomulco|México|null|50451|15|50451|21|014|5232|Urbano|null
50455|Las Mercedes|Colonia|Atlacomulco|México|null|50451|15|50451|09|014|8151|Urbano|null
50455|Las Fuentes|Colonia|Atlacomulco|México|null|50451|15|50451|09|014|8153|Urbano|null
50455|La Ascensión|Colonia|Atlacomulco|México|null|50451|15|50451|09|014|8154|Urbano|null
50455|Valle de los Sauces|Fraccionamiento|Atlacomulco|México|null|50451|15|50451|21|014|8659|Rural|null
50455|ISSEMYM|Fraccionamiento|Atlacomulco|México|null|50451|15|50451|21|014|8827|Urbano|null
50456|Río Lerma (Tic Ti)|Colonia|Atlacomulco|México|null|50451|15|50451|09|014|5072|Rural|null
50456|Miguel Portillo Saldaña|Fraccionamiento|Atlacomulco|México|null|50451|15|50451|21|014|5235|Urbano|null
50456|José Vasconcelos|Fraccionamiento|Atlacomulco|México|null|50451|15|50451|21|014|6186|Urbano|null
50457|La Garita|Colonia|Atlacomulco|México|null|50451|15|50451|09|014|5233|Urbano|null
50457|El Jazmín|Colonia|Atlacomulco|México|null|50451|15|50451|09|014|6185|Urbano|null
50457|Atenas|Colonia|Atlacomulco|México|null|50451|15|50451|09|014|8246|Urbano|null
50457|La Cruz|Colonia|Atlacomulco|México|null|50451|15|50451|09|014|8247|Urbano|null
50457|Ampliación la Garita|Colonia|Atlacomulco|México|null|50451|15|50451|09|014|8248|Urbano|null
50458|Parque industrial Atlacomulco|Zona industrial|Atlacomulco|México|null|50451|15|50451|37|014|8488|Urbano|null
50460|San Bartolo Lanzados|Pueblo|Atlacomulco|México|null|50451|15|50451|28|014|0533|Rural|null
50463|Cerrito Colorado|Pueblo|Atlacomulco|México|null|50451|15|50451|28|014|0547|Rural|null
50463|Tierras Blancas|Pueblo|Atlacomulco|México|null|50451|15|50451|28|014|0548|Rural|null
50464|Diximoxi|Pueblo|Atlacomulco|México|null|50451|15|50451|28|014|0549|Rural|null
50464|San Bartolo el Arenal|Pueblo|Atlacomulco|México|null|50451|15|50451|28|014|0551|Rural|null
50464|Mayé el Fresno|Ranchería|Atlacomulco|México|null|50451|15|50451|29|014|7098|Rural|null
50465|La Mesa de Chosto|Pueblo|Atlacomulco|México|null|50451|15|50451|28|014|0542|Rural|null
50465|Santo Domingo Shomejé|Pueblo|Atlacomulco|México|null|50451|15|50451|28|014|0543|Rural|null
50466|Chosto de los Jarros|Pueblo|Atlacomulco|México|null|50451|15|50451|28|014|0531|Rural|null
50466|Lagunita Cantashí|Ranchería|Atlacomulco|México|null|50451|15|50451|29|014|7096|Rural|null
50470|San Pablo Atotonilco|Pueblo|Atlacomulco|México|null|50451|15|50451|28|014|0529|Rural|null
50473|El Salto|Pueblo|Atlacomulco|México|null|50451|15|50451|28|014|0553|Rural|null
50473|Monte María (El Nogal)|Ranchería|Atlacomulco|México|null|50451|15|50451|29|014|7100|Rural|null
50474|El Rincón de la Candelaria|Pueblo|Atlacomulco|México|null|50451|15|50451|28|014|0532|Rural|null
50474|Tecoac (Santa María Nativitas)|Pueblo|Atlacomulco|México|null|50451|15|50451|28|014|0540|Rural|null
50475|San José del Tunal|Pueblo|Atlacomulco|México|null|50451|15|50451|28|014|0535|Rural|null
50475|San Ignacio de Loyola|Pueblo|Atlacomulco|México|null|50451|15|50451|28|014|0554|Rural|null
50475|San Luis Boro|Pueblo|Atlacomulco|México|null|50451|15|50451|28|014|0555|Rural|null
50476|Dolores la Joya|Pueblo|Atlacomulco|México|null|50451|15|50451|28|014|0552|Rural|null
50476|El Magueyal|Ranchería|Atlacomulco|México|null|50451|15|50451|29|014|7099|Rural|null
50480|San Francisco Chalchihuapan|Pueblo|Atlacomulco|México|null|50451|15|50451|28|014|0558|Rural|null
50483|San Felipe Pueblo Nuevo|Pueblo|Atlacomulco|México|null|50451|15|50451|28|014|0556|Rural|null
50483|Santiago Acutzilapan|Pueblo|Atlacomulco|México|null|50451|15|50451|28|014|0560|Urbano|null
50484|San Antonio Enchisi|Pueblo|Atlacomulco|México|null|50451|15|50451|28|014|0557|Urbano|null
50485|San Pedro del Rosal|Pueblo|Atlacomulco|México|null|50451|15|50451|28|014|0559|Urbano|null
50486|Nueva España (Ejido San Lorenzo Tlacotepec)|Colonia|Atlacomulco|México|null|50451|15|50451|09|014|0002|Rural|null
50486|San Lorenzo Tlacotepec|Pueblo|Atlacomulco|México|null|50451|15|50451|28|014|0538|Urbano|null
50486|Santa Cruz Bombatevi|Pueblo|Atlacomulco|México|null|50451|15|50451|28|014|0539|Rural|null
50486|Cuendó|Pueblo|Atlacomulco|México|null|50451|15|50451|28|014|0546|Rural|null
50486|El Espejel|Ranchería|Atlacomulco|México|null|50451|15|50451|29|014|7097|Rural|null
50487|La Palma|Pueblo|Atlacomulco|México|null|50451|15|50451|28|014|0550|Rural|null
50487|Las Tarrias|Ranchería|Atlacomulco|México|null|50451|15|50451|29|014|6745|Rural|null
50487|Bombatevi (Ejido Santa Cruz Bombatevi)|Ejido|Atlacomulco|México|null|50451|15|50451|15|014|6746|Rural|null
50490|San Juan de los Jarros|Pueblo|Atlacomulco|México|null|50451|15|50451|28|014|0537|Rural|null
50493|Bobashí de Guadalupe|Pueblo|Atlacomulco|México|null|50451|15|50451|28|014|0530|Rural|null
50494|Manto del Río|Ejido|Atlacomulco|México|null|50451|15|50451|15|014|0545|Rural|null
50495|Manto del Río|Pueblo|Atlacomulco|México|null|50451|15|50451|28|014|0544|Rural|null
50496|San José Toxi|Pueblo|Atlacomulco|México|null|50451|15|50451|28|014|0536|Rural|null
50497|San Jerónimo de los Jarros|Pueblo|Atlacomulco|México|null|50451|15|50451|28|014|0534|Rural|null
50500|San Andrés Timilpan|Pueblo|Timilpan|México|null|50301|15|50301|28|102|0565|Urbano|null
50503|N Zititi|Barrio|Timilpan|México|null|50301|15|50301|02|102|9504|Urbano|null
50503|N Teje|Barrio|Timilpan|México|null|50301|15|50301|02|102|9505|Urbano|null
50503|M Bodo|Barrio|Timilpan|México|null|50301|15|50301|02|102|9506|Urbano|null
50504|N Gunzda|Barrio|Timilpan|México|null|50301|15|50301|02|102|9507|Urbano|null
50504|Aguacate|Barrio|Timilpan|México|null|50301|15|50301|02|102|9508|Urbano|null
50505|N Zola|Barrio|Timilpan|México|null|50301|15|50301|02|102|9509|Urbano|null
50505|Campo Santo|Barrio|Timilpan|México|null|50301|15|50301|02|102|9510|Urbano|null
50505|Segunda Manzana|Barrio|Timilpan|México|null|50301|15|50301|02|102|9511|Urbano|null
50507|Primera Manzana de Barrio Iturbide|Barrio|Timilpan|México|null|50301|15|50301|02|102|0002|Rural|null
50507|Segunda Manzana de Barrio Iturbide|Barrio|Timilpan|México|null|50301|15|50301|02|102|0562|Rural|null
50507|De Ocampo|Barrio|Timilpan|México|null|50301|15|50301|02|102|0566|Rural|null
50508|Primera Manzana de San Nicolás(Puerto San Nicolás)|Pueblo|Timilpan|México|null|50301|15|50301|28|102|0567|Rural|null
50508|Segunda Manzana de San Nicolás|Colonia|Timilpan|México|null|50301|15|50301|09|102|9497|Rural|null
50509|Primera Manzana de Zaragoza|Pueblo|Timilpan|México|null|50301|15|50301|28|102|0568|Rural|null
50509|Segunda Manzana de Zaragoza|Colonia|Timilpan|México|null|50301|15|50301|09|102|9495|Rural|null
50509|Tercera Manzana de Zaragoza|Barrio|Timilpan|México|null|50301|15|50301|02|102|9498|Rural|null
50510|Huapango|Pueblo|Timilpan|México|null|50301|15|50301|28|102|0569|Rural|null
50520|Primera Manzana Barrio de Hidalgo|Barrio|Timilpan|México|null|50301|15|50301|02|102|0570|Rural|null
50520|Iturbide (La Campesina)|Barrio|Timilpan|México|null|50301|15|50301|02|102|8161|Rural|null
50523|Lomas de Emiliano Zapata (Las Lomas)|Colonia|Timilpan|México|null|50301|15|50301|09|102|9496|Rural|null
50524|Segunda Manzana de Barrio Morelos|Barrio|Timilpan|México|null|50301|15|50301|02|102|9501|Rural|null
50525|Tercera Manzana de Barrio Morelos|Barrio|Timilpan|México|null|50301|15|50301|02|102|0001|Rural|null
50525|Primera Manzana de Barrio Morelos|Barrio|Timilpan|México|null|50301|15|50301|02|102|0563|Rural|null
50525|Agua Bendita|Ranchería|Timilpan|México|null|50301|15|50301|29|102|8187|Rural|null
50525|Segunda Manzana de Barrio Hidalgo|Ranchería|Timilpan|México|null|50301|15|50301|29|102|9502|Rural|null
50525|Tercera Manzana de Barrio Iturbide Ixcaja|Barrio|Timilpan|México|null|50301|15|50301|02|102|9503|Rural|null
50526|Segunda Manzana del Pueblo de Rincón de Bucio|Barrio|Timilpan|México|null|50301|15|50301|02|102|0003|Rural|null
50526|Primera Manzana del Pueblo de Rincón de Bucio|Pueblo|Timilpan|México|null|50301|15|50301|28|102|0564|Rural|null
50526|Primera Manzana de Cañada de Lobos|Pueblo|Timilpan|México|null|50301|15|50301|28|102|0571|Rural|null
50526|Segunda Manzana de Cañada de Lobos|Barrio|Timilpan|México|null|50301|15|50301|02|102|9500|Rural|null
50527|Tercera Manzana del Pueblo de Rincón de Bucio|Barrio|Timilpan|México|null|50301|15|50301|02|102|9499|Rural|null
50528|El Palmito (San José el Palmito)|Pueblo|Timilpan|México|null|50301|15|50301|28|102|0561|Rural|null
50540|Quinto Barrio Santiaguito Maxda (Enzdá)|Barrio|Timilpan|México|null|50301|15|50301|02|102|0572|Rural|null
50540|San Antonio Yondejé|Pueblo|Timilpan|México|null|50301|15|50301|28|102|0573|Rural|null
50540|Santiaguito Maxda|Pueblo|Timilpan|México|null|50301|15|50301|28|102|0574|Rural|null
50550|San Bartolo Morelos|Pueblo|Morelos|México|null|50451|15|50451|28|056|0575|Urbano|null
50553|Primero (La Calavera)|Barrio|Morelos|México|null|50451|15|50451|02|056|0003|Rural|null
50553|La Cofradía|Ranchería|Morelos|México|null|50451|15|50451|29|056|0004|Rural|null
50554|Barrio Cuarto (La Loma)|Barrio|Morelos|México|null|50451|15|50451|02|056|8510|Rural|null
50559|Xhinte de Lagos|Pueblo|Morelos|México|null|50451|15|50451|28|056|0577|Rural|null
50560|Los Corralitos|Ranchería|Morelos|México|null|50451|15|50451|29|056|0002|Rural|null
50560|Santa Clara de Juárez|Pueblo|Morelos|México|null|50451|15|50451|28|056|0580|Urbano|null
50563|El Cerrito|Ranchería|Morelos|México|null|50451|15|50451|29|056|7180|Rural|null
50563|Los Negritos|Ranchería|Morelos|México|null|50451|15|50451|29|056|7181|Rural|null
50563|La Cruz (San Simón la Cruz)|Ranchería|Morelos|México|null|50451|15|50451|29|056|7183|Rural|null
50564|San Sebastián Buenos Aires (San Sebastián)|Pueblo|Morelos|México|null|50451|15|50451|28|056|0579|Rural|null
50565|San José el Quelite|Ranchería|Morelos|México|null|50451|15|50451|29|056|0005|Rural|null
50565|La Lagunilla|Ranchería|Morelos|México|null|50451|15|50451|29|056|0006|Rural|null
50565|El Reino|Ranchería|Morelos|México|null|50451|15|50451|29|056|7197|Rural|null
50565|Las Cenizas (Ejido de Santa Clara)|Ranchería|Morelos|México|null|50451|15|50451|29|056|7199|Rural|null
50566|La Palma|Ranchería|Morelos|México|null|50451|15|50451|29|056|7174|Rural|null
50566|La Malinche|Ranchería|Morelos|México|null|50451|15|50451|29|056|7177|Rural|null
50566|Santa Cruz|Ejido|Morelos|México|null|50451|15|50451|15|056|7178|Rural|null
50566|San Antonio Trojes (Rancho Trojes)|Rancho|Morelos|México|null|50451|15|50451|48|056|7179|Rural|null
50566|Barrio Cuarto (La Trampa)|Barrio|Morelos|México|null|50451|15|50451|02|056|7189|Rural|null
50567|San José la Epifania|Ranchería|Morelos|México|null|50451|15|50451|29|056|0582|Rural|null
50567|Las Tinajas|Ranchería|Morelos|México|null|50451|15|50451|29|056|8511|Rural|null
50570|Tlalpujahuilla|Pueblo|Morelos|México|null|50801|15|50801|28|056|0578|Rural|null
50573|De Xicani|Barrio|Morelos|México|null|50801|15|50801|02|056|7193|Rural|null
50574|San Lorenzo Malacota|Pueblo|Morelos|México|null|50801|15|50801|28|056|0583|Urbano|null
50575|Loma de Buenavista|Ranchería|Morelos|México|null|50801|15|50801|29|056|7182|Rural|null
50583|San Gregorio Macapexco Barrio Segundo|Pueblo|Morelos|México|null|50451|15|50451|28|056|7168|Rural|null
50583|Caxboncuac|Pueblo|Morelos|México|null|50451|15|50451|28|056|7169|Rural|null
50584|San Gregorio Macapexco|Pueblo|Morelos|México|null|50451|15|50451|28|056|0576|Rural|null
50584|San Antonio|Ranchería|Morelos|México|null|50451|15|50451|29|056|7172|Rural|null
50584|Tercero|Barrio|Morelos|México|null|50451|15|50451|02|056|8527|Rural|null
50590|Laguna Seca|Ranchería|Morelos|México|null|50451|15|50451|29|056|0001|Rural|null
50590|San Marcos Tlazalpan|Pueblo|Morelos|México|null|50451|15|50451|28|056|0581|Rural|null
50590|Benito Juárez|Colonia|Morelos|México|null|50451|15|50451|09|056|9430|Rural|null
50596|Francisco I. Madero|Colonia|Morelos|México|null|50451|15|50451|09|056|7166|Rural|null
50596|La Finca|Ranchería|Morelos|México|null|50451|15|50451|29|056|8962|Rural|null
50597|La Beltrán|Ranchería|Morelos|México|null|50451|15|50451|29|056|7167|Rural|null
50600|El Oro de Hidalgo|Pueblo|El Oro|México|null|50602|15|50602|28|064|0584|Urbano|null
50600|El Carmen|Colonia|El Oro|México|null|50602|15|50602|09|064|8159|Urbano|null
50600|San Rafael|Colonia|El Oro|México|null|50602|15|50602|09|064|8200|Urbano|null
50601|Santiago Oxtempan|Pueblo|El Oro|México|null|50602|15|50602|28|064|0588|Rural|null
50603|Francisco I Madero|Colonia|El Oro|México|null|50602|15|50602|09|064|0586|Urbano|null
50603|Monte Alto|Colonia|El Oro|México|null|50602|15|50602|09|064|7312|Rural|null
50604|Cuauhtémoc|Colonia|El Oro|México|null|50602|15|50602|09|064|0599|Rural|null
50610|La Estrellita|Barrio|El Oro|México|null|50602|15|50602|02|064|0003|Rural|null
50610|Aquiles Serdán|Colonia|El Oro|México|null|50602|15|50602|09|064|0590|Urbano|null
50610|Benito Juárez|Colonia|El Oro|México|null|50602|15|50602|09|064|5238|Urbano|null
50613|San Nicolás el Oro (Agua Escondida)|Ejido|El Oro|México|null|50602|15|50602|15|064|0591|Rural|null
50614|San Nicolás Tultenango|Pueblo|El Oro|México|null|50602|15|50602|28|064|0595|Rural|null
50614|Santiago Oxtempan|Ejido|El Oro|México|null|50602|15|50602|15|064|7309|Rural|null
50615|La Nopalera|Pueblo|El Oro|México|null|50602|15|50602|28|064|0592|Rural|null
50615|Estación Tultenango (Tultenango)|Paraje|El Oro|México|null|50602|15|50602|45|064|0594|Rural|null
50615|El Mogote|Pueblo|El Oro|México|null|50602|15|50602|28|064|6674|Rural|null
50616|Venta del Aire|Pueblo|El Oro|México|null|50602|15|50602|28|064|0593|Rural|null
50616|La Soledad|Pueblo|El Oro|México|null|50602|15|50602|28|064|7311|Rural|null
50617|San Isidro Ejido de Tapaxco|Ranchería|El Oro|México|null|50602|15|50602|29|064|0004|Rural|null
50625|Santa Rosa de Lima|Pueblo|El Oro|México|null|50602|15|50602|28|064|0598|Rural|null
50625|Las Peñitas|Barrio|El Oro|México|null|50602|15|50602|02|064|6679|Rural|null
50625|Santa Rosa de Guadalupe|Pueblo|El Oro|México|null|50602|15|50602|28|064|7313|Rural|null
50626|San Nicolás el Oro (San Nicolás)|Pueblo|El Oro|México|null|50602|15|50602|28|064|0600|Rural|null
50627|Lázaro Cárdenas|Ranchería|El Oro|México|null|50602|15|50602|29|064|0001|Rural|null
50627|Loma del Capulín|Ranchería|El Oro|México|null|50602|15|50602|29|064|0002|Rural|null
50627|Presa Brockman|Pueblo|El Oro|México|null|50602|15|50602|28|064|0601|Rural|null
50627|La Loma de la Cima|Pueblo|El Oro|México|null|50602|15|50602|28|064|0602|Rural|null
50627|Santa Cruz el Tejocote (El Tejocote)|Pueblo|El Oro|México|null|50602|15|50602|28|064|6673|Rural|null
50627|Cerro Llorón|Ranchería|El Oro|México|null|50602|15|50602|29|064|6677|Rural|null
50627|El Gigante|Ranchería|El Oro|México|null|50602|15|50602|29|064|6678|Rural|null
50627|Llanito Cuatro|Pueblo|El Oro|México|null|50602|15|50602|28|064|7321|Rural|null
50630|Tapaxco|Pueblo|El Oro|México|null|50602|15|50602|28|064|0605|Rural|null
50630|Yomeje|Ranchería|El Oro|México|null|50602|15|50602|29|064|0607|Rural|null
50633|Bassoco de Hidalgo|Ranchería|El Oro|México|null|50602|15|50602|29|064|0609|Rural|null
50633|Adolfo López Mateos|Pueblo|El Oro|México|null|50602|15|50602|28|064|0610|Rural|null
50633|La Jordana|Pueblo|El Oro|México|null|50602|15|50602|28|064|0611|Rural|null
50633|La Palma|Pueblo|El Oro|México|null|50602|15|50602|28|064|7317|Rural|null
50634|Citeje|Pueblo|El Oro|México|null|50602|15|50602|28|064|0613|Rural|null
50634|San Isidro, Pueblo Nuevo de los Ángeles|Barrio|El Oro|México|null|50602|15|50602|02|064|0616|Rural|null
50634|Benemérito Pueblo Nuevo de los Ángeles|Barrio|El Oro|México|null|50602|15|50602|02|064|7316|Rural|null
50634|Pueblo Nuevo de los Ángeles|Ranchería|El Oro|México|null|50602|15|50602|29|064|8192|Rural|null
50635|Endotejiare|Pueblo|El Oro|México|null|50602|15|50602|28|064|0612|Rural|null
50635|La Mesa|Pueblo|El Oro|México|null|50602|15|50602|28|064|0614|Rural|null
50635|La Magdalena Morelos|Pueblo|El Oro|México|null|50602|15|50602|28|064|0615|Rural|null
50636|Laguna Seca|Pueblo|El Oro|México|null|50602|15|50602|28|064|7318|Rural|null
50637|La Concepción (La Concepción Segunda)|Pueblo|El Oro|México|null|50602|15|50602|28|064|0597|Rural|null
50637|Buenavista|Pueblo|El Oro|México|null|50602|15|50602|28|064|0606|Rural|null
50637|San Juan Bosco|Pueblo|El Oro|México|null|50602|15|50602|28|064|7314|Rural|null
50637|Concepción Primera|Ranchería|El Oro|México|null|50602|15|50602|29|064|7315|Rural|null
50640|Fernando Orozco y Berra|Colonia|San Felipe del Progreso|México|null|50641|15|50641|09|074|0002|Urbano|null
50640|Héroes de la Independencia|Colonia|San Felipe del Progreso|México|null|50641|15|50641|09|074|0003|Urbano|null
50640|La Venta|Colonia|San Felipe del Progreso|México|null|50641|15|50641|09|074|0004|Urbano|null
50640|Las Huertas|Fraccionamiento|San Felipe del Progreso|México|null|50641|15|50641|21|074|0005|Urbano|null
50640|Progreso|Colonia|San Felipe del Progreso|México|null|50641|15|50641|09|074|0006|Urbano|null
50640|La Cabecera Concepción|Barrio|San Felipe del Progreso|México|null|50641|15|50641|02|074|0007|Rural|null
50640|San Felipe del Progreso Centro|Colonia|San Felipe del Progreso|México|null|50641|15|50641|09|074|0630|Urbano|null
50640|Ejidal|Colonia|San Felipe del Progreso|México|null|50641|15|50641|09|074|8475|Urbano|null
50640|José María Morelos|Colonia|San Felipe del Progreso|México|null|50641|15|50641|09|074|9513|Urbano|null
50640|Las Colonias|Colonia|San Felipe del Progreso|México|null|50641|15|50641|09|074|9515|Urbano|null
50640|La Tenería|Colonia|San Felipe del Progreso|México|null|50641|15|50641|09|074|9686|Urbano|null
50653|La Cabecera|Ejido|San Felipe del Progreso|México|null|50641|15|50641|15|074|0624|Rural|null
50653|Tunal Nenaxi|Ejido|San Felipe del Progreso|México|null|50641|15|50641|15|074|0641|Rural|null
50653|El Agostadero Ejido de San Juan Jalpa|Barrio|San Felipe del Progreso|México|null|50641|15|50641|02|074|6931|Rural|null
50653|La Esperanza|Colonia|San Felipe del Progreso|México|null|50641|15|50641|09|074|7123|Rural|null
50653|Guadalupe|Colonia|San Felipe del Progreso|México|null|50641|15|50641|09|074|7124|Rural|null
50653|Flor de María|Ranchería|San Felipe del Progreso|México|null|50641|15|50641|29|074|7125|Rural|null
50653|San Juan Jalpa Centro|Pueblo|San Felipe del Progreso|México|null|50641|15|50641|28|074|7126|Urbano|null
50654|San Juan Jalpa|Ejido|San Felipe del Progreso|México|null|50641|15|50641|15|074|0634|Rural|null
50654|Plateros Palmillas|Colonia|San Felipe del Progreso|México|null|50641|15|50641|09|074|7127|Rural|null
50655|Las Torres, San Lucas Ocotepec|Barrio|San Felipe del Progreso|México|null|50641|15|50641|02|074|0008|Rural|null
50655|Calvario Buenavista|Pueblo|San Felipe del Progreso|México|null|50641|15|50641|28|074|0617|Rural|null
50655|El Carmen Ocotepec|Pueblo|San Felipe del Progreso|México|null|50641|15|50641|28|074|0618|Rural|null
50655|Palmillas|Pueblo|San Felipe del Progreso|México|null|50641|15|50641|28|074|0627|Rural|null
50655|San Lucas Ocotepec|Pueblo|San Felipe del Progreso|México|null|50641|15|50641|28|074|0635|Urbano|null
50655|La Concepción Chico (El Centro)|Ranchería|San Felipe del Progreso|México|null|50641|15|50641|29|074|6940|Rural|null
50655|Guadalupe, San Lucas Ocotepec|Ranchería|San Felipe del Progreso|México|null|50641|15|50641|29|074|7134|Rural|null
50655|Vicente Guerrero|Colonia|San Felipe del Progreso|México|null|50641|15|50641|09|074|7136|Rural|null
50656|El Tunal|Pueblo|San Felipe del Progreso|México|null|50641|15|50641|28|074|0622|Rural|null
50656|El Obraje|Pueblo|San Felipe del Progreso|México|null|50641|15|50641|28|074|0649|Rural|null
50660|San José del Rincón Centro|Pueblo|San José del Rincón|México|null|50602|15|50602|28|124|0652|Urbano|null
50660|San José del Rincón|Ejido|San José del Rincón|México|null|50602|15|50602|15|124|5743|Rural|null
50663|El Capulín San Miguel del Centro|Ranchería|San José del Rincón|México|null|50602|15|50602|29|124|0005|Rural|null
50663|Guadalupe del Pedregal el Calvario|Ranchería|San José del Rincón|México|null|50602|15|50602|29|124|0007|Rural|null
50663|La Puerta San Miguel del Centro|Ranchería|San José del Rincón|México|null|50602|15|50602|29|124|0009|Rural|null
50663|Las Rosas San Miguel del Centro|Barrio|San José del Rincón|México|null|50602|15|50602|02|124|0011|Rural|null
50663|San Francisco de la Loma Segunda Sección|Ranchería|San José del Rincón|México|null|50602|15|50602|29|124|0014|Rural|null
50663|Guarda de Guadalupe|Pueblo|San José del Rincón|México|null|50602|15|50602|28|124|0646|Rural|null
50663|Rosa de la Palma|Ranchería|San José del Rincón|México|null|50602|15|50602|29|124|0648|Rural|null
50663|Santa Cruz del Rincón|Pueblo|San José del Rincón|México|null|50602|15|50602|28|124|0669|Rural|null
50663|La Soledad el Guarda|Pueblo|San José del Rincón|México|null|50602|15|50602|28|124|0673|Rural|null
50663|San Onofre Centro|Pueblo|San José del Rincón|México|null|50602|15|50602|28|124|0696|Rural|null
50663|Jesús Carranza|Pueblo|San José del Rincón|México|null|50602|15|50602|28|124|0699|Rural|null
50663|San Miguel del Centro|Pueblo|San José del Rincón|México|null|50602|15|50602|28|124|0700|Rural|null
50663|El Porvenir|Pueblo|San José del Rincón|México|null|50602|15|50602|28|124|0701|Rural|null
50663|San Francisco Solo|Pueblo|San José del Rincón|México|null|50602|15|50602|28|124|0702|Rural|null
50663|Cedro de la Manzana|Pueblo|San José del Rincón|México|null|50602|15|50602|28|124|0703|Rural|null
50663|Guadalupe del Pedregal|Pueblo|San José del Rincón|México|null|50602|15|50602|28|124|0704|Rural|null
50663|Guadalupe del Pedregal la Palma|Pueblo|San José del Rincón|México|null|50602|15|50602|28|124|0705|Rural|null
50663|San Francisco de la Loma|Pueblo|San José del Rincón|México|null|50602|15|50602|28|124|0707|Rural|null
50663|Pathe Mula de los Cedros|Pueblo|San José del Rincón|México|null|50602|15|50602|28|124|0709|Rural|null
50663|El Consuelo|Ejido|San José del Rincón|México|null|50602|15|50602|15|124|0710|Rural|null
50663|San Juan Evangelista Fracción X|Ranchería|San José del Rincón|México|null|50602|15|50602|29|124|5767|Rural|null
50663|La Cuadrilla San Miguel del Centro|Pueblo|San José del Rincón|México|null|50602|15|50602|28|124|5768|Rural|null
50663|Emiliano Zapata Ampliación la Mesa|Colonia|San José del Rincón|México|null|50602|15|50602|09|124|5769|Rural|null
50663|San Onofre|Ejido|San José del Rincón|México|null|50602|15|50602|15|124|5770|Rural|null
50663|El Guarda Ejido|Ranchería|San José del Rincón|México|null|50602|15|50602|29|124|8767|Rural|null
50664|Las Escobas del Agua San Jerónimo de los Dolores|Barrio|San José del Rincón|México|null|50602|15|50602|02|124|0010|Rural|null
50664|Buenavista Casa Blanca|Pueblo|San José del Rincón|México|null|50602|15|50602|28|124|0653|Rural|null
50664|Estación la Trinidad|Pueblo|San José del Rincón|México|null|50602|15|50602|28|124|0667|Rural|null
50664|San Miguel Agua Bendita|Pueblo|San José del Rincón|México|null|50602|15|50602|28|124|0668|Rural|null
50664|San Miguel Chisda|Pueblo|San José del Rincón|México|null|50602|15|50602|28|124|0677|Rural|null
50664|El Valerio|Pueblo|San José del Rincón|México|null|50602|15|50602|28|124|0694|Rural|null
50664|San Jerónimo de los Dolores|Pueblo|San José del Rincón|México|null|50602|15|50602|28|124|0713|Rural|null
50664|La Soledad|Ejido|San José del Rincón|México|null|50602|15|50602|15|124|5761|Rural|null
50664|San Isidro la Trinidad|Pueblo|San José del Rincón|México|null|50602|15|50602|28|124|5763|Rural|null
50665|Concepción del Monte|Pueblo|San José del Rincón|México|null|50602|15|50602|28|124|0664|Rural|null
50665|San Joaquín del Monte|Pueblo|San José del Rincón|México|null|50602|15|50602|28|124|0666|Rural|null
50665|Yondece del Cedro|Pueblo|San José del Rincón|México|null|50602|15|50602|28|124|0670|Rural|null
50665|Fábrica Concepción|Pueblo|San José del Rincón|México|null|50602|15|50602|28|124|0671|Rural|null
50665|La Esperanza|Pueblo|San José del Rincón|México|null|50602|15|50602|28|124|0672|Rural|null
50665|La Trinidad Concepción|Pueblo|San José del Rincón|México|null|50602|15|50602|28|124|0674|Rural|null
50665|Guadalupe Buenavista|Pueblo|San José del Rincón|México|null|50602|15|50602|28|124|0678|Rural|null
50665|Buenavista Casa Blanca|Ejido|San José del Rincón|México|null|50602|15|50602|15|124|5759|Rural|null
50665|Guadalupe Chico|Pueblo|San José del Rincón|México|null|50602|15|50602|28|124|5760|Rural|null
50666|San Felipe de Jesús|Pueblo|San José del Rincón|México|null|50602|15|50602|28|124|0662|Rural|null
50666|Rosa San Antonio Concepción del Monte|Barrio|San José del Rincón|México|null|50602|15|50602|02|124|5753|Rural|null
50666|Purungueo|Pueblo|San José del Rincón|México|null|50602|15|50602|28|124|5755|Rural|null
50666|Canoas San Felipe de Jesús|Barrio|San José del Rincón|México|null|50602|15|50602|02|124|5757|Rural|null
50666|Falda Loma|Pueblo|San José del Rincón|México|null|50602|15|50602|28|124|5758|Rural|null
50667|Palo Amarillo|Pueblo|San José del Rincón|México|null|50602|15|50602|28|124|0660|Rural|null
50667|Rosa de Palo Amarillo|Pueblo|San José del Rincón|México|null|50602|15|50602|28|124|0661|Rural|null
50667|San Jerónimo Pilitas|Pueblo|San José del Rincón|México|null|50602|15|50602|28|124|0680|Rural|null
50667|Pancho Maya|Pueblo|San José del Rincón|México|null|50602|15|50602|28|124|5749|Rural|null
50667|Garatachea|Pueblo|San José del Rincón|México|null|50602|15|50602|28|124|5751|Rural|null
50667|Cevatí|Pueblo|San José del Rincón|México|null|50602|15|50602|28|124|5752|Rural|null
50667|Guadalupe las Cabras|Pueblo|San José del Rincón|México|null|50602|15|50602|28|124|5754|Rural|null
50667|Las Palomas|Ranchería|San José del Rincón|México|null|50602|15|50602|29|124|7081|Rural|null
50668|El Calvario Concepción de la Venta|Barrio|San José del Rincón|México|null|50602|15|50602|02|124|0002|Rural|null
50668|Guarda la Lagunita el Pueblito|Ranchería|San José del Rincón|México|null|50602|15|50602|29|124|0015|Rural|null
50668|Concepción la Venta|Pueblo|San José del Rincón|México|null|50602|15|50602|28|124|0654|Rural|null
50668|Fábrica Pueblo Nuevo|Pueblo|San José del Rincón|México|null|50602|15|50602|28|124|0655|Rural|null
50668|Guarda de San Antonio Buenavista|Pueblo|San José del Rincón|México|null|50602|15|50602|28|124|0656|Rural|null
50668|Santa Cruz del Tejocote|Pueblo|San José del Rincón|México|null|50602|15|50602|28|124|0658|Rural|null
50668|Cieneguillas|Ranchería|San José del Rincón|México|null|50602|15|50602|29|124|0659|Rural|null
50668|Sanacoche Centro|Pueblo|San José del Rincón|México|null|50602|15|50602|28|124|0663|Rural|null
50668|Guarda la Lagunita el Potrero|Ranchería|San José del Rincón|México|null|50602|15|50602|29|124|0698|Rural|null
50668|Benito Juárez Santa Cruz del Tejocote|Colonia|San José del Rincón|México|null|50602|15|50602|09|124|5740|Rural|null
50668|El Tepetate Guarda de San Antonio Buenavista|Pueblo|San José del Rincón|México|null|50602|15|50602|28|124|5741|Rural|null
50668|Fábrica Pueblo Nuevo Monte Alto|Pueblo|San José del Rincón|México|null|50602|15|50602|28|124|5742|Rural|null
50668|El Salto la Venta|Pueblo|San José del Rincón|México|null|50602|15|50602|28|124|5744|Rural|null
50668|Guarda San Antonio Plaza de Gallos|Pueblo|San José del Rincón|México|null|50602|15|50602|28|124|5745|Rural|null
50668|San Bartolo Guarda la Lagunita|Barrio|San José del Rincón|México|null|50602|15|50602|02|124|5746|Rural|null
50668|Sanacoche|Ejido|San José del Rincón|México|null|50602|15|50602|15|124|5747|Rural|null
50668|Sabaneta Quintana|Pueblo|San José del Rincón|México|null|50602|15|50602|28|124|5748|Rural|null
50668|Canoas Guarda la Lagunita|Barrio|San José del Rincón|México|null|50602|15|50602|02|124|5765|Urbano|null
50668|La Mesa la Lagunita|Barrio|San José del Rincón|México|null|50602|15|50602|02|124|8772|Rural|null
50668|Las Rosas|Ranchería|San José del Rincón|México|null|50602|15|50602|29|124|8959|Rural|null
50668|Las Tinajas|Colonia|San José del Rincón|México|null|50602|15|50602|09|124|8969|Rural|null
50668|Loma Bonita Guarda la Lagunita|Barrio|San José del Rincón|México|null|50602|15|50602|02|124|9684|Rural|null
50670|El Ocho el Pintal|Barrio|San José del Rincón|México|null|50602|15|50602|02|124|0003|Rural|null
50670|Providencia Ejido el Depósito|Pueblo|San José del Rincón|México|null|50602|15|50602|28|124|0685|Rural|null
50670|Santa Juanita el Depósito|Barrio|San José del Rincón|México|null|50602|15|50602|02|124|5706|Rural|null
50670|Los Lobos Segunda Sección|Pueblo|San José del Rincón|México|null|50602|15|50602|28|124|5712|Rural|null
50670|La Palma el Depósito|Barrio|San José del Rincón|México|null|50602|15|50602|02|124|5721|Rural|null
50670|El Llano San Juan Palo Seco|Barrio|San José del Rincón|México|null|50602|15|50602|02|124|5725|Rural|null
50670|San Antonio el Depósito|Barrio|San José del Rincón|México|null|50602|15|50602|02|124|5726|Rural|null
50670|El Pintal el Depósito|Barrio|San José del Rincón|México|null|50602|15|50602|02|124|5727|Rural|null
50670|La Curva el Depósito|Pueblo|San José del Rincón|México|null|50602|15|50602|28|124|5728|Rural|null
50670|El Llano de las Rosas|Barrio|San José del Rincón|México|null|50602|15|50602|02|124|5734|Rural|null
50673|El Llano Grande Jaltepec|Barrio|San José del Rincón|México|null|50602|15|50602|02|124|0001|Rural|null
50673|El Toril Ejido la Soledad|Barrio|San José del Rincón|México|null|50602|15|50602|02|124|0006|Rural|null
50673|Jaltepec Centro|Pueblo|San José del Rincón|México|null|50602|15|50602|28|124|0676|Rural|null
50673|Loma del Rancho|Pueblo|San José del Rincón|México|null|50602|15|50602|28|124|0692|Rural|null
50673|Santiago Gigante Jaltepec|Pueblo|San José del Rincón|México|null|50602|15|50602|28|124|5703|Rural|null
50673|Los Pintados|Ejido|San José del Rincón|México|null|50602|15|50602|15|124|5704|Rural|null
50673|El Rancho Jaltepec|Barrio|San José del Rincón|México|null|50602|15|50602|02|124|8769|Rural|null
50674|Los Pintados|Ranchería|San José del Rincón|México|null|50602|15|50602|29|124|0013|Rural|null
50674|San Antonio Pueblo Nuevo|Pueblo|San José del Rincón|México|null|50602|15|50602|28|124|0686|Rural|null
50674|Santa Rita Pueblo Nuevo|Ranchería|San José del Rincón|México|null|50602|15|50602|29|124|5731|Rural|null
50674|El Lindero Pueblo Nuevo|Barrio|San José del Rincón|México|null|50602|15|50602|02|124|5732|Rural|null
50674|El Pintado Pueblo Nuevo|Barrio|San José del Rincón|México|null|50602|15|50602|02|124|5733|Rural|null
50674|Santa Ana Pueblo Nuevo|Barrio|San José del Rincón|México|null|50602|15|50602|02|124|5735|Rural|null
50674|El 44 Pueblo Nuevo|Barrio|San José del Rincón|México|null|50602|15|50602|02|124|5736|Rural|null
50674|El Cerrito Pueblo Nuevo|Barrio|San José del Rincón|México|null|50602|15|50602|02|124|5737|Rural|null
50674|Agua Zarca Pueblo Nuevo|Pueblo|San José del Rincón|México|null|50602|15|50602|28|124|5738|Rural|null
50674|Santa Cruz Pueblo Nuevo|Barrio|San José del Rincón|México|null|50602|15|50602|02|124|5766|Rural|null
50674|De Dolores|Ranchería|San José del Rincón|México|null|50602|15|50602|29|124|8766|Rural|null
50675|Loma Grande San Antonio Pueblo Nuevo|Barrio|San José del Rincón|México|null|50602|15|50602|02|124|0012|Rural|null
50675|San Diego Pueblo Nuevo|Barrio|San José del Rincón|México|null|50602|15|50602|02|124|5729|Rural|null
50675|El Quelite Pueblo Nuevo|Barrio|San José del Rincón|México|null|50602|15|50602|02|124|5730|Rural|null
50676|La Magdalena San Juan Palo Seco|Barrio|San José del Rincón|México|null|50602|15|50602|02|124|0008|Rural|null
50676|Puentecillas el Deposito|Barrio|San José del Rincón|México|null|50602|15|50602|02|124|0681|Rural|null
50676|Fundereje el Depósito|Barrio|San José del Rincón|México|null|50602|15|50602|02|124|5718|Rural|null
50676|El Cable Ejido el Depósito|Pueblo|San José del Rincón|México|null|50602|15|50602|28|124|5719|Rural|null
50676|Remege el Depósito|Ejido|San José del Rincón|México|null|50602|15|50602|15|124|5720|Rural|null
50676|El Fresno el Depósito|Barrio|San José del Rincón|México|null|50602|15|50602|02|124|5723|Rural|null
50676|San Juan Palo Seco Centro|Pueblo|San José del Rincón|México|null|50602|15|50602|28|124|5724|Rural|null
50676|Los Cedros San Juan Palo Seco|Barrio|San José del Rincón|México|null|50602|15|50602|02|124|8771|Rural|null
50676|Loma del Cedro el Depósito|Ranchería|San José del Rincón|México|null|50602|15|50602|29|124|8773|Rural|null
50677|La Mesa|Pueblo|San José del Rincón|México|null|50602|15|50602|28|124|0679|Rural|null
50677|San Antonio Palo Seco Barrio la Mesa|Pueblo|San José del Rincón|México|null|50602|15|50602|28|124|0684|Rural|null
50677|La Trampa Grande|Ranchería|San José del Rincón|México|null|50602|15|50602|29|124|0689|Rural|null
50677|Cañada del Sauco|Pueblo|San José del Rincón|México|null|50602|15|50602|28|124|0690|Rural|null
50677|Chivatí la Mesa|Barrio|San José del Rincón|México|null|50602|15|50602|02|124|5714|Rural|null
50677|El Huizache|Pueblo|San José del Rincón|México|null|50602|15|50602|28|124|5715|Rural|null
50677|Yondece el Grande|Pueblo|San José del Rincón|México|null|50602|15|50602|28|124|5716|Rural|null
50677|El Lijadero la Mesa|Barrio|San José del Rincón|México|null|50602|15|50602|02|124|5750|Rural|null
50678|Minita del Cedro Uno|Pueblo|San José del Rincón|México|null|50602|15|50602|28|124|0004|Rural|null
50678|Las Rosas|Pueblo|San José del Rincón|México|null|50602|15|50602|28|124|0682|Rural|null
50678|Los Lobos Centro|Pueblo|San José del Rincón|México|null|50602|15|50602|28|124|0683|Rural|null
50678|San Joaquín Lamillas Centro|Pueblo|San José del Rincón|México|null|50602|15|50602|28|124|0687|Rural|null
50678|Minita del Cedro Dos|Pueblo|San José del Rincón|México|null|50602|15|50602|28|124|0688|Rural|null
50678|La Chispa|Pueblo|San José del Rincón|México|null|50602|15|50602|28|124|0691|Rural|null
50678|El Puente Barrio de las Rosas|Pueblo|San José del Rincón|México|null|50602|15|50602|28|124|5707|Rural|null
50678|La Trampa Chica|Pueblo|San José del Rincón|México|null|50602|15|50602|28|124|5708|Rural|null
50678|San Ramón las Rosas|Barrio|San José del Rincón|México|null|50602|15|50602|02|124|5709|Rural|null
50678|San Joaquín Lamillas|Barrio|San José del Rincón|México|null|50602|15|50602|02|124|8770|Rural|null
50680|Emilio Portes Gil|Pueblo|San Felipe del Progreso|México|null|50641|15|50641|28|074|0623|Urbano|null
50683|Tepetitlán Emilio Portes Gil|Barrio|San Felipe del Progreso|México|null|50641|15|50641|02|074|6927|Rural|null
50683|Tungareo, Emilio Portes Gil|Barrio|San Felipe del Progreso|México|null|50641|15|50641|02|074|6928|Rural|null
50683|Palmillas|Ejido|San Felipe del Progreso|México|null|50641|15|50641|15|074|7128|Rural|null
50684|San Pedro el Alto|Pueblo|San Felipe del Progreso|México|null|50641|15|50641|28|074|0639|Urbano|null
50684|San Pedro el Chico|Ejido|San Felipe del Progreso|México|null|50641|15|50641|15|074|0650|Rural|null
50684|San José, Ejido de San Pedro el Alto|Barrio|San Felipe del Progreso|México|null|50641|15|50641|02|074|7152|Urbano|null
50684|Las Ánimas, Ejido de San Pedro el Alto|Barrio|San Felipe del Progreso|México|null|50641|15|50641|02|074|7153|Rural|null
50684|Tierra Blanca, Ejido de San Pedro el Alto|Barrio|San Felipe del Progreso|México|null|50641|15|50641|02|074|7154|Rural|null
50685|Fresno Nichi|Pueblo|San Felipe del Progreso|México|null|50641|15|50641|28|074|0621|Rural|null
50685|San Jerónimo Mavatí|Pueblo|San Felipe del Progreso|México|null|50641|15|50641|28|074|0632|Rural|null
50685|San Nicolás Mavatí|Pueblo|San Felipe del Progreso|México|null|50641|15|50641|28|074|0636|Rural|null
50685|Charcos Azules San Jerónimo Mavatí|Barrio|San Felipe del Progreso|México|null|50641|15|50641|02|074|6930|Rural|null
50685|Las Presas, Ejido de San Jerónimo Mavatí|Barrio|San Felipe del Progreso|México|null|50641|15|50641|02|074|7149|Rural|null
50685|La Virgen|Ranchería|San Felipe del Progreso|México|null|50641|15|50641|29|074|7150|Rural|null
50685|Cerro de la Luna del Fresno Nichi|Barrio|San Felipe del Progreso|México|null|50641|15|50641|02|074|7151|Rural|null
50686|San Juan Coté|Ejido|San Felipe del Progreso|México|null|50641|15|50641|15|074|0001|Rural|null
50686|El Rincón Santa Anna Nichi Ejido|Barrio|San Felipe del Progreso|México|null|50641|15|50641|02|074|0010|Rural|null
50686|San Juan Coté Centro|Pueblo|San Felipe del Progreso|México|null|50641|15|50641|28|074|0633|Rural|null
50686|Guadalupe Coté|Pueblo|San Felipe del Progreso|México|null|50641|15|50641|28|074|0651|Rural|null
50686|San Antonio de las Huertas|Pueblo|San Felipe del Progreso|México|null|50641|15|50641|28|074|0716|Rural|null
50686|San Miguel la Labor|Pueblo|San Felipe del Progreso|México|null|50641|15|50641|28|074|0717|Urbano|null
50686|Santa Ana Nichi|Pueblo|San Felipe del Progreso|México|null|50641|15|50641|28|074|0719|Rural|null
50686|Santa Ana Nichi|Ejido|San Felipe del Progreso|México|null|50641|15|50641|15|074|0720|Rural|null
50686|Tres Estrellas|Pueblo|San Felipe del Progreso|México|null|50641|15|50641|28|074|0721|Rural|null
50686|La Virgen San Pedro el Alto|Ranchería|San Felipe del Progreso|México|null|50641|15|50641|29|074|0722|Rural|null
50686|Agua Zarca Nichi|Ranchería|San Felipe del Progreso|México|null|50641|15|50641|29|074|6922|Rural|null
50686|Las Palomas, Santa Ana Nichi|Barrio|San Felipe del Progreso|México|null|50641|15|50641|02|074|6934|Rural|null
50686|El Llano Santa Ana Nichi Ejido|Barrio|San Felipe del Progreso|México|null|50641|15|50641|02|074|7147|Rural|null
50687|Dolores Hidalgo|Pueblo|San Felipe del Progreso|México|null|50641|15|50641|28|074|0620|Urbano|null
50687|San Agustín Mextepec|Pueblo|San Felipe del Progreso|México|null|50641|15|50641|28|074|0628|Urbano|null
50687|San Antonio Mextepec|Pueblo|San Felipe del Progreso|México|null|50641|15|50641|28|074|0629|Rural|null
50687|San Jerónimo Bonchete|Pueblo|San Felipe del Progreso|México|null|50641|15|50641|28|074|0631|Rural|null
50687|Santa Cruz Mextepec|Pueblo|San Felipe del Progreso|México|null|50641|15|50641|28|074|0640|Rural|null
50687|La Constitución, San Antonio Mextepec|Colonia|San Felipe del Progreso|México|null|50641|15|50641|09|074|7141|Rural|null
50693|Purísima Concepción Mayorazgo (Mayorazgo)|Pueblo|San Felipe del Progreso|México|null|50641|15|50641|28|074|0626|Rural|null
50693|Estutempan|Ranchería|San Felipe del Progreso|México|null|50641|15|50641|29|074|6933|Rural|null
50693|Santa Cruz de San Pablo Tlalchichilpa|Barrio|San Felipe del Progreso|México|null|50641|15|50641|02|074|7122|Rural|null
50694|Dios Padre|Pueblo|San Felipe del Progreso|México|null|50641|15|50641|28|074|0675|Rural|null
50694|Calvario del Carmen|Pueblo|San Felipe del Progreso|México|null|50641|15|50641|28|074|0714|Urbano|null
50694|San Nicolás Guadalupe|Pueblo|San Felipe del Progreso|México|null|50641|15|50641|28|074|0718|Urbano|null
50694|La Virgen|Ejido|San Felipe del Progreso|México|null|50641|15|50641|15|074|0723|Rural|null
50694|Zaragoza, Ejido de Fresno Nichi|Ranchería|San Felipe del Progreso|México|null|50641|15|50641|29|074|6929|Rural|null
50694|Ampliación de San Antonio la Ciénega|Ranchería|San Felipe del Progreso|México|null|50641|15|50641|29|074|6937|Rural|null
50694|Santa Cruz, San Pedro el Alto|Barrio|San Felipe del Progreso|México|null|50641|15|50641|02|074|6939|Rural|null
50694|Mesa de la Agüita|Ranchería|San Felipe del Progreso|México|null|50641|15|50641|29|074|7142|Rural|null
50694|San Francisco San Nicolás Guadalupe|Barrio|San Felipe del Progreso|México|null|50641|15|50641|02|074|9579|Rural|null
50695|La Ciénega|Ranchería|San Felipe del Progreso|México|null|50641|15|50641|29|074|0711|Rural|null
50695|San Antonio la Ciénega (La Rosa)|Pueblo|San Felipe del Progreso|México|null|50641|15|50641|28|074|0712|Rural|null
50695|La Soledad|Ranchería|San Felipe del Progreso|México|null|50641|15|50641|29|074|0715|Rural|null
50695|Boreje de San Antonio la Ciénega|Barrio|San Felipe del Progreso|México|null|50641|15|50641|02|074|6923|Rural|null
50695|Encinillas de San Antonio la Ciénega|Ranchería|San Felipe del Progreso|México|null|50641|15|50641|29|074|6932|Rural|null
50695|El Salto San Antonio la Ciénega|Barrio|San Felipe del Progreso|México|null|50641|15|50641|02|074|6938|Rural|null
50695|Chichilpa|Ejido|San Felipe del Progreso|México|null|50641|15|50641|15|074|7133|Rural|null
50695|La Cañada San Antonio la Ciénega|Barrio|San Felipe del Progreso|México|null|50641|15|50641|02|074|7137|Rural|null
50695|La Manzana|Ranchería|San Felipe del Progreso|México|null|50641|15|50641|29|074|7138|Rural|null
50696|La Concepción Chico|Ejido|San Felipe del Progreso|México|null|50641|15|50641|15|074|0009|Rural|null
50696|Ejido de Tlalchichilpa|Ranchería|San Felipe del Progreso|México|null|50641|15|50641|29|074|0644|Rural|null
50696|Dotegiare|Pueblo|San Felipe del Progreso|México|null|50641|15|50641|28|074|0695|Rural|null
50696|Chichilpa|Pueblo|San Felipe del Progreso|México|null|50641|15|50641|28|074|0697|Rural|null
50696|Rioyos Buenavista|Pueblo|San Felipe del Progreso|México|null|50641|15|50641|28|074|0706|Rural|null
50696|San Juan Evangelista|Ejido|San Felipe del Progreso|México|null|50641|15|50641|15|074|0708|Rural|null
50696|La Carrera|Ranchería|San Felipe del Progreso|México|null|50641|15|50641|29|074|6935|Rural|null
50696|San Juan Rioyos|Pueblo|San Felipe del Progreso|México|null|50641|15|50641|28|074|7129|Rural|null
50696|La Mesa, Rioyos Buenavista|Barrio|San Felipe del Progreso|México|null|50641|15|50641|02|074|7130|Rural|null
50697|Choteje|Pueblo|San Felipe del Progreso|México|null|50641|15|50641|28|074|0619|Rural|null
50697|San Pablo Tlalchichilpa|Pueblo|San Felipe del Progreso|México|null|50641|15|50641|28|074|0637|Rural|null
50697|Tlalchichilpa|Ranchería|San Felipe del Progreso|México|null|50641|15|50641|29|074|0643|Rural|null
50697|Rincón de los Pirules|Pueblo|San Felipe del Progreso|México|null|50641|15|50641|28|074|0645|Rural|null
50697|Santa Rita de la Cuesta|Ejido|San Felipe del Progreso|México|null|50641|15|50641|15|074|0647|Rural|null
50697|La Era San Pablo Tlalchichilpa|Barrio|San Felipe del Progreso|México|null|50641|15|50641|02|074|6924|Rural|null
50697|San Francisco Ejido de San Pablo Tlalchichilpa|Barrio|San Felipe del Progreso|México|null|50641|15|50641|02|074|6925|Rural|null
50697|Rosa del Calvario|Ranchería|San Felipe del Progreso|México|null|50641|15|50641|29|074|6936|Rural|null
50700|Jocotitlán|Pueblo|Jocotitlán|México|null|50701|15|50701|28|048|0724|Urbano|null
50700|San Juan|Barrio|Jocotitlán|México|null|50701|15|50701|02|048|8206|Urbano|null
50700|San Agustín|Barrio|Jocotitlán|México|null|50701|15|50701|02|048|8272|Urbano|null
50700|Santo Domingo|Barrio|Jocotitlán|México|null|50701|15|50701|02|048|8941|Urbano|null
50710|Benito Juárez|Colonia|Jocotitlán|México|null|50701|15|50701|09|048|0007|Urbano|null
50710|El Satélite|Colonia|Jocotitlán|México|null|50701|15|50701|09|048|0008|Urbano|null
50710|Emiliano Zapata|Colonia|Jocotitlán|México|null|50701|15|50701|09|048|0009|Urbano|null
50710|Concepción Caro|Pueblo|Jocotitlán|México|null|50701|15|50701|28|048|0731|Rural|null
50710|San Miguel Tenochtitlán|Pueblo|Jocotitlán|México|null|50701|15|50701|28|048|0732|Urbano|null
50710|La Presa|Colonia|Jocotitlán|México|null|50701|15|50701|09|048|7303|Urbano|null
50710|San Andrés|Colonia|Jocotitlán|México|null|50701|15|50701|09|048|8271|Urbano|null
50713|Santa María Citendeje|Pueblo|Jocotitlán|México|null|50701|15|50701|28|048|0727|Urbano|null
50714|Los Martínez|Rancho|Jocotitlán|México|null|50701|15|50701|48|048|7305|Rural|null
50715|San José|Barrio|Jocotitlán|México|null|50701|15|50701|02|048|0001|Rural|null
50715|San Juan Coajomulco|Pueblo|Jocotitlán|México|null|50701|15|50701|28|048|0729|Urbano|null
50715|Santa Cruz Chico|Barrio|Jocotitlán|México|null|50701|15|50701|02|048|9547|Urbano|null
50716|San Juan Coajomulco|Colonia|Jocotitlán|México|null|50701|15|50701|09|048|7300|Rural|null
50717|Santiago Casandeje|Pueblo|Jocotitlán|México|null|50701|15|50701|28|048|0728|Rural|null
50717|San Marcos Coajomulco|Pueblo|Jocotitlán|México|null|50701|15|50701|28|048|6723|Rural|null
50717|Ex-Hacienda Alcibar|Rancho|Jocotitlán|México|null|50701|15|50701|48|048|7302|Rural|null
50720|San José Boqui|Pueblo|Jocotitlán|México|null|50701|15|50701|28|048|6722|Rural|null
50724|Santiago Yeche|Pueblo|Jocotitlán|México|null|50701|15|50701|28|048|0734|Urbano|null
50724|Las Fuentes Yeche|Ranchería|Jocotitlán|México|null|50701|15|50701|29|048|0738|Rural|null
50724|Boyecha|Barrio|Jocotitlán|México|null|50701|15|50701|02|048|6706|Rural|null
50724|La Luz|Barrio|Jocotitlán|México|null|50701|15|50701|02|048|6708|Rural|null
50724|Tula|Barrio|Jocotitlán|México|null|50701|15|50701|02|048|6711|Rural|null
50724|El Lindero|Barrio|Jocotitlán|México|null|50701|15|50701|02|048|6713|Rural|null
50724|Huemetla|Pueblo|Jocotitlán|México|null|50701|15|50701|28|048|6719|Rural|null
50725|San Mateo Ixtlahuaca|Ranchería|Jocotitlán|México|null|50701|15|50701|29|048|0002|Rural|null
50725|San Jacinto|Barrio|Jocotitlán|México|null|50701|15|50701|02|048|6709|Rural|null
50725|La Soledad|Barrio|Jocotitlán|México|null|50701|15|50701|02|048|7290|Rural|null
50726|El Huerto|Ranchería|Jocotitlán|México|null|50701|15|50701|29|048|0003|Rural|null
50726|La Venta Yeche|Ranchería|Jocotitlán|México|null|50701|15|50701|29|048|0006|Rural|null
50726|Meje|Pueblo|Jocotitlán|México|null|50701|15|50701|28|048|0735|Rural|null
50726|San Francisco Cheje|Pueblo|Jocotitlán|México|null|50701|15|50701|28|048|0737|Rural|null
50726|15 de Agosto|Barrio|Jocotitlán|México|null|50701|15|50701|02|048|6717|Rural|null
50726|Cheje|Ejido|Jocotitlán|México|null|50701|15|50701|15|048|6718|Rural|null
50726|Tiacaque|Pueblo|Jocotitlán|México|null|50701|15|50701|28|048|6724|Rural|null
50726|San Dimas|Ranchería|Jocotitlán|México|null|50701|15|50701|29|048|7294|Rural|null
50726|Providencia|Ejido|Jocotitlán|México|null|50701|15|50701|15|048|7295|Rural|null
50727|La Providencia|Pueblo|Jocotitlán|México|null|50701|15|50701|28|048|0733|Rural|null
50727|Los Reyes|Pueblo|Jocotitlán|México|null|50701|15|50701|28|048|0736|Urbano|null
50733|Enguindo San Isidro|Barrio|Jocotitlán|México|null|50701|15|50701|02|048|0730|Rural|null
50733|El Progreso|Barrio|Jocotitlán|México|null|50701|15|50701|02|048|6712|Rural|null
50733|La Tenería|Barrio|Jocotitlán|México|null|50701|15|50701|02|048|6716|Rural|null
50733|Los Javieres|Barrio|Jocotitlán|México|null|50701|15|50701|02|048|7292|Rural|null
50734|San José de Villeje|Ranchería|Jocotitlán|México|null|50701|15|50701|29|048|0004|Rural|null
50734|San Joaquín|Barrio|Jocotitlán|México|null|50701|15|50701|02|048|6710|Rural|null
50734|Las Ánimas Villeje|Pueblo|Jocotitlán|México|null|50701|15|50701|28|048|6720|Rural|null
50734|Legorreta|Ranchería|Jocotitlán|México|null|50701|15|50701|29|048|7288|Rural|null
50734|Santa Clara|Barrio|Jocotitlán|México|null|50701|15|50701|02|048|7289|Rural|null
50734|Pasteje|Barrio|Jocotitlán|México|null|50701|15|50701|02|048|7299|Rural|null
50734|Guadalupe|Barrio|Jocotitlán|México|null|50701|15|50701|02|048|8162|Urbano|null
50734|Ex-Hacienda San José Villeje|Ranchería|Jocotitlán|México|null|50701|15|50701|29|048|8294|Rural|null
50736|Mavoro|Pueblo|Jocotitlán|México|null|50701|15|50701|28|048|0739|Rural|null
50736|Siffari|Pueblo|Jocotitlán|México|null|50701|15|50701|28|048|0741|Rural|null
50736|Zacualpan|Pueblo|Jocotitlán|México|null|50701|15|50701|28|048|0742|Rural|null
50736|La Era|Barrio|Jocotitlán|México|null|50701|15|50701|02|048|6715|Rural|null
50736|Ojo de Agua|Pueblo|Jocotitlán|México|null|50701|15|50701|28|048|6721|Rural|null
50736|La Manga|Barrio|Jocotitlán|México|null|50701|15|50701|02|048|7284|Rural|null
50736|Santa Mónica|Ranchería|Jocotitlán|México|null|50701|15|50701|29|048|7285|Rural|null
50737|Chivoro|Barrio|Jocotitlán|México|null|50701|15|50701|02|048|0005|Rural|null
50737|Santa María Endare|Pueblo|Jocotitlán|México|null|50701|15|50701|28|048|0725|Rural|null
50737|La Venta|Barrio|Jocotitlán|México|null|50701|15|50701|02|048|0740|Rural|null
50737|La Loma de Endare|Barrio|Jocotitlán|México|null|50701|15|50701|02|048|6707|Rural|null
50737|El Ruso|Barrio|Jocotitlán|México|null|50701|15|50701|02|048|6714|Rural|null
50737|Buenavista|Barrio|Jocotitlán|México|null|50701|15|50701|02|048|7287|Rural|null
50740|Ixtlahuaca de Rayón Centro|Pueblo|Ixtlahuaca|México|null|50741|15|50741|28|042|0744|Urbano|null
50740|Sedue|Colonia|Ixtlahuaca|México|null|50741|15|50741|09|042|5239|Urbano|null
50740|San Francisco de Asís|Colonia|Ixtlahuaca|México|null|50741|15|50741|09|042|5240|Rural|null
50740|PROFEDIX I|Colonia|Ixtlahuaca|México|null|50741|15|50741|09|042|5242|Urbano|null
50740|PROFEDIX II|Colonia|Ixtlahuaca|México|null|50741|15|50741|09|042|5243|Rural|null
50740|La Concepción de los Baños|Ejido|Ixtlahuaca|México|null|50741|15|50741|15|042|6657|Rural|null
50740|Los Reyes|Fraccionamiento|Ixtlahuaca|México|null|50741|15|50741|21|042|8754|Urbano|null
50740|San Pedro|Barrio|Ixtlahuaca|México|null|50741|15|50741|02|042|8761|Rural|null
50740|Magisterial|Fraccionamiento|Ixtlahuaca|México|null|50741|15|50741|21|042|9518|Urbano|null
50744|Químico José Donaciano y Mier|Fraccionamiento|Ixtlahuaca|México|null|50741|15|50741|21|042|8752|Urbano|null
50744|ISSEMYM|Fraccionamiento|Ixtlahuaca|México|null|50741|15|50741|21|042|8753|Urbano|null
50750|Jalpa de los Baños|Pueblo|Ixtlahuaca|México|null|50741|15|50741|28|042|0745|Rural|null
50750|San Antonio de los Remedios|Pueblo|Ixtlahuaca|México|null|50741|15|50741|28|042|0746|Rural|null
50750|Jalpa de Dolores|Ranchería|Ixtlahuaca|México|null|50741|15|50741|29|042|0759|Rural|null
50750|20 de Noviembre|Ejido|Ixtlahuaca|México|null|50741|15|50741|15|042|7405|Rural|null
50753|Guadalupe del Río|Colonia|Ixtlahuaca|México|null|50741|15|50741|09|042|6647|Rural|null
50753|San Francisco del Río|Ranchería|Ixtlahuaca|México|null|50741|15|50741|29|042|6651|Rural|null
50753|Cuauhtémoc|Colonia|Ixtlahuaca|México|null|50741|15|50741|09|042|7406|Rural|null
50754|San Cristóbal de los Baños|Pueblo|Ixtlahuaca|México|null|50741|15|50741|28|042|0747|Urbano|null
50754|La Concepción de los Baños|Pueblo|Ixtlahuaca|México|null|50741|15|50741|28|042|0755|Urbano|null
50754|Atotonilco|Ejido|Ixtlahuaca|México|null|50741|15|50741|15|042|6646|Rural|null
50754|La Concepción de los Baños Primero|Ejido|Ixtlahuaca|México|null|50741|15|50741|15|042|6656|Rural|null
50755|San Pedro de los Baños|Pueblo|Ixtlahuaca|México|null|50741|15|50741|28|042|0749|Urbano|null
50755|Casa Blanca|Barrio|Ixtlahuaca|México|null|50741|15|50741|02|042|7404|Rural|null
50760|San Ignacio del Pedregal|Pueblo|Ixtlahuaca|México|null|50741|15|50741|28|042|0760|Rural|null
50760|Santa Ana la Ladera|Pueblo|Ixtlahuaca|México|null|50741|15|50741|28|042|0762|Urbano|null
50760|San Isidro Boxipe|Pueblo|Ixtlahuaca|México|null|50741|15|50741|28|042|0763|Rural|null
50760|Santa Ana Ixtlahuaca (Santa Ana Ixtlahuacingo)|Pueblo|Ixtlahuaca|México|null|50741|15|50741|28|042|8284|Urbano|null
50764|Shira|Barrio|Ixtlahuaca|México|null|50741|15|50741|02|042|7401|Rural|null
50770|La Concepción Enyege|Pueblo|Ixtlahuaca|México|null|50741|15|50741|28|042|0764|Rural|null
50770|Dolores Enyege|Pueblo|Ixtlahuaca|México|null|50741|15|50741|28|042|0765|Rural|null
50770|La Guadalupana (El Sauco)|Pueblo|Ixtlahuaca|México|null|50741|15|50741|28|042|0766|Rural|null
50770|San Andrés del Pedregal|Pueblo|Ixtlahuaca|México|null|50741|15|50741|28|042|0767|Rural|null
50770|San Juan de las Manzanas|Pueblo|Ixtlahuaca|México|null|50741|15|50741|28|042|0768|Urbano|null
50770|San Miguel Enyege|Pueblo|Ixtlahuaca|México|null|50741|15|50741|28|042|0769|Rural|null
50770|El Rincón de los Perales|Ranchería|Ixtlahuaca|México|null|50741|15|50741|29|042|0770|Rural|null
50770|Emiliano Zapata (Santo Domingo)|Pueblo|Ixtlahuaca|México|null|50741|15|50741|28|042|6652|Urbano|null
50770|La Bandera|Barrio|Ixtlahuaca|México|null|50741|15|50741|02|042|7402|Rural|null
50773|Guadalupe Cachi|Pueblo|Ixtlahuaca|México|null|50741|15|50741|28|042|0743|Urbano|null
50773|San Pablo de los Remedios|Pueblo|Ixtlahuaca|México|null|50741|15|50741|28|042|0748|Rural|null
50773|Santo Domingo de Guzmán|Pueblo|Ixtlahuaca|México|null|50741|15|50741|28|042|0751|Urbano|null
50773|San Mateo Ixtlahuaca|Pueblo|Ixtlahuaca|México|null|50741|15|50741|28|042|0754|Rural|null
50773|San José del Río|Ranchería|Ixtlahuaca|México|null|50741|15|50741|29|042|6650|Rural|null
50773|El Tecomate|Barrio|Ixtlahuaca|México|null|50741|15|50741|02|042|7403|Urbano|null
50774|Santo Domingo Huereje|Barrio|Ixtlahuaca|México|null|50741|15|50741|02|042|0750|Rural|null
50774|San Francisco de Guzmán|Ranchería|Ixtlahuaca|México|null|50741|15|50741|29|042|0753|Rural|null
50774|Trojes|Barrio|Ixtlahuaca|México|null|50741|15|50741|02|042|0756|Rural|null
50774|Santa María del Llano|Pueblo|Ixtlahuaca|México|null|50741|15|50741|28|042|0757|Urbano|null
50774|San Bartolo del Llano|Pueblo|Ixtlahuaca|México|null|50741|15|50741|28|042|0758|Urbano|null
50774|Francisco I Madero|Colonia|Ixtlahuaca|México|null|50741|15|50741|09|042|6648|Rural|null
50774|Huereje|Ejido|Ixtlahuaca|México|null|50741|15|50741|15|042|6658|Rural|null
50774|Luis Donaldo Colosio|Colonia|Ixtlahuaca|México|null|50741|15|50741|09|042|7397|Rural|null
50774|Número 5|Barrio|Ixtlahuaca|México|null|50741|15|50741|02|042|8756|Urbano|null
50774|Número 9|Barrio|Ixtlahuaca|México|null|50741|15|50741|02|042|8757|Urbano|null
50774|San José Huereje|Ranchería|Ixtlahuaca|México|null|50741|15|50741|29|042|8762|Rural|null
50774|Ignacio Zaragoza|Colonia|Ixtlahuaca|México|null|50741|15|50741|09|042|8961|Urbano|null
50775|San Miguel el Alto (Ranchos Viejos)|Pueblo|Ixtlahuaca|México|null|50741|15|50741|28|042|7398|Rural|null
50780|San Ildefonso|Pueblo|Ixtlahuaca|México|null|50741|15|50741|28|042|0773|Rural|null
50780|San Lorenzo Toxico|Pueblo|Ixtlahuaca|México|null|50741|15|50741|28|042|0775|Rural|null
50780|San Lorenzo Toxico Manzana Sexta|Ejido|Ixtlahuaca|México|null|50741|15|50741|15|042|6653|Rural|null
50780|San Lorenzo Toxico Manzana Séptima|Ejido|Ixtlahuaca|México|null|50741|15|50741|15|042|6654|Rural|null
50780|San Lorenzo Toxico Manzana Octava|Ejido|Ixtlahuaca|México|null|50741|15|50741|15|042|6655|Rural|null
50780|San Francisco Ixtlahuaca|Pueblo|Ixtlahuaca|México|null|50741|15|50741|28|042|7396|Rural|null
50780|San Francisco|Ranchería|Ixtlahuaca|México|null|50741|15|50741|29|042|8759|Rural|null
50783|San Antonio Bonixi|Pueblo|Ixtlahuaca|México|null|50741|15|50741|28|042|0772|Rural|null
50783|San Joaquín el Junco|Barrio|Ixtlahuaca|México|null|50741|15|50741|02|042|0774|Rural|null
50783|San Pedro la Cabecera|Barrio|Ixtlahuaca|México|null|50741|15|50741|02|042|0776|Urbano|null
50783|La Purísima|Ejido|Ixtlahuaca|México|null|50741|15|50741|15|042|0778|Rural|null
50783|San Joaquín la Cabecera|Barrio|Ixtlahuaca|México|null|50741|15|50741|02|042|6649|Rural|null
50783|San Jerónimo la Cañada|Pueblo|Ixtlahuaca|México|null|50741|15|50741|28|042|7395|Rural|null
50783|Hacienda la Purísima|Fraccionamiento|Ixtlahuaca|México|null|50741|15|50741|21|042|8763|Rural|null
50785|San Jerónimo Ixtapantongo|Pueblo|Ixtlahuaca|México|null|50741|15|50741|28|042|0777|Urbano|null
50785|San Jerónimo Ixtlapantongo|Ejido|Ixtlahuaca|México|null|50741|15|50741|15|042|8760|Rural|null
50800|Jiquipilco|Pueblo|Jiquipilco|México|null|50801|15|50801|28|047|0779|Urbano|null
50810|Manzana Primera la Capilla|Ranchería|Jiquipilco|México|null|50801|15|50801|29|047|6907|Rural|null
50810|Manzana Tercera Panthé|Ranchería|Jiquipilco|México|null|50801|15|50801|29|047|6914|Rural|null
50810|Manzana Segunda|Ranchería|Jiquipilco|México|null|50801|15|50801|29|047|6915|Rural|null
50810|Manzana Tercera Juashi|Ranchería|Jiquipilco|México|null|50801|15|50801|29|047|8160|Rural|null
50810|Manzana Tercera (Bodo)|Ranchería|Jiquipilco|México|null|50801|15|50801|29|047|8463|Rural|null
50810|Manzana Primera Parte Alta|Colonia|Jiquipilco|México|null|50801|15|50801|09|047|8727|Rural|null
50810|Las Palomitas (Puerto Jiquipilli)|Ranchería|Jiquipilco|México|null|50801|15|50801|29|047|8745|Rural|null
50810|Manzana Tercera Tasthe|Ranchería|Jiquipilco|México|null|50801|15|50801|29|047|8751|Rural|null
50813|Loma de Endotzi (Manzana Sexta)|Pueblo|Jiquipilco|México|null|50801|15|50801|28|047|0780|Rural|null
50813|Manzana Sexta Parte Centro|Ranchería|Jiquipilco|México|null|50801|15|50801|29|047|6903|Rural|null
50813|Manzana Quinta (La Cañada)|Ranchería|Jiquipilco|México|null|50801|15|50801|29|047|6904|Rural|null
50813|Manzana Sexta Parte Alta|Ranchería|Jiquipilco|México|null|50801|15|50801|29|047|8731|Rural|null
50813|Manzana Sexta Parte Baja|Ranchería|Jiquipilco|México|null|50801|15|50801|29|047|8732|Rural|null
50814|El Jaral (Tierra Montón)|Ranchería|Jiquipilco|México|null|50801|15|50801|29|047|6908|Rural|null
50814|Buenavista|Ranchería|Jiquipilco|México|null|50801|15|50801|29|047|8730|Rural|null
50815|San Francisco Portezuelo|Ranchería|Jiquipilco|México|null|50801|15|50801|29|047|0001|Rural|null
50815|Portezuelo|Pueblo|Jiquipilco|México|null|50801|15|50801|28|047|0781|Rural|null
50815|Loma del Madroño|Pueblo|Jiquipilco|México|null|50801|15|50801|28|047|6910|Rural|null
50816|Santa Isabel|Ejido|Jiquipilco|México|null|50801|15|50801|15|047|0787|Rural|null
50816|Manzana Cuarta|Pueblo|Jiquipilco|México|null|50801|15|50801|28|047|6906|Rural|null
50816|San Isidro|Ranchería|Jiquipilco|México|null|50801|15|50801|29|047|6916|Rural|null
50820|Mañi|Ejido|Jiquipilco|México|null|50801|15|50801|15|047|0785|Rural|null
50820|Santa María Nativitas el Colector|Ejido|Jiquipilco|México|null|50801|15|50801|15|047|0801|Rural|null
50820|Llano Grande (Planta Piloto)|Ejido|Jiquipilco|México|null|50801|15|50801|15|047|6912|Rural|null
50820|Las Golondrinas|Ranchería|Jiquipilco|México|null|50801|15|50801|29|047|8728|Rural|null
50823|Tierra Blanca|Ranchería|Jiquipilco|México|null|50801|15|50801|29|047|6919|Rural|null
50824|San Martín Morelos|Pueblo|Jiquipilco|México|null|50801|15|50801|28|047|0784|Rural|null
50824|Los Quiroz|Ranchería|Jiquipilco|México|null|50801|15|50801|29|047|8742|Rural|null
50825|San Miguel Yuxtepec|Pueblo|Jiquipilco|México|null|50801|15|50801|28|047|0782|Rural|null
50825|Sección del Cerrito|Ranchería|Jiquipilco|México|null|50801|15|50801|29|047|6917|Rural|null
50825|El Santuario del Señor del Cerrito|Equipamiento|Jiquipilco|México|null|50801|15|50801|17|047|8734|Rural|null
50825|Pie del Cerro|Ranchería|Jiquipilco|México|null|50801|15|50801|29|047|8743|Rural|null
50825|La Pastora|Ranchería|Jiquipilco|México|null|50801|15|50801|29|047|8750|Rural|null
50826|La Purísima|Colonia|Jiquipilco|México|null|50801|15|50801|09|047|6905|Rural|null
50830|Loma del Astillero|Pueblo|Jiquipilco|México|null|50801|15|50801|28|047|0788|Rural|null
50830|Manzana Cuarta de Santa Cruz Tepexpan|Pueblo|Jiquipilco|México|null|50801|15|50801|28|047|0797|Rural|null
50830|Manzana Tercera de Santa Cruz Tepexpan|Ranchería|Jiquipilco|México|null|50801|15|50801|29|047|6913|Rural|null
50830|Santa Cruz Tepexpan|Colonia|Jiquipilco|México|null|50801|15|50801|09|047|8726|Rural|null
50830|Manzana Segunda de Santa Cruz Tepexpan|Colonia|Jiquipilco|México|null|50801|15|50801|09|047|8733|Rural|null
50833|San José del Sitio|Pueblo|Jiquipilco|México|null|50801|15|50801|28|047|0791|Rural|null
50833|San Francisco el Alto|Ranchería|Jiquipilco|México|null|50801|15|50801|29|047|6918|Rural|null
50833|Bóximo|Ranchería|Jiquipilco|México|null|50801|15|50801|29|047|8492|Rural|null
50834|Alegre|Ranchería|Jiquipilco|México|null|50801|15|50801|29|047|0794|Rural|null
50834|Buenos Aires|Pueblo|Jiquipilco|México|null|50801|15|50801|28|047|0796|Rural|null
50835|Dolores Amarillas|Ejido|Jiquipilco|México|null|50801|15|50801|15|047|0793|Rural|null
50836|San Antonio Nixini|Pueblo|Jiquipilco|México|null|50801|15|50801|28|047|0792|Rural|null
50836|Hacienda Nixini|Ranchería|Jiquipilco|México|null|50801|15|50801|29|047|8735|Rural|null
50840|Loma Vicente Guerrero|Pueblo|Jiquipilco|México|null|50801|15|50801|28|047|0786|Rural|null
50840|Loma de San Felipe|Pueblo|Jiquipilco|México|null|50801|15|50801|28|047|0790|Rural|null
50840|Mañi (Ex-hacienda de Mañi)|Ranchería|Jiquipilco|México|null|50801|15|50801|29|047|0802|Rural|null
50840|Moxteje|Pueblo|Jiquipilco|México|null|50801|15|50801|28|047|0803|Rural|null
50840|Santa María Nativitas|Ejido|Jiquipilco|México|null|50801|15|50801|15|047|6901|Rural|null
50840|Los Ortices|Ranchería|Jiquipilco|México|null|50801|15|50801|29|047|8729|Rural|null
50840|Loma del Sitio|Colonia|Jiquipilco|México|null|50801|15|50801|09|047|8741|Rural|null
50840|Moxteje|Ejido|Jiquipilco|México|null|50801|15|50801|15|047|8748|Rural|null
50840|Santa María Nativitas|Pueblo|Jiquipilco|México|null|50801|15|50801|28|047|8958|Rural|null
50843|San Felipe y Santiago|Pueblo|Jiquipilco|México|null|50801|15|50801|28|047|0795|Urbano|null
50844|San Bartolo Oxtotitlán|Pueblo|Jiquipilco|México|null|50801|15|50801|28|047|0798|Rural|null
50844|De Sila (Ejido de Sila)|Ranchería|Jiquipilco|México|null|50801|15|50801|29|047|0799|Rural|null
50844|Loma Hermosa|Ranchería|Jiquipilco|México|null|50801|15|50801|29|047|6911|Rural|null
50844|Primero Buenos Aires|Ranchería|Jiquipilco|México|null|50801|15|50801|29|047|6920|Rural|null
50844|Benito Juárez San Felipe Santiago|Colonia|Jiquipilco|México|null|50801|15|50801|09|047|6921|Rural|null
50844|La Nopalera|Ranchería|Jiquipilco|México|null|50801|15|50801|29|047|8508|Rural|null
50844|Morelos San Felipe y Santiago|Colonia|Jiquipilco|México|null|50801|15|50801|09|047|8738|Rural|null
50845|Loma de Malacota|Pueblo|Jiquipilco|México|null|50801|15|50801|28|047|0789|Rural|null
50845|Emiliano Zapata|Colonia|Jiquipilco|México|null|50801|15|50801|09|047|6909|Rural|null
50845|Loma de San Pedro|Ranchería|Jiquipilco|México|null|50801|15|50801|29|047|8736|Rural|null
50845|Santa Lucía|Ranchería|Jiquipilco|México|null|50801|15|50801|29|047|8737|Rural|null
50846|Manzana Quinta de San Bartolo Oxtotitlán|Ranchería|Jiquipilco|México|null|50801|15|50801|29|047|6902|Rural|null
50847|Loma de Hidalgo|Pueblo|Jiquipilco|México|null|50801|15|50801|28|047|0800|Rural|null
50847|Colorado|Ranchería|Jiquipilco|México|null|50801|15|50801|29|047|0804|Rural|null
50847|El Rincón Loma de Hidalgo|Ranchería|Jiquipilco|México|null|50801|15|50801|29|047|8739|Rural|null
50847|Flores Magón|Colonia|Jiquipilco|México|null|50801|15|50801|09|047|8740|Rural|null
50847|Manzana Tercera Loma de Hidalgo|Colonia|Jiquipilco|México|null|50801|15|50801|09|047|8746|Rural|null
50847|Loma Hidalgo Manzana Cuarta|Colonia|Jiquipilco|México|null|50801|15|50801|09|047|8747|Rural|null
50847|Loma Hidalgo Colonia Benito Juárez|Colonia|Jiquipilco|México|null|50801|15|50801|09|047|8749|Rural|null
50848|Palo Gacho|Ranchería|Jiquipilco|México|null|50801|15|50801|29|047|8744|Rural|null
50850|Temoaya|Pueblo|Temoaya|México|null|50851|15|50851|28|087|0819|Urbano|null
50850|Tlaltenango Abajo|Barrio|Temoaya|México|null|50851|15|50851|02|087|6779|Rural|null
50850|Tlaltenango Arriba|Barrio|Temoaya|México|null|50851|15|50851|02|087|6943|Rural|null
50860|Loma Alta|Barrio|Temoaya|México|null|50851|15|50851|02|087|0810|Rural|null
50860|Pothé|Barrio|Temoaya|México|null|50851|15|50851|02|087|0812|Rural|null
50863|La Cañada|Barrio|Temoaya|México|null|50851|15|50851|02|087|0807|Rural|null
50863|Jiquipilco el Viejo|Pueblo|Temoaya|México|null|50851|15|50851|28|087|0829|Rural|null
50863|Tierra Blanca|Pueblo|Temoaya|México|null|50851|15|50851|28|087|6778|Rural|null
50864|Calle Real|Barrio|Temoaya|México|null|50851|15|50851|02|087|0823|Rural|null
50864|Cerrito del Panal|Pueblo|Temoaya|México|null|50851|15|50851|28|087|0825|Rural|null
50865|Enthavi|Pueblo|Temoaya|México|null|50851|15|50851|28|087|0828|Urbano|null
50865|Enthavi 2da Sección|Pueblo|Temoaya|México|null|50851|15|50851|28|087|7370|Urbano|null
50865|Enthavi 3ra Sección Ojo de Agua|Pueblo|Temoaya|México|null|50851|15|50851|28|087|7371|Rural|null
50865|Solalpan 2da Sección|Pueblo|Temoaya|México|null|50851|15|50851|28|087|7380|Rural|null
50866|Solalpan 1ra. Sección|Pueblo|Temoaya|México|null|50851|15|50851|28|087|0830|Rural|null
50866|San Pedro Abajo 2da Sección (Loma Larga)|Pueblo|Temoaya|México|null|50851|15|50851|28|087|0831|Rural|null
50866|Zanja Vieja|Barrio|Temoaya|México|null|50851|15|50851|02|087|0833|Rural|null
50866|Tlaltenanguito|Pueblo|Temoaya|México|null|50851|15|50851|28|087|0834|Rural|null
50866|Luis Donaldo Colosio Murrieta|Barrio|Temoaya|México|null|50851|15|50851|02|087|6775|Rural|null
50866|San Pedro Abajo|Pueblo|Temoaya|México|null|50851|15|50851|28|087|7377|Urbano|null
50866|San Pedro Abajo 1ra Sección (Loma del Caracol)|Ranchería|Temoaya|México|null|50851|15|50851|29|087|8655|Rural|null
50867|Puente Roto|Colonia|Temoaya|México|null|50851|15|50851|09|087|0003|Rural|null
50867|San Pedro Arriba 1ra. Sección|Ranchería|Temoaya|México|null|50851|15|50851|29|087|0004|Rural|null
50867|Laurel 1ra. Sección|Barrio|Temoaya|México|null|50851|15|50851|02|087|0827|Rural|null
50867|San Pedro Arriba 3a Sección|Pueblo|Temoaya|México|null|50851|15|50851|28|087|0832|Rural|null
50867|San Pedro Arriba 4ta Sección (Cinco Reales)|Pueblo|Temoaya|México|null|50851|15|50851|28|087|6944|Rural|null
50867|San Pedro Arriba 2da. Sección|Barrio|Temoaya|México|null|50851|15|50851|02|087|6946|Rural|null
50867|Laureles 2da Sección|Barrio|Temoaya|México|null|50851|15|50851|02|087|7374|Rural|null
50867|San Pedro Arriba|Pueblo|Temoaya|México|null|50851|15|50851|28|087|7378|Urbano|null
50867|San Pedro Arriba 5ta Sección (San Lorencito)|Pueblo|Temoaya|México|null|50851|15|50851|28|087|7379|Rural|null
50868|San Pedro Arriba 6ta. Sección|Ranchería|Temoaya|México|null|50851|15|50851|29|087|0005|Rural|null
50868|Centro Ceremonial Otomí|Colonia|Temoaya|México|null|50851|15|50851|09|087|8652|Rural|null
50869|Adolfo López Mateos|Colonia|Temoaya|México|null|50851|15|50851|09|087|7375|Rural|null
50870|San Lorenzo Oyamel|Pueblo|Temoaya|México|null|50851|15|50851|28|087|0817|Urbano|null
50870|Mimbres|Ejido|Temoaya|México|null|50851|15|50851|15|087|6780|Rural|null
50874|La Magdalena Tenexpan|Pueblo|Temoaya|México|null|50851|15|50851|28|087|0808|Rural|null
50874|Campamento Kilómetro 48|Ranchería|Temoaya|México|null|50851|15|50851|29|087|7373|Rural|null
50874|Molino Arriba|Barrio|Temoaya|México|null|50851|15|50851|02|087|7376|Urbano|null
50880|Hacienda las Trojes|Fraccionamiento|Temoaya|México|null|50851|15|50851|21|087|0001|Rural|null
50880|Buena Ventura|Fraccionamiento|Temoaya|México|null|50851|15|50851|21|087|0002|Rural|null
50880|De Trojes (San Antonio del Puente)|Ranchería|Temoaya|México|null|50851|15|50851|29|087|0809|Rural|null
50880|San José Pathé|Pueblo|Temoaya|México|null|50851|15|50851|28|087|0824|Rural|null
50880|Loma de Progreso|Pueblo|Temoaya|México|null|50851|15|50851|28|087|6774|Rural|null
50880|San Antonio del Puente|Pueblo|Temoaya|México|null|50851|15|50851|28|087|6776|Rural|null
50883|Dolores|Ejido|Temoaya|México|null|50851|15|50851|15|087|0806|Rural|null
50883|Morelos|Colonia|Temoaya|México|null|50851|15|50851|09|087|0835|Rural|null
50884|Llano de la Y|Pueblo|Temoaya|México|null|50851|15|50851|28|087|6773|Rural|null
50885|San José Buenavista el Grande|Pueblo|Temoaya|México|null|52061|15|52061|28|087|0814|Rural|null
50885|Rinconada del Valle|Fraccionamiento|Temoaya|México|null|52061|15|52061|21|087|8486|Urbano|null
50886|Molino Abajo|Barrio|Temoaya|México|null|50851|15|50851|02|087|0811|Urbano|null
50886|Loma de San Nicolás|Colonia|Temoaya|México|null|50851|15|50851|09|087|6945|Rural|null
50886|La Magdalena Tenexpan 3ra. Sección|Pueblo|Temoaya|México|null|50851|15|50851|28|087|7382|Rural|null
50886|La Magdalena Tenexpan 4ta. Sección|Ranchería|Temoaya|México|null|50851|15|50851|29|087|8653|Rural|null
50890|San Diego Alcalá|Pueblo|Temoaya|México|null|50851|15|50851|28|087|0813|Urbano|null
50890|Lázaro Cárdenas|Colonia|Temoaya|México|null|50851|15|50851|09|087|0821|Rural|null
50890|Emiliano Zapata (Ejido Santiago Temoaya)|Colonia|Temoaya|México|null|50851|15|50851|09|087|7381|Rural|null
50890|Silverio Galicia García|Ranchería|Temoaya|México|null|50851|15|50851|29|087|8654|Rural|null
50893|San José Comalco|Pueblo|Temoaya|México|null|50851|15|50851|28|087|0815|Rural|null
50893|San Mateo Alcalá|Pueblo|Temoaya|México|null|50851|15|50851|28|087|6777|Rural|null
50894|San Lucas|Ranchería|Temoaya|México|null|50851|15|50851|29|087|0006|Rural|null
50894|San José las Lomas|Pueblo|Temoaya|México|null|50851|15|50851|28|087|0816|Rural|null
50895|Allende|Ejido|Temoaya|México|null|50851|15|50851|15|087|0805|Rural|null
50895|Las Lomas|Ranchería|Temoaya|México|null|50851|15|50851|29|087|0822|Rural|null
50896|Taborda|Ejido|Temoaya|México|null|50851|15|50851|15|087|0818|Rural|null
50900|Almoloya de Juárez Centro|Colonia|Almoloya de Juárez|México|Almoloya de Juárez|50901|15|50901|09|005|0836|Rural|39
50900|Armando Bernal|Unidad habitacional|Almoloya de Juárez|México|Almoloya de Juárez|50901|15|50901|31|005|5202|Rural|39
50900|Ecológico SUTEYM|Fraccionamiento|Almoloya de Juárez|México|Almoloya de Juárez|50901|15|50901|21|005|5203|Urbano|39
50900|Loma de Juárez|Colonia|Almoloya de Juárez|México|null|50901|15|50901|09|005|5244|Urbano|null
50900|El Plan de San Pedro|Colonia|Almoloya de Juárez|México|null|50901|15|50901|09|005|8542|Rural|null
50900|San Pedro|Barrio|Almoloya de Juárez|México|Almoloya de Juárez|50901|15|50901|02|005|9098|Urbano|39
50903|Mina México|Pueblo|Almoloya de Juárez|México|null|50901|15|50901|28|005|0841|Rural|null
50903|San Pedro|Ejido|Almoloya de Juárez|México|null|50901|15|50901|15|005|0844|Rural|null
50903|Santa Juana Primera Sección|Pueblo|Almoloya de Juárez|México|null|50901|15|50901|28|005|0847|Rural|null
50903|Colinas del Sol|Fraccionamiento|Almoloya de Juárez|México|null|50901|15|50901|21|005|6398|Urbano|null
50903|Rincón del Alamo|Fraccionamiento|Almoloya de Juárez|México|null|50901|15|50901|21|005|7461|Rural|null
50903|San Pedro Zona Norte|Barrio|Almoloya de Juárez|México|null|50901|15|50901|02|005|8535|Rural|null
50903|Ejido de San Lorenzo Cuauhtenco|Ranchería|Almoloya de Juárez|México|null|50901|15|50901|29|005|8540|Rural|null
50903|San José Amealco (Rancho el Capulín)|Rancho|Almoloya de Juárez|México|null|50901|15|50901|48|005|8555|Rural|null
50903|San Nicolás|Rancho|Almoloya de Juárez|México|null|50901|15|50901|48|005|8556|Rural|null
50904|Cereso Almoloya|Equipamiento|Almoloya de Juárez|México|null|50901|15|50901|17|005|0838|Urbano|null
50904|Barrio de la Cabecera Primera Sección|Pueblo|Almoloya de Juárez|México|null|50901|15|50901|28|005|0840|Rural|null
50904|San Mateo Tlalchichilpan|Pueblo|Almoloya de Juárez|México|null|50901|15|50901|28|005|0842|Urbano|null
50904|Santiaguito Tlalcilalcalli|Pueblo|Almoloya de Juárez|México|null|50901|15|50901|28|005|0848|Urbano|null
50904|Barrio de la Cabecera Tercera Sección|Pueblo|Almoloya de Juárez|México|null|50901|15|50901|28|005|6814|Rural|null
50904|Framboyanes|Fraccionamiento|Almoloya de Juárez|México|null|50901|15|50901|21|005|7462|Urbano|null
50904|La Cabecera|Barrio|Almoloya de Juárez|México|null|50901|15|50901|02|005|7463|Urbano|null
50904|Barrio Santa Juana|Ranchería|Almoloya de Juárez|México|null|50901|15|50901|29|005|8536|Rural|null
50904|Cerro San Mateo|Ranchería|Almoloya de Juárez|México|null|50901|15|50901|29|005|8538|Rural|null
50906|San Miguel Almoloyán|Pueblo|Almoloya de Juárez|México|null|50901|15|50901|28|005|0851|Urbano|null
50906|Santa María Nativitas|Pueblo|Almoloya de Juárez|México|null|50901|15|50901|28|005|0852|Rural|null
50906|El Tepetatal|Barrio|Almoloya de Juárez|México|null|50901|15|50901|02|005|6819|Rural|null
50906|La Navidad|Colonia|Almoloya de Juárez|México|null|50901|15|50901|09|005|8539|Rural|null
50907|San Pedro de la Hortaliza (Ejido Almoloyán)|Ejido|Almoloya de Juárez|México|null|50901|15|50901|15|005|0846|Rural|null
50907|San Lorenzo Cuauhtenco|Pueblo|Almoloya de Juárez|México|null|50901|15|50901|28|005|0850|Rural|null
50907|El Plan|Barrio|Almoloya de Juárez|México|null|50901|15|50901|02|005|7460|Rural|null
50910|Benito Juárez|Pueblo|Almoloya de Juárez|México|null|50901|15|50901|28|005|0837|Rural|null
50910|Tabernillas (Santa Catarina)|Pueblo|Almoloya de Juárez|México|null|50901|15|50901|28|005|0853|Rural|null
50910|Mextepec (Ex-Hacienda Mextepec)|Pueblo|Almoloya de Juárez|México|null|50901|15|50901|28|005|0858|Rural|null
50910|Laguna de Tabernillas (El Resbaloso)|Pueblo|Almoloya de Juárez|México|null|50901|15|50901|28|005|6825|Rural|null
50910|Loma del Jacal (Loma de las Mangas)|Ranchería|Almoloya de Juárez|México|null|50901|15|50901|29|005|8548|Rural|null
50920|Conjunto Urbano Rancho San Juan|Fraccionamiento|Almoloya de Juárez|México|null|50901|15|50901|21|005|0001|Urbano|null
50920|Mayorazgo de León (Estación Río México)|Pueblo|Almoloya de Juárez|México|null|50901|15|50901|28|005|0857|Urbano|null
50920|Salitre de Mañones|Pueblo|Almoloya de Juárez|México|null|50901|15|50901|28|005|0860|Rural|null
50920|San Antonio Atotonilco|Ranchería|Almoloya de Juárez|México|null|50901|15|50901|29|005|0861|Rural|null
50920|Santa Juana Centro (La Palma)|Pueblo|Almoloya de Juárez|México|null|50901|15|50901|28|005|0863|Rural|null
50920|San Agustín Citlali|Pueblo|Almoloya de Juárez|México|null|50901|15|50901|28|005|6808|Rural|null
50920|Santa Juana Segunda Sección|Pueblo|Almoloya de Juárez|México|null|50901|15|50901|28|005|6811|Rural|null
50920|Del Carmen|Barrio|Almoloya de Juárez|México|null|50901|15|50901|02|005|6812|Rural|null
50920|Ejido San Antonio Ocoyotepec|Ranchería|Almoloya de Juárez|México|null|50901|15|50901|29|005|6836|Rural|null
50920|Santa Juana Primera Sección|Ejido|Almoloya de Juárez|México|null|50901|15|50901|15|005|8541|Rural|null
50920|Ex-Hacienda Boreje|Ranchería|Almoloya de Juárez|México|null|50901|15|50901|29|005|8543|Rural|null
50920|Atotonilco|Ranchería|Almoloya de Juárez|México|null|50901|15|50901|29|005|8552|Rural|null
50924|Cieneguillas de Mañones|Ranchería|Almoloya de Juárez|México|null|50901|15|50901|29|005|0866|Rural|null
50924|San Agustín las Tablas|Pueblo|Almoloya de Juárez|México|null|50901|15|50901|28|005|0867|Rural|null
50925|Loma del Salitre|Colonia|Almoloya de Juárez|México|null|50901|15|50901|09|005|0868|Rural|null
50925|La Unión de Ocoyotepec|Barrio|Almoloya de Juárez|México|null|50901|15|50901|02|005|0869|Rural|null
50925|Loma del Rancho|Ranchería|Almoloya de Juárez|México|null|50901|15|50901|29|005|8549|Rural|null
50926|Casa Nueva (Casa Nueva Yebuciví)|Pueblo|Almoloya de Juárez|México|null|50901|15|50901|28|005|0870|Rural|null
50926|El Santito (Barrio el Santito Yebuciví)|Ranchería|Almoloya de Juárez|México|null|50901|15|50901|29|005|6820|Rural|null
50926|Barrio los Lagartos Yebuciví|Ranchería|Almoloya de Juárez|México|null|50901|15|50901|29|005|6828|Rural|null
50926|Río Frío (Río Frío Yebuciví)|Barrio|Almoloya de Juárez|México|null|50901|15|50901|02|005|6833|Rural|null
50927|Ocoyotepec (Ocoyotepec Centro)|Pueblo|Almoloya de Juárez|México|null|50901|15|50901|28|005|0859|Rural|null
50927|Yebuciví Centro (Yebuciví)|Pueblo|Almoloya de Juárez|México|null|50901|15|50901|28|005|0871|Rural|null
50927|Palos Amarillos (Palos Amarillos Yebuciví)|Pueblo|Almoloya de Juárez|México|null|50901|15|50901|28|005|0872|Rural|null
50927|El Plan Ocoyotepec|Barrio|Almoloya de Juárez|México|null|50901|15|50901|02|005|6810|Rural|null
50927|Barrio del Jacal de Yebuciví|Barrio|Almoloya de Juárez|México|null|50901|15|50901|02|005|6813|Rural|null
50927|Lázaro Cárdenas (La Trampa)|Colonia|Almoloya de Juárez|México|null|50901|15|50901|09|005|6817|Rural|null
50927|La Soledad Ocoyotepec|Pueblo|Almoloya de Juárez|México|null|50901|15|50901|28|005|6823|Rural|null
50927|Buenavista Yebuciví|Barrio|Almoloya de Juárez|México|null|50901|15|50901|02|005|7457|Rural|null
50927|La Lagunita Yebuciví|Ranchería|Almoloya de Juárez|México|null|50901|15|50901|29|005|7458|Rural|null
50930|La Tinaja|Pueblo|Almoloya de Juárez|México|null|50901|15|50901|28|005|0874|Rural|null
50930|Ejido la Gavia (San José la Gavia)|Pueblo|Almoloya de Juárez|México|null|50901|15|50901|28|005|0878|Rural|null
50930|Hacienda la Gavia|Ranchería|Almoloya de Juárez|México|null|50901|15|50901|29|005|8544|Rural|null
50933|Cieneguillas de Guadalupe|Pueblo|Almoloya de Juárez|México|null|50901|15|50901|28|005|0839|Rural|null
50933|San Cristóbal|Ejido|Almoloya de Juárez|México|null|50901|15|50901|15|005|0854|Rural|null
50933|Loma de la Tinaja|Barrio|Almoloya de Juárez|México|null|50901|15|50901|02|005|7459|Rural|null
50934|Ejido San Diego|Pueblo|Almoloya de Juárez|México|null|50901|15|50901|28|005|0855|Rural|null
50934|Paredón Ejido Norte|Pueblo|Almoloya de Juárez|México|null|50901|15|50901|28|005|6829|Rural|null
50934|La Hortaliza|Ranchería|Almoloya de Juárez|México|null|50901|15|50901|29|005|8545|Rural|null
50934|Paredón Ejido|Ranchería|Almoloya de Juárez|México|null|50901|15|50901|29|005|8550|Rural|null
50934|San Diego (Ciénega de San Diego)|Ranchería|Almoloya de Juárez|México|null|50901|15|50901|29|005|8551|Rural|null
50934|San Diego Buenavista (Ejido San Diego)|Rancho|Almoloya de Juárez|México|null|50901|15|50901|48|005|8554|Rural|null
50934|Santiaguito|Ranchería|Almoloya de Juárez|México|null|50901|15|50901|29|005|9088|Rural|null
50935|Loma Blanca|Ranchería|Almoloya de Juárez|México|null|50901|15|50901|29|005|0876|Rural|null
50935|Paredón Centro|Pueblo|Almoloya de Juárez|México|null|50901|15|50901|28|005|0879|Rural|null
50935|El Tulillo|Ranchería|Almoloya de Juárez|México|null|50901|15|50901|29|005|0891|Rural|null
50935|La Galera (La Galera)|Barrio|Almoloya de Juárez|México|null|50901|15|50901|02|005|8534|Rural|null
50940|San Francisco Tlalcilalcalpan|Pueblo|Almoloya de Juárez|México|null|50901|15|50901|28|005|0877|Urbano|null
50940|Cañada de Guadarrama|Pueblo|Almoloya de Juárez|México|null|50901|15|50901|28|005|0880|Rural|null
50940|San Isidro (El Reservado)|Pueblo|Almoloya de Juárez|México|null|50901|15|50901|28|005|6809|Rural|null
50940|Santa Cruz de los Patos|Barrio|Almoloya de Juárez|México|null|50901|15|50901|02|005|8503|Urbano|null
50940|Rancho Carbajales|Fraccionamiento|Almoloya de Juárez|México|null|50901|15|50901|21|005|8504|Urbano|null
50940|Besana Ancha|Barrio|Almoloya de Juárez|México|null|50901|15|50901|02|005|8537|Rural|null
50943|Colinas de San Francisco|Fraccionamiento|Almoloya de Juárez|México|null|50901|15|50901|21|005|0003|Rural|null
50943|Rancho Viejo|Colonia|Almoloya de Juárez|México|null|50901|15|50901|09|005|0004|Rural|null
50943|Loma de Guadalupe|Ranchería|Almoloya de Juárez|México|null|50901|15|50901|29|005|0005|Rural|null
50943|Bellavista|Colonia|Almoloya de Juárez|México|null|50901|15|50901|09|005|0881|Rural|null
50943|Geovillas el Nevado|Fraccionamiento|Almoloya de Juárez|México|null|50901|15|50901|21|005|6397|Urbano|null
50944|La Lima|Ranchería|Almoloya de Juárez|México|null|50901|15|50901|29|005|0002|Rural|null
50944|Arroyo Zarco la Mesa|Pueblo|Almoloya de Juárez|México|null|50901|15|50901|28|005|0882|Rural|null
50944|Dilatada Sur (Dilatada)|Pueblo|Almoloya de Juárez|México|null|50901|15|50901|28|005|0884|Rural|null
50944|La Posta|Ranchería|Almoloya de Juárez|México|null|50901|15|50901|29|005|8546|Rural|null
50944|Arroyo Zarco|Ranchería|Almoloya de Juárez|México|null|50901|15|50901|29|005|9089|Rural|null
50945|San Nicolás Amealco|Pueblo|Almoloya de Juárez|México|null|50901|15|50901|28|005|0875|Rural|null
50945|El Estanco|Colonia|Almoloya de Juárez|México|null|50901|15|50901|09|005|0885|Rural|null
50945|San Antonio Buenavista|Pueblo|Almoloya de Juárez|México|null|50901|15|50901|28|005|0887|Rural|null
50945|El Estanco|Ejido|Almoloya de Juárez|México|null|50901|15|50901|15|005|9493|Rural|null
50946|San Agustín Poteje Centro|Pueblo|Almoloya de Juárez|México|null|50901|15|50901|28|005|0888|Rural|null
50946|Rosa Morada|Pueblo|Almoloya de Juárez|México|null|50901|15|50901|28|005|6807|Rural|null
50946|Santa María Nativitas (Ejido Tres Barrancas)|Ejido|Almoloya de Juárez|México|null|50901|15|50901|15|005|6818|Rural|null
50946|Poteje Norte|Pueblo|Almoloya de Juárez|México|null|50901|15|50901|28|005|6831|Rural|null
50946|Poteje Sur|Pueblo|Almoloya de Juárez|México|null|50901|15|50901|28|005|6832|Rural|null
50946|Loma de San Miguel|Barrio|Almoloya de Juárez|México|null|50901|15|50901|02|005|8547|Rural|null
50946|Olaldea (Colonia Olaldea)|Unidad habitacional|Almoloya de Juárez|México|null|50901|15|50901|31|005|8557|Rural|null
50960|Rancho de los Padres Propiedad|Ranchería|Villa Victoria|México|null|50961|15|50961|29|114|0008|Rural|null
50960|Villa Victoria|Pueblo|Villa Victoria|México|null|50961|15|50961|28|114|0909|Rural|null
50963|Santa Isabel del Monte|Pueblo|Villa Victoria|México|null|50961|15|50961|28|114|0906|Rural|null
50963|El Fresno San Agustín|Pueblo|Villa Victoria|México|null|50961|15|50961|28|114|6858|Rural|null
50964|Laguna Seca Ejido Primera Sección|Ejido|Villa Victoria|México|null|50961|15|50961|15|114|0897|Rural|null
50964|San Agustín Altamirano Primera Sección|Pueblo|Villa Victoria|México|null|50961|15|50961|28|114|0899|Rural|null
50964|Sansón|Pueblo|Villa Victoria|México|null|50961|15|50961|28|114|0917|Rural|null
50964|Turcio Segunda Sección|Ranchería|Villa Victoria|México|null|50961|15|50961|29|114|9683|Rural|null
50965|Piedras Blancas Sur|Ranchería|Villa Victoria|México|null|50961|15|50961|29|114|0004|Rural|null
50965|Ejido de Jesús María Segunda Sección|Ranchería|Villa Victoria|México|null|50961|15|50961|29|114|0009|Rural|null
50965|San Joaquín del Monte|Pueblo|Villa Victoria|México|null|50961|15|50961|28|114|0911|Rural|null
50965|Puente los Velázquez|Barrio|Villa Victoria|México|null|50961|15|50961|02|114|6842|Rural|null
50965|Doctor Gustavo Baz|Colonia|Villa Victoria|México|null|50961|15|50961|09|114|6854|Rural|null
50965|Los Padres|Ejido|Villa Victoria|México|null|50961|15|50961|15|114|6856|Rural|null
50965|Hospital Propiedad, Dos Estrellas|Pueblo|Villa Victoria|México|null|50961|15|50961|28|114|6860|Rural|null
50965|Jesús María|Ejido|Villa Victoria|México|null|50961|15|50961|15|114|7348|Rural|null
50965|El Hospital|Ejido|Villa Victoria|México|null|50961|15|50961|15|114|7364|Rural|null
50965|Los Matorrales|Barrio|Villa Victoria|México|null|50961|15|50961|02|114|7368|Rural|null
50966|Santiago del Monte|Pueblo|Villa Victoria|México|null|50961|15|50961|28|114|0907|Rural|null
50966|Laguna Seca 2da Sección|Pueblo|Villa Victoria|México|null|50961|15|50961|28|114|6855|Rural|null
50966|El Gallito|Barrio|Villa Victoria|México|null|50961|15|50961|02|114|7351|Rural|null
50966|San Agustín Altamirano Segunda Sección|Pueblo|Villa Victoria|México|null|50961|15|50961|28|114|7359|Rural|null
50967|San Luis el Alto|Pueblo|Villa Victoria|México|null|50961|15|50961|28|114|0902|Rural|null
50967|San Luis la Gavia|Ranchería|Villa Victoria|México|null|50961|15|50961|29|114|0903|Rural|null
50967|San Luis la Manzana|Pueblo|Villa Victoria|México|null|50961|15|50961|28|114|0904|Rural|null
50967|Turcio Primera Sección|Pueblo|Villa Victoria|México|null|50961|15|50961|28|114|0908|Rural|null
50967|Turcio la Loma|Pueblo|Villa Victoria|México|null|50961|15|50961|28|114|7356|Rural|null
50967|Turcio 3ra. Sección|Pueblo|Villa Victoria|México|null|50961|15|50961|28|114|7357|Rural|null
50970|Laguna Seca Propiedad|Pueblo|Villa Victoria|México|null|50961|15|50961|28|114|0916|Rural|null
50973|San Agustín Canohillas Primera Sección|Pueblo|Villa Victoria|México|null|50961|15|50961|28|114|0901|Rural|null
50973|La Unión Berros|Pueblo|Villa Victoria|México|null|50961|15|50961|28|114|0912|Rural|null
50973|San Agustín Canohillas Segunda Sección|Pueblo|Villa Victoria|México|null|50961|15|50961|28|114|7353|Rural|null
50973|San Agustín Monte Alto, La Trampa|Pueblo|Villa Victoria|México|null|50961|15|50961|28|114|7354|Rural|null
50974|San Agustín Berros|Pueblo|Villa Victoria|México|null|50961|15|50961|28|114|0900|Rural|null
50974|Dolores Vaquerías|Pueblo|Villa Victoria|México|null|50961|15|50961|28|114|0913|Rural|null
50974|Sección de Guadalupe|Pueblo|Villa Victoria|México|null|50961|15|50961|28|114|0914|Rural|null
50975|Cerritos del Pilar|Pueblo|Villa Victoria|México|null|50961|15|50961|28|114|0893|Rural|null
50975|Las Peñas|Pueblo|Villa Victoria|México|null|50961|15|50961|28|114|0898|Rural|null
50975|San Pedro del Rincón|Pueblo|Villa Victoria|México|null|50961|15|50961|28|114|0905|Rural|null
50975|El Vivero|Barrio|Villa Victoria|México|null|50961|15|50961|02|114|6851|Rural|null
50975|La Puerta del Pilar|Pueblo|Villa Victoria|México|null|50961|15|50961|28|114|6863|Rural|null
50975|Jesús María Monte Alto|Pueblo|Villa Victoria|México|null|50961|15|50961|28|114|7365|Rural|null
50975|Ojitos de Agua|Ranchería|Villa Victoria|México|null|50961|15|50961|29|114|9627|Rural|null
50980|Potrero de San Diego|Pueblo|Villa Victoria|México|null|50961|15|50961|28|114|0919|Rural|null
50983|Los Remedios Suchitepec|Barrio|Villa Victoria|México|null|50961|15|50961|02|114|0006|Rural|null
50983|Palizada|Pueblo|Villa Victoria|México|null|50961|15|50961|28|114|0918|Rural|null
50983|Cerrillo Grande|Barrio|Villa Victoria|México|null|50961|15|50961|02|114|6839|Rural|null
50983|Santa Cruz de la Rosa|Barrio|Villa Victoria|México|null|50961|15|50961|02|114|6847|Rural|null
50983|Cerrillo Chico|Barrio|Villa Victoria|México|null|50961|15|50961|02|114|6853|Rural|null
50984|San Diego Suchitepec|Pueblo|Villa Victoria|México|null|50961|15|50961|28|114|0920|Rural|null
50984|Agua Zarca|Pueblo|Villa Victoria|México|null|50961|15|50961|28|114|6837|Rural|null
50984|Agua Grande|Pueblo|Villa Victoria|México|null|50961|15|50961|28|114|6838|Rural|null
50984|Los Cedros Suchitepec|Barrio|Villa Victoria|México|null|50961|15|50961|02|114|6841|Rural|null
50984|Nuevo Bosque|Barrio|Villa Victoria|México|null|50961|15|50961|02|114|6850|Rural|null
50984|La Mesa|Pueblo|Villa Victoria|México|null|50961|15|50961|28|114|6862|Rural|null
50984|Loma de la Rosa|Pueblo|Villa Victoria|México|null|50961|15|50961|28|114|6865|Rural|null
50984|El Jacal|Pueblo|Villa Victoria|México|null|50961|15|50961|28|114|7344|Rural|null
50984|La Providencia|Barrio|Villa Victoria|México|null|50961|15|50961|02|114|7345|Rural|null
50984|El Panteón|Barrio|Villa Victoria|México|null|50961|15|50961|02|114|7369|Rural|null
50985|Casas Coloradas|Pueblo|Villa Victoria|México|null|50961|15|50961|28|114|0921|Rural|null
50985|El Espinal|Pueblo|Villa Victoria|México|null|50961|15|50961|28|114|0922|Rural|null
50985|San Felipe de la Rosa|Pueblo|Villa Victoria|México|null|50961|15|50961|28|114|0924|Rural|null
50985|La Presa|Ranchería|Villa Victoria|México|null|50961|15|50961|29|114|5467|Rural|null
50986|El Catorce|Barrio|Villa Victoria|México|null|50961|15|50961|02|114|6857|Rural|null
50986|Vaquerías Palizada|Barrio|Villa Victoria|México|null|50961|15|50961|02|114|7338|Rural|null
50986|Mesa de Suchitímber|Barrio|Villa Victoria|México|null|50961|15|50961|02|114|7339|Rural|null
50986|El Capulín|Barrio|Villa Victoria|México|null|50961|15|50961|02|114|7340|Rural|null
50986|Villa Victoria|Ejido|Villa Victoria|México|null|50961|15|50961|15|114|7341|Rural|null
50986|Mesa del Espinal|Barrio|Villa Victoria|México|null|50961|15|50961|02|114|7343|Rural|null
50986|Ojo de Agua|Barrio|Villa Victoria|México|null|50961|15|50961|02|114|7366|Rural|null
50987|El Atole|Barrio|Villa Victoria|México|null|50961|15|50961|02|114|7332|Rural|null
50987|Los Aviones|Barrio|Villa Victoria|México|null|50961|15|50961|02|114|7333|Rural|null
50987|Las Milpas|Barrio|Villa Victoria|México|null|50961|15|50961|02|114|7334|Rural|null
50987|Campo Nuevo|Barrio|Villa Victoria|México|null|50961|15|50961|02|114|7335|Rural|null
50987|Loma Larga|Barrio|Villa Victoria|México|null|50961|15|50961|02|114|7336|Rural|null
50987|Loma del Burro|Barrio|Villa Victoria|México|null|50961|15|50961|02|114|7337|Rural|null
50990|De San Isidro|Barrio|Villa Victoria|México|null|50961|15|50961|02|114|6845|Rural|null
50993|Piedras Blancas (Piedras Blancas Centro)|Pueblo|Villa Victoria|México|null|50961|15|50961|28|114|0003|Rural|null
50993|Mina Vieja|Pueblo|Villa Victoria|México|null|50961|15|50961|28|114|0925|Rural|null
50993|Centro del Cerrillo|Barrio|Villa Victoria|México|null|50961|15|50961|02|114|6840|Rural|null
50994|El Ocote|Barrio|Villa Victoria|México|null|50961|15|50961|02|114|0002|Rural|null
50994|San Marcos de la Loma|Pueblo|Villa Victoria|México|null|50961|15|50961|28|114|0930|Rural|null
50994|De San Miguel|Barrio|Villa Victoria|México|null|50961|15|50961|02|114|6846|Rural|null
50994|La Campanilla|Pueblo|Villa Victoria|México|null|50961|15|50961|28|114|6861|Rural|null
50994|Sitio Centro|Pueblo|Villa Victoria|México|null|50961|15|50961|28|114|7349|Rural|null
50994|Sitio Ejido|Pueblo|Villa Victoria|México|null|50961|15|50961|28|114|7350|Rural|null
50995|Loma del Molino|Barrio|Villa Victoria|México|null|50961|15|50961|02|114|0007|Rural|null
50995|Venta de Ocotillos|Pueblo|Villa Victoria|México|null|50961|15|50961|28|114|0932|Rural|null
50995|El Cerrillo|Barrio|Villa Victoria|México|null|50961|15|50961|02|114|6848|Rural|null
50995|Ex-Hacienda de Ayala|Pueblo|Villa Victoria|México|null|50961|15|50961|28|114|6859|Rural|null
50995|San Roque|Pueblo|Villa Victoria|México|null|50961|15|50961|28|114|7362|Rural|null
50996|Loma de San José|Ranchería|Villa Victoria|México|null|50961|15|50961|29|114|0005|Rural|null
50996|Loma de Guadalupe|Pueblo|Villa Victoria|México|null|50961|15|50961|28|114|0927|Rural|null
50996|San Diego del Cerrito|Pueblo|Villa Victoria|México|null|50961|15|50961|28|114|0929|Rural|null
50996|De Puentecillas|Barrio|Villa Victoria|México|null|50961|15|50961|02|114|6843|Rural|null
50996|Ramejé|Barrio|Villa Victoria|México|null|50961|15|50961|02|114|6844|Rural|null
50996|El Centenario|Barrio|Villa Victoria|México|null|50961|15|50961|02|114|6849|Rural|null
50996|San Antonio del Rincón|Pueblo|Villa Victoria|México|null|50961|15|50961|28|114|7347|Rural|null
50997|Loma de Lienzo|Pueblo|Villa Victoria|México|null|50961|15|50961|28|114|0001|Rural|null
50997|Cuadrilla Vieja|Pueblo|Villa Victoria|México|null|50961|15|50961|28|114|0926|Rural|null
50997|Los Cedros|Pueblo|Villa Victoria|México|null|50961|15|50961|28|114|0928|Rural|null
50997|La Alameda|Pueblo|Villa Victoria|México|null|50961|15|50961|28|114|0931|Rural|null
50997|Centro del Cerrillo|Pueblo|Villa Victoria|México|null|50961|15|50961|28|114|6852|Rural|null
51000|Cabecera de Indígenas|Pueblo|Villa de Allende|México|null|51001|15|51001|28|111|0935|Rural|null
51000|San José Villa de Allende|Pueblo|Villa de Allende|México|null|51001|15|51001|28|111|0947|Urbano|null
51004|Vare Chiquichuca|Pueblo|Villa de Allende|México|null|51001|15|51001|28|111|0946|Rural|null
51004|Batán Chico|Ranchería|Villa de Allende|México|null|51001|15|51001|29|111|9653|Rural|null
51004|Casa Blanca|Barrio|Villa de Allende|México|null|51001|15|51001|02|111|9654|Rural|null
51004|Manzana del Puerto|Ranchería|Villa de Allende|México|null|51001|15|51001|29|111|9658|Rural|null
51004|Los Hoyos|Barrio|Villa de Allende|México|null|51001|15|51001|02|111|9664|Rural|null
51005|San Pablo Malacatepec|Pueblo|Villa de Allende|México|null|51001|15|51001|28|111|0943|Rural|null
51005|Santa Teresa|Pueblo|Villa de Allende|México|null|51001|15|51001|28|111|0944|Rural|null
51005|La Peña|Pueblo|Villa de Allende|México|null|51001|15|51001|28|111|0966|Rural|null
51005|Ampliación Ejido de San Ildefonso|Barrio|Villa de Allende|México|null|51001|15|51001|02|111|8062|Rural|null
51005|Mesa Chica|Ranchería|Villa de Allende|México|null|51001|15|51001|29|111|9551|Rural|null
51005|Loma Chica|Ranchería|Villa de Allende|México|null|51001|15|51001|29|111|9662|Rural|null
51005|Loma de San Pablo|Ranchería|Villa de Allende|México|null|51001|15|51001|29|111|9663|Rural|null
51006|San Juan|Barrio|Villa de Allende|México|null|51001|15|51001|02|111|8256|Rural|null
51006|Manzana los Colchones|Barrio|Villa de Allende|México|null|51001|15|51001|02|111|8528|Rural|null
51007|San Jerónimo Totoltepec|Pueblo|Villa de Allende|México|null|51001|15|51001|28|111|0940|Rural|null
51007|El Aventurero|Pueblo|Villa de Allende|México|null|51001|15|51001|28|111|0949|Rural|null
51007|Chiquichuca|Barrio|Villa de Allende|México|null|51001|15|51001|02|111|9655|Rural|null
51007|El Chirimoyo|Barrio|Villa de Allende|México|null|51001|15|51001|02|111|9657|Rural|null
51007|Mesas de San Jerónimo|Barrio|Villa de Allende|México|null|51001|15|51001|02|111|9661|Rural|null
51007|El Potrero|Ranchería|Villa de Allende|México|null|51001|15|51001|29|111|9670|Rural|null
51007|Santa Cruz, San Jerónimo Totoltepec|Barrio|Villa de Allende|México|null|51001|15|51001|02|111|9676|Rural|null
51008|San Ildefonso|Pueblo|Villa de Allende|México|null|51001|15|51001|28|111|0950|Rural|null
51008|Manzana de Cashte|Ranchería|Villa de Allende|México|null|51001|15|51001|29|111|8477|Rural|null
51009|De San Miguel|Barrio|Villa de Allende|México|null|51001|15|51001|02|111|0942|Rural|null
51009|Barrio de Santiago|Barrio|Villa de Allende|México|null|51001|15|51001|02|111|0945|Rural|null
51009|Santa María de las Delicias|Pueblo|Villa de Allende|México|null|51001|15|51001|28|111|0951|Rural|null
51010|Los Cedros|Barrio|Villa de Allende|México|null|51001|15|51001|02|111|0001|Rural|null
51010|Loma de Juárez|Pueblo|Villa de Allende|México|null|51001|15|51001|28|111|0937|Urbano|null
51013|San Francisco de Asís|Pueblo|Villa de Allende|México|null|51001|15|51001|28|111|0958|Rural|null
51013|El Boncho|Barrio|Villa de Allende|México|null|51001|15|51001|02|111|9648|Rural|null
51013|La Joya|Barrio|Villa de Allende|México|null|51001|15|51001|02|111|9650|Rural|null
51014|El Salto|Barrio|Villa de Allende|México|null|51001|15|51001|02|111|9649|Rural|null
51014|Los Tules|Barrio|Villa de Allende|México|null|51001|15|51001|02|111|9652|Rural|null
51015|El Jacal|Pueblo|Villa de Allende|México|null|51001|15|51001|28|111|0953|Rural|null
51015|Salitre del Cerro|Pueblo|Villa de Allende|México|null|51001|15|51001|28|111|0954|Rural|null
51015|San Isidro|Pueblo|Villa de Allende|México|null|51001|15|51001|28|111|0955|Rural|null
51015|Soledad del Salitre|Pueblo|Villa de Allende|México|null|51001|15|51001|28|111|0956|Rural|null
51016|Buenavista 23|Pueblo|Villa de Allende|México|null|51001|15|51001|28|111|0957|Rural|null
51016|Bosencheve|Pueblo|Villa de Allende|México|null|51001|15|51001|28|111|0959|Rural|null
51016|Las Dalias|Pueblo|Villa de Allende|México|null|51001|15|51001|28|111|0961|Rural|null
51016|El Cinco|Barrio|Villa de Allende|México|null|51001|15|51001|02|111|8627|Rural|null
51016|Manzana de Chichicaishle|Barrio|Villa de Allende|México|null|51001|15|51001|02|111|9647|Rural|null
51016|Los Pozos|Barrio|Villa de Allende|México|null|51001|15|51001|02|111|9651|Rural|null
51016|Las Casitas|Ranchería|Villa de Allende|México|null|51001|15|51001|29|111|9660|Rural|null
51017|Santa Cruz|Barrio|Villa de Allende|México|null|51001|15|51001|02|111|0960|Rural|null
51017|San Miguel la Máquina|Ranchería|Villa de Allende|México|null|51001|15|51001|29|111|9675|Rural|null
51019|Cuesta del Carmen|Pueblo|Villa de Allende|México|null|51001|15|51001|28|111|0936|Rural|null
51019|La Piedra|Pueblo|Villa de Allende|México|null|51001|15|51001|28|111|0952|Rural|null
51019|San Juan Buenavista|Pueblo|Villa de Allende|México|null|51001|15|51001|28|111|0962|Rural|null
51019|El Puerto Lengua de Vaca|Ranchería|Villa de Allende|México|null|51001|15|51001|29|111|9659|Rural|null
51019|Macia|Ejido|Villa de Allende|México|null|51001|15|51001|15|111|9665|Rural|null
51019|Mesas de San Juan Buenavista|Ranchería|Villa de Allende|México|null|51001|15|51001|29|111|9667|Rural|null
51019|Mesas del Clarín|Ranchería|Villa de Allende|México|null|51001|15|51001|29|111|9668|Rural|null
51020|San Felipe Santiago|Pueblo|Villa de Allende|México|null|51001|15|51001|28|111|0939|Urbano|null
51024|Mesas de Zacango|Pueblo|Villa de Allende|México|null|51001|15|51001|28|111|0963|Rural|null
51024|San Cayetano|Pueblo|Villa de Allende|México|null|51001|15|51001|28|111|0964|Rural|null
51024|Monte Alto|Ranchería|Villa de Allende|México|null|51001|15|51001|29|111|9669|Rural|null
51025|Sabana del Rosario|Pueblo|Villa de Allende|México|null|51001|15|51001|28|111|0938|Rural|null
51025|Mesas de San Martín|Pueblo|Villa de Allende|México|null|51001|15|51001|28|111|0941|Rural|null
51026|Sabana de Taborda 1ra Sección|Paraje|Villa de Allende|México|null|51001|15|51001|45|111|0965|Rural|null
51026|Sabana de San Jerónimo|Ranchería|Villa de Allende|México|null|51001|15|51001|29|111|9672|Rural|null
51026|Sabana de Taborda 2da Sección|Ranchería|Villa de Allende|México|null|51001|15|51001|29|111|9673|Rural|null
51027|Cerro de Guadalupe|Ranchería|Villa de Allende|México|null|51001|15|51001|29|111|8292|Rural|null
51027|San Martín|Ejido|Villa de Allende|México|null|51001|15|51001|15|111|8464|Rural|null
51027|Morelos|Ranchería|Villa de Allende|México|null|51001|15|51001|29|111|8896|Rural|null
51027|La Sabana de San Jerónimo|Ejido|Villa de Allende|México|null|51001|15|51001|15|111|9656|Rural|null
51027|Sabana de la Peña|Ranchería|Villa de Allende|México|null|51001|15|51001|29|111|9671|Rural|null
51028|Sabana del Madroño|Pueblo|Villa de Allende|México|null|51001|15|51001|28|111|0967|Rural|null
51028|Sabana del Refugio|Pueblo|Villa de Allende|México|null|51001|15|51001|28|111|0968|Rural|null
51028|Filiberto Gómez|Pueblo|Villa de Allende|México|null|51001|15|51001|28|111|0969|Rural|null
51029|Los Berros|Pueblo|Villa de Allende|México|null|51001|15|51001|28|111|0934|Rural|null
51029|Manzana la Pera|Ranchería|Villa de Allende|México|null|51001|15|51001|29|111|9666|Rural|null
51029|San Agustín Berros el Salto|Barrio|Villa de Allende|México|null|51001|15|51001|02|111|9674|Rural|null
51030|Cabecera de Indígenas Segundo Cuartel|Pueblo|Donato Guerra|México|null|51031|15|51031|28|032|0004|Rural|null
51030|Cabecera de Indígenas Primer Cuartel|Pueblo|Donato Guerra|México|null|51031|15|51031|28|032|0970|Rural|null
51030|Villa Donato Guerra|Pueblo|Donato Guerra|México|null|51031|15|51031|28|032|0971|Urbano|null
51030|San Agustín de las Palmas (San Agustín)|Pueblo|Donato Guerra|México|null|51031|15|51031|28|032|0972|Urbano|null
51034|San Lucas Texcaltitlán|Pueblo|Donato Guerra|México|null|51031|15|51031|28|032|0975|Rural|null
51035|San Lucas Texcaltitlán (Sabanillas)|Ejido|Donato Guerra|México|null|51031|15|51031|15|032|0002|Rural|null
51035|Santiago Huitlapaltepec|Pueblo|Donato Guerra|México|null|51031|15|51031|28|032|0986|Rural|null
51036|San José Tilostoc|Ranchería|Donato Guerra|México|null|51031|15|51031|29|032|0005|Rural|null
51040|San Simón de la Laguna|Pueblo|Donato Guerra|México|null|51031|15|51031|28|032|0979|Urbano|null
51043|San Antonio de la Laguna|Pueblo|Donato Guerra|México|null|51031|15|51031|28|032|0973|Rural|null
51044|San Martín Obispo|Ranchería|Donato Guerra|México|null|51031|15|51031|29|032|0001|Rural|null
51044|San Martín Obispo (San Martín San Pedro)|Pueblo|Donato Guerra|México|null|51031|15|51031|28|032|0977|Rural|null
51044|San Antonio Hidalgo (Ranchería de San Antonio)|Ranchería|Donato Guerra|México|null|51031|15|51031|29|032|0982|Rural|null
51044|Puerto de la Cruz|Rancho|Donato Guerra|México|null|51031|15|51031|48|032|9576|Rural|null
51045|Batán Chico|Ranchería|Donato Guerra|México|null|51031|15|51031|29|032|0983|Rural|null
51045|Batán Grande|Ranchería|Donato Guerra|México|null|51031|15|51031|29|032|0984|Rural|null
51046|San Francisco Mihualtepec|Pueblo|Donato Guerra|México|null|51031|15|51031|28|032|0974|Rural|null
51046|San Miguel Xooltepec|Pueblo|Donato Guerra|México|null|51031|15|51031|28|032|0978|Rural|null
51050|San Juan Xoconusco|Pueblo|Donato Guerra|México|null|51031|15|51031|28|032|0985|Rural|null
51050|De Arriba de San Juan Xoconusco|Barrio|Donato Guerra|México|null|51031|15|51031|02|032|0987|Rural|null
51054|Mesas Altas de Xoconusco|Pueblo|Donato Guerra|México|null|51031|15|51031|28|032|0988|Rural|null
51055|Macheros|Ranchería|Donato Guerra|México|null|51031|15|51031|29|032|0003|Rural|null
51055|Hacienda las Galeras (Galeras)|Ranchería|Donato Guerra|México|null|51031|15|51031|29|032|0006|Rural|null
51055|Llano Redondo de Zaragoza (Llano Redondo)|Ranchería|Donato Guerra|México|null|51031|15|51031|29|032|0989|Rural|null
51055|El Capulín|Ranchería|Donato Guerra|México|null|51031|15|51031|29|032|0990|Rural|null
51055|La Fundición|Ranchería|Donato Guerra|México|null|51031|15|51031|29|032|9529|Rural|null
51070|La Calzada|Ranchería|Ixtapan del Oro|México|null|51201|15|51201|29|041|0007|Rural|null
51070|Ixtapan del Oro|Pueblo|Ixtapan del Oro|México|null|51201|15|51201|28|041|0991|Urbano|null
51070|San Martín Ocoxochitepec (San Martín)|Pueblo|Ixtapan del Oro|México|null|51201|15|51201|28|041|0993|Rural|null
51074|San Miguel Ixtapan|Pueblo|Ixtapan del Oro|México|null|51201|15|51201|28|041|0994|Rural|null
51075|La Mesa de San Martín|Ranchería|Ixtapan del Oro|México|null|51201|15|51201|29|041|0004|Rural|null
51075|El Teperreal|Ranchería|Ixtapan del Oro|México|null|51201|15|51201|29|041|0005|Rural|null
51076|Miahuatlán de Hidalgo (Santa Cruz Miahuatlán)|Pueblo|Ixtapan del Oro|México|null|51201|15|51201|28|041|0992|Rural|null
51077|Miahuatlán|Ejido|Ixtapan del Oro|México|null|51201|15|51201|15|041|0003|Rural|null
51080|El Chilar|Ranchería|Ixtapan del Oro|México|null|51201|15|51201|29|041|0996|Rural|null
51080|Ayalita|Ranchería|Ixtapan del Oro|México|null|51201|15|51201|29|041|9001|Rural|null
51083|La Puerta|Ranchería|Ixtapan del Oro|México|null|51201|15|51201|29|041|0002|Rural|null
51084|Peña Colorada|Ranchería|Ixtapan del Oro|México|null|51201|15|51201|29|041|0006|Rural|null
51084|La Calera de los Gallos|Ranchería|Ixtapan del Oro|México|null|51201|15|51201|29|041|0999|Rural|null
51084|Milpillas|Pueblo|Ixtapan del Oro|México|null|51201|15|51201|28|041|1000|Rural|null
51085|Tutuapan|Ranchería|Ixtapan del Oro|México|null|51201|15|51201|29|041|0998|Rural|null
51089|San Telmo|Ranchería|Ixtapan del Oro|México|null|51201|15|51201|29|041|0001|Rural|null
51089|Santa Cruz Viejo|Pueblo|Ixtapan del Oro|México|null|51201|15|51201|28|041|0997|Rural|null
51100|Santo Tomás de los Plátanos|Pueblo|Santo Tomás|México|null|51111|15|51111|28|078|1009|Urbano|null
51104|San Miguel Sandemialma|Ejido|Santo Tomás|México|null|51111|15|51111|15|078|0002|Rural|null
51104|Ojo de Agua|Ranchería|Santo Tomás|México|null|51111|15|51111|29|078|1008|Rural|null
51105|Los Nogales|Ranchería|Santo Tomás|México|null|51111|15|51111|29|078|0003|Rural|null
51105|El Sifón|Colonia|Santo Tomás|México|null|51111|15|51111|09|078|0004|Rural|null
51105|Rincón Chico|Pueblo|Santo Tomás|México|null|51111|15|51111|28|078|0005|Rural|null
51105|Rincón Grande|Pueblo|Santo Tomás|México|null|51111|15|51111|28|078|1004|Rural|null
51105|San Pedro Ixtapantongo (Ixtapantongo)|Pueblo|Santo Tomás|México|null|51111|15|51111|28|078|1006|Rural|null
51105|Rincón Vivero (El Maracaná)|Ranchería|Santo Tomás|México|null|51111|15|51111|29|078|8476|Rural|null
51105|Frontón Vivero|Ranchería|Santo Tomás|México|null|51111|15|51111|29|078|8942|Rural|null
51106|El Salitre Bramador|Ranchería|Santo Tomás|México|null|51111|15|51111|29|078|0006|Rural|null
51106|Tacuitapan|Pueblo|Santo Tomás|México|null|51111|15|51111|28|078|1003|Rural|null
51106|Salitre Terreros|Ranchería|Santo Tomás|México|null|51111|15|51111|29|078|1005|Rural|null
51106|Loma Bonita|Pueblo|Santo Tomás|México|null|51111|15|51111|28|078|8279|Rural|null
51106|Las Fincas|Ranchería|Santo Tomás|México|null|51111|15|51111|29|078|8287|Rural|null
51106|Las Canoas|Ranchería|Santo Tomás|México|null|51111|15|51111|29|078|8295|Rural|null
51108|Santa Bárbara|Pueblo|Santo Tomás|México|null|51111|15|51111|28|078|1007|Rural|null
51108|Viejo|Pueblo|Santo Tomás|México|null|51111|15|51111|28|078|8296|Rural|null
51109|El Plan|Pueblo|Santo Tomás|México|null|51111|15|51111|28|078|0001|Rural|null
51109|El Llano|Pueblo|Santo Tomás|México|null|51111|15|51111|28|078|8939|Rural|null
51115|Poblado de Santo Tomás (El Puerto San Isidro)|Ranchería|Santo Tomás|México|null|51111|15|51111|29|078|0007|Rural|null
51115|Potrero de Abajo (Colonia Guadalupe)|Ranchería|Santo Tomás|México|null|51111|15|51111|29|078|0008|Rural|null
51115|El Anono|Ranchería|Santo Tomás|México|null|51111|15|51111|29|078|0009|Rural|null
51115|Potrero de Abajo (Granadillo)|Ranchería|Santo Tomás|México|null|51111|15|51111|29|078|0010|Rural|null
51116|San Pedro el Grande|Ranchería|Santo Tomás|México|null|51111|15|51111|29|078|8526|Rural|null
51116|San José Barbechos (Los Barbechos)|Ranchería|Santo Tomás|México|null|51111|15|51111|29|078|9278|Rural|null
51117|Salitre de la Cal (El Zapote)|Ranchería|Santo Tomás|México|null|51111|15|51111|29|078|1010|Rural|null
51117|Potrero de Arriba (La Ceiba)|Ranchería|Santo Tomás|México|null|51111|15|51111|29|078|1011|Rural|null
51130|Otzoloapan|Pueblo|Otzoloapan|México|null|51131|15|51131|28|066|1012|Urbano|null
51136|Estancia Chica|Pueblo|Otzoloapan|México|null|51131|15|51131|28|066|1014|Rural|null
51137|Agua Zarca (Agua Zarca de Arriba)|Ranchería|Otzoloapan|México|null|51131|15|51131|29|066|1015|Rural|null
51138|El Calvario (San José el Calvario)|Pueblo|Otzoloapan|México|null|51131|15|51131|28|066|1016|Rural|null
51139|Pinal del Marquesado|Pueblo|Otzoloapan|México|null|51131|15|51131|28|066|1017|Rural|null
51140|San Miguel Piru (El Piru)|Ranchería|Otzoloapan|México|null|51131|15|51131|29|066|1018|Rural|null
51140|San Miguel de la Campana (San Miguel)|Ranchería|Otzoloapan|México|null|51131|15|51131|29|066|9516|Rural|null
51144|Terreros|Pueblo|Otzoloapan|México|null|51131|15|51131|28|066|1019|Rural|null
51145|Guadalupe (Los Lotes)|Barrio|Otzoloapan|México|null|51131|15|51131|02|066|8060|Rural|null
51147|El Limón|Ranchería|Otzoloapan|México|null|51131|15|51131|29|066|9630|Rural|null
51149|Zuluapan|Pueblo|Otzoloapan|México|null|51131|15|51131|28|066|1020|Rural|null
51160|Alcantarilla|Colonia|Zacazonapan|México|null|51201|15|51201|09|116|0001|Rural|null
51160|Zacazonapan|Pueblo|Zacazonapan|México|null|51201|15|51201|28|116|1021|Rural|null
51160|Juan Villafaña|Colonia|Zacazonapan|México|null|51201|15|51201|09|116|9628|Urbano|null
51163|Santa María|Pueblo|Zacazonapan|México|null|51201|15|51201|28|116|1024|Rural|null
51164|El Potrero|Pueblo|Zacazonapan|México|null|51201|15|51201|28|116|1023|Rural|null
51170|Arrastradero|Ranchería|Zacazonapan|México|null|51201|15|51201|29|116|8293|Rural|null
51173|La Cañada|Pueblo|Zacazonapan|México|null|51201|15|51201|28|116|1022|Rural|null
51173|El Puerto|Ranchería|Zacazonapan|México|null|51201|15|51201|29|116|8480|Rural|null
51200|San Antonio|Colonia|Valle de Bravo|México|null|51201|15|51201|09|110|0005|Urbano|null
51200|Manguito|Colonia|Valle de Bravo|México|null|51201|15|51201|09|110|0006|Urbano|null
51200|Agua Fría|Colonia|Valle de Bravo|México|null|51201|15|51201|09|110|0007|Urbano|null
51200|El Calvario|Colonia|Valle de Bravo|México|null|51201|15|51201|09|110|0008|Urbano|null
51200|ISSEMYM|Colonia|Valle de Bravo|México|null|51201|15|51201|09|110|0009|Urbano|null
51200|La Peña|Colonia|Valle de Bravo|México|null|51201|15|51201|09|110|0010|Urbano|null
51200|Sánchez|Colonia|Valle de Bravo|México|null|51201|15|51201|09|110|0011|Urbano|null
51200|Emiliano Zapata|Colonia|Valle de Bravo|México|null|51201|15|51201|09|110|0012|Rural|null
51200|Loma Bonita|Colonia|Valle de Bravo|México|null|51201|15|51201|09|110|0013|Urbano|null
51200|La Capilla|Colonia|Valle de Bravo|México|null|51201|15|51201|09|110|0014|Urbano|null
51200|Barranca Seca|Colonia|Valle de Bravo|México|null|51201|15|51201|09|110|0015|Urbano|null
51200|De Guadalupe|Barrio|Valle de Bravo|México|null|51201|15|51201|02|110|0016|Rural|null
51200|Avándaro|Pueblo|Valle de Bravo|México|null|51201|15|51201|28|110|1025|Urbano|null
51200|Los Saucos|Pueblo|Valle de Bravo|México|null|51201|15|51201|28|110|1026|Rural|null
51200|Valle de Bravo|Pueblo|Valle de Bravo|México|null|51201|15|51201|28|110|1027|Urbano|null
51200|Rincón Villa del Valle|Colonia|Valle de Bravo|México|null|51201|15|51201|09|110|5204|Rural|null
51200|Otumba|Colonia|Valle de Bravo|México|null|51201|15|51201|09|110|6390|Urbano|null
51200|Santa María Ahuacatlan|Barrio|Valle de Bravo|México|null|51201|15|51201|02|110|6956|Urbano|null
51200|Monte Alto|Colonia|Valle de Bravo|México|null|51201|15|51201|09|110|8516|Rural|null
51206|La Boquilla (Cerro el Cualtenco la Boquilla)|Ranchería|Valle de Bravo|México|null|51201|15|51201|29|110|0029|Rural|null
51206|IZAR|Fraccionamiento|Valle de Bravo|México|null|51201|15|51201|21|110|0030|Rural|null
51206|El Cerrillo (San José el Cerrillo)|Pueblo|Valle de Bravo|México|null|51201|15|51201|28|110|1029|Rural|null
51207|Tres Puentes|Pueblo|Valle de Bravo|México|null|51201|15|51201|28|110|0001|Rural|null
51207|San Mateo Acatitlán|Pueblo|Valle de Bravo|México|null|51201|15|51201|28|110|0019|Rural|null
51207|El Castellano|Ranchería|Valle de Bravo|México|null|51201|15|51201|29|110|0020|Rural|null
51207|Loma de Rodríguez|Ranchería|Valle de Bravo|México|null|51201|15|51201|29|110|0021|Rural|null
51207|Loma de Chihuahua|Ranchería|Valle de Bravo|México|null|51201|15|51201|29|110|0022|Rural|null
51207|Rincón de Estradas|Pueblo|Valle de Bravo|México|null|51201|15|51201|28|110|1030|Rural|null
51208|La Candelaria|Pueblo|Valle de Bravo|México|null|51201|15|51201|28|110|1031|Rural|null
51209|Santa María Pipioltepec (Pipioltepec)|Pueblo|Valle de Bravo|México|null|51201|15|51201|28|110|1032|Rural|null
51210|Santa Teresa Tiloxtoc|Pueblo|Valle de Bravo|México|null|51201|15|51201|28|110|1033|Rural|null
51216|El Aguacate|Ranchería|Valle de Bravo|México|null|51201|15|51201|29|110|0031|Rural|null
51217|El Arco|Pueblo|Valle de Bravo|México|null|51201|15|51201|28|110|0004|Rural|null
51217|San Gaspar el Lago|Fraccionamiento|Valle de Bravo|México|null|51201|15|51201|21|110|0023|Rural|null
51217|San Antonio|Ranchería|Valle de Bravo|México|null|51201|15|51201|29|110|0024|Rural|null
51217|San Gaspar|Pueblo|Valle de Bravo|México|null|51201|15|51201|28|110|1034|Rural|null
51218|Santa Magdalena Tiloxtoc|Pueblo|Valle de Bravo|México|null|51201|15|51201|28|110|1035|Rural|null
51219|San Gabriel Ixtla|Pueblo|Valle de Bravo|México|null|51201|15|51201|28|110|1036|Rural|null
51220|Cerro Colorado|Pueblo|Valle de Bravo|México|null|51201|15|51201|28|110|1037|Rural|null
51220|El Fresno (El Fresno la Compañía)|Pueblo|Valle de Bravo|México|null|51201|15|51201|28|110|1053|Rural|null
51220|La Volanta|Ranchería|Valle de Bravo|México|null|51201|15|51201|29|110|8495|Rural|null
51225|Cuadrilla de Dolores|Pueblo|Valle de Bravo|México|null|51201|15|51201|28|110|1038|Rural|null
51226|Valle Escondido|Colonia|Valle de Bravo|México|null|51201|15|51201|09|110|0017|Rural|null
51226|Escalerillas|Ranchería|Valle de Bravo|México|null|51201|15|51201|29|110|0018|Rural|null
51226|Casas Viejas|Pueblo|Valle de Bravo|México|null|51201|15|51201|28|110|1039|Rural|null
51226|Peña Blanca|Ranchería|Valle de Bravo|México|null|51201|15|51201|29|110|1040|Rural|null
51229|Mesa de Jaimes|Pueblo|Valle de Bravo|México|null|51201|15|51201|28|110|1041|Rural|null
51230|Loma Bonita|Colonia|Valle de Bravo|México|null|51231|15|51231|09|110|0003|Rural|null
51230|Colorines|Pueblo|Valle de Bravo|México|null|51231|15|51231|28|110|1042|Urbano|null
51230|San Juan Atezcapan|Pueblo|Valle de Bravo|México|null|51231|15|51231|28|110|1043|Rural|null
51230|San Nicolás Tolentino|Pueblo|Valle de Bravo|México|null|51231|15|51231|28|110|1044|Rural|null
51230|El Durazno|Ranchería|Valle de Bravo|México|null|51231|15|51231|29|110|8260|Rural|null
51230|El Polvorin|Colonia|Valle de Bravo|México|null|51231|15|51231|09|110|8266|Rural|null
51236|Los Pozos (Pinar de Osorios)|Ranchería|Valle de Bravo|México|null|51201|15|51201|29|110|1047|Rural|null
51237|El Manzano|Pueblo|Valle de Bravo|México|null|51201|15|51201|28|110|1046|Rural|null
51238|La Huerta San Agustín|Ranchería|Valle de Bravo|México|null|51201|15|51201|29|110|0026|Rural|null
51238|Mesa Rica (La Finca)|Ranchería|Valle de Bravo|México|null|51201|15|51201|29|110|8515|Rural|null
51238|San José Potrerillos (Potrerillos)|Ranchería|Valle de Bravo|México|null|51201|15|51201|29|110|8529|Rural|null
51239|Cerro Gordo|Pueblo|Valle de Bravo|México|null|51201|15|51201|28|110|1048|Rural|null
51240|San Simón el Alto|Pueblo|Valle de Bravo|México|null|51201|15|51201|28|110|1049|Rural|null
51245|Tehuastepec (San José Tehuastepec)|Ranchería|Valle de Bravo|México|null|51201|15|51201|29|110|0025|Rural|null
51245|Godínez Tehuastepec|Pueblo|Valle de Bravo|México|null|51201|15|51201|28|110|1050|Rural|null
51246|Mesa de Dolores (Mesa de Dolores Segunda Sección)|Ranchería|Valle de Bravo|México|null|51201|15|51201|29|110|0032|Rural|null
51246|Mesa de Dolores Primera Sección (Mesa del Rayo)|Pueblo|Valle de Bravo|México|null|51201|15|51201|28|110|1051|Rural|null
51246|Atesquelites (Tres Quelites)|Ranchería|Valle de Bravo|México|null|51201|15|51201|29|110|8258|Rural|null
51247|Santo Tomás el Pedregal|Ranchería|Valle de Bravo|México|null|51201|15|51201|29|110|0002|Rural|null
51247|La Laguna|Pueblo|Valle de Bravo|México|null|51201|15|51201|28|110|1052|Rural|null
51247|Tierra Grande (La Loma)|Ranchería|Valle de Bravo|México|null|51201|15|51201|29|110|9685|Rural|null
51248|Rancho Avándaro Country Club|Fraccionamiento|Valle de Bravo|México|null|51201|15|51201|21|110|0027|Rural|null
51248|La Palma|Ranchería|Valle de Bravo|México|null|51201|15|51201|29|110|0028|Rural|null
51248|Tenantongo|Ranchería|Valle de Bravo|México|null|51201|15|51201|29|110|8828|Rural|null
51260|San Jerónimo Primera Sección (El Convento)|Pueblo|Amanalco|México|null|51201|15|51201|28|007|0008|Rural|null
51260|Amanalco de Becerra|Pueblo|Amanalco|México|null|51201|15|51201|28|007|1054|Urbano|null
51260|San Jerónimo|Pueblo|Amanalco|México|null|51201|15|51201|28|007|1059|Rural|null
51260|San Juan|Pueblo|Amanalco|México|null|51201|15|51201|28|007|1060|Rural|null
51265|Rincón de Guadalupe|Pueblo|Amanalco|México|null|51201|15|51201|28|007|1057|Rural|null
51265|San Lucas|Pueblo|Amanalco|México|null|51201|15|51201|28|007|1061|Rural|null
51266|Las Pilas|Ranchería|Amanalco|México|null|51201|15|51201|29|007|0014|Rural|null
51266|San Mateo|Pueblo|Amanalco|México|null|51201|15|51201|28|007|1062|Rural|null
51266|San Miguel (San Miguel Tenextepec)|Pueblo|Amanalco|México|null|51201|15|51201|28|007|1063|Rural|null
51266|San Sebastián el Chico|Barrio|Amanalco|México|null|51201|15|51201|02|007|1066|Rural|null
51266|Pueblo Nuevo|Pueblo|Amanalco|México|null|51201|15|51201|28|007|1068|Rural|null
51267|San Mateo Quinta Sección (La Providencia)|Pueblo|Amanalco|México|null|51201|15|51201|28|007|0002|Rural|null
51267|San Sebastián el Grande|Pueblo|Amanalco|México|null|51201|15|51201|28|007|1069|Rural|null
51268|Polvillos (San Bartolo Quinta Sección)|Pueblo|Amanalco|México|null|51201|15|51201|28|007|0009|Rural|null
51268|San Bartolo|Pueblo|Amanalco|México|null|51201|15|51201|28|007|1058|Rural|null
51270|El Ancón|Pueblo|Amanalco|México|null|51201|15|51201|28|007|0010|Rural|null
51270|El Temporal|Ranchería|Amanalco|México|null|51201|15|51201|29|007|1064|Rural|null
51273|Capilla Vieja|Ranchería|Amanalco|México|null|51201|15|51201|29|007|0005|Rural|null
51273|Ojo de Agua|Ranchería|Amanalco|México|null|51201|15|51201|29|007|0007|Rural|null
51274|Corral de Piedra|Ranchería|Amanalco|México|null|51201|15|51201|29|007|1070|Rural|null
51280|El Capulín Segunda Sección|Pueblo|Amanalco|México|null|51201|15|51201|28|007|0003|Rural|null
51280|El Capulín Tercera Sección (Palo Mancornado)|Pueblo|Amanalco|México|null|51201|15|51201|28|007|0004|Rural|null
51280|Huacal Viejo|Pueblo|Amanalco|México|null|51201|15|51201|28|007|0011|Rural|null
51280|El Capulín Primera Sección|Pueblo|Amanalco|México|null|51201|15|51201|28|007|1055|Rural|null
51280|Agua Bendita|Ranchería|Amanalco|México|null|51201|15|51201|29|007|1065|Rural|null
51285|El Potrero Segunda Sección|Pueblo|Amanalco|México|null|51201|15|51201|28|007|0013|Rural|null
51285|El Potrero|Pueblo|Amanalco|México|null|51201|15|51201|28|007|1056|Rural|null
51287|Hacienda Nueva|Pueblo|Amanalco|México|null|51201|15|51201|28|007|0001|Rural|null
51287|El Zacatonal|Ranchería|Amanalco|México|null|51201|15|51201|29|007|0006|Rural|null
51287|San Lucas Cuarta Sección (San Francisco)|Pueblo|Amanalco|México|null|51201|15|51201|28|007|0012|Rural|null
51287|El Pedregal|Ranchería|Amanalco|México|null|51201|15|51201|29|007|8505|Rural|null
51300|La Cascada (Barrio del Varal)|Barrio|Temascaltepec|México|null|51301|15|51301|02|086|0001|Rural|null
51300|La Magdalena (La Magdalena)|Barrio|Temascaltepec|México|null|51301|15|51301|02|086|0002|Rural|null
51300|San Francisco|Barrio|Temascaltepec|México|null|51301|15|51301|02|086|0003|Urbano|null
51300|Balveria|Barrio|Temascaltepec|México|null|51301|15|51301|02|086|0004|Rural|null
51300|San Sebastián Carboneras (Carboneras)|Pueblo|Temascaltepec|México|null|51301|15|51301|28|086|1071|Rural|null
51300|Temascaltepec de González|Pueblo|Temascaltepec|México|null|51301|15|51301|28|086|1074|Urbano|null
51300|Del Fortín|Barrio|Temascaltepec|México|null|51301|15|51301|02|086|5206|Urbano|null
51300|Milán|Barrio|Temascaltepec|México|null|51301|15|51301|02|086|5207|Urbano|null
51300|De Santiago|Barrio|Temascaltepec|México|null|51301|15|51301|02|086|5208|Rural|null
51300|Del Temeroso|Barrio|Temascaltepec|México|null|51301|15|51301|02|086|5209|Urbano|null
51300|De Cantarranas|Barrio|Temascaltepec|México|null|51301|15|51301|02|086|8512|Rural|null
51300|Carnicería|Pueblo|Temascaltepec|México|null|51301|15|51301|28|086|9096|Rural|null
51303|San Lucas del Pulque|Pueblo|Temascaltepec|México|null|51301|15|51301|28|086|1072|Rural|null
51304|Telpintla|Pueblo|Temascaltepec|México|null|51301|15|51301|28|086|1076|Rural|null
51304|La Albarrada (San Francisco la Albarrada)|Pueblo|Temascaltepec|México|null|51301|15|51301|28|086|1077|Rural|null
51304|Los Timbres|Pueblo|Temascaltepec|México|null|51301|15|51301|28|086|1079|Rural|null
51304|El Tule|Ranchería|Temascaltepec|México|null|51301|15|51301|29|086|8289|Rural|null
51305|El Cerro Pelón|Pueblo|Temascaltepec|México|null|51301|15|51301|28|086|1078|Rural|null
51305|El Peñón|Ranchería|Temascaltepec|México|null|51301|15|51301|29|086|9000|Rural|null
51310|La Finca|Pueblo|Temascaltepec|México|null|51301|15|51301|28|086|1080|Rural|null
51310|El Salitre|Pueblo|Temascaltepec|México|null|51301|15|51301|28|086|1081|Rural|null
51314|El Chilar del Ejido de las Trancas|Ranchería|Temascaltepec|México|null|51301|15|51301|29|086|0016|Rural|null
51314|Las Trancas|Ranchería|Temascaltepec|México|null|51301|15|51301|29|086|0017|Rural|null
51314|San Pedro Tenayac|Pueblo|Temascaltepec|México|null|51301|15|51301|28|086|1073|Rural|null
51314|Potrero de Tenayac|Pueblo|Temascaltepec|México|null|51301|15|51301|28|086|1082|Rural|null
51315|Lampazos|Pueblo|Temascaltepec|México|null|51301|15|51301|28|086|1083|Rural|null
51320|San Mateo Almomoloa|Pueblo|Temascaltepec|México|null|51301|15|51301|28|086|1087|Rural|null
51320|Potrero de San José (La Rinconada)|Pueblo|Temascaltepec|México|null|51301|15|51301|28|086|1092|Rural|null
51323|San Francisco Oxtotilpan|Pueblo|Temascaltepec|México|null|51301|15|51301|28|086|1086|Rural|null
51323|Mesón Viejo|Pueblo|Temascaltepec|México|null|51301|15|51301|28|086|1094|Rural|null
51324|Hoyos de Vázquez|Ranchería|Temascaltepec|México|null|51301|15|51301|29|086|0022|Rural|null
51324|San Miguel Oxtotilpan|Pueblo|Temascaltepec|México|null|51301|15|51301|28|086|1088|Rural|null
51325|Granjas de Cieneguillas|Ranchería|Temascaltepec|México|null|51301|15|51301|29|086|0010|Rural|null
51325|Santanas|Pueblo|Temascaltepec|México|null|51301|15|51301|28|086|0011|Rural|null
51325|La Comunidad|Pueblo|Temascaltepec|México|null|51301|15|51301|28|086|1084|Rural|null
51325|Cieneguillas de González (Cieneguillas)|Pueblo|Temascaltepec|México|null|51301|15|51301|28|086|1090|Rural|null
51325|San Antonio Albarranes|Pueblo|Temascaltepec|México|null|51301|15|51301|28|086|1099|Rural|null
51326|Jesús del Monte|Pueblo|Temascaltepec|México|null|51301|15|51301|28|086|1091|Rural|null
51340|Real de Arriba|Ejido|Temascaltepec|México|null|51301|15|51301|15|086|0019|Rural|null
51340|Rincón de San Andrés|Pueblo|Temascaltepec|México|null|51301|15|51301|28|086|0020|Rural|null
51340|Mina del Rincón|Ranchería|Temascaltepec|México|null|51301|15|51301|29|086|0023|Rural|null
51340|Las Mesas de Real de Arriba|Ranchería|Temascaltepec|México|null|51301|15|51301|29|086|0024|Rural|null
51340|Real de Arriba|Pueblo|Temascaltepec|México|null|51301|15|51301|28|086|1093|Rural|null
51340|San Andrés de los Gama|Pueblo|Temascaltepec|México|null|51301|15|51301|28|086|1096|Rural|null
51340|Milpas Viejas|Pueblo|Temascaltepec|México|null|51301|15|51301|28|086|1102|Rural|null
51344|La Laguna|Ranchería|Temascaltepec|México|null|51301|15|51301|29|086|0012|Rural|null
51344|Los Ocotes|Pueblo|Temascaltepec|México|null|51301|15|51301|28|086|0013|Rural|null
51344|Pedregales de Tequesquipan|Ranchería|Temascaltepec|México|null|51301|15|51301|29|086|0014|Rural|null
51344|Pueblo Nuevo|Ranchería|Temascaltepec|México|null|51301|15|51301|29|086|0015|Rural|null
51344|San Martín Tequesquipan (Tequesquipan)|Pueblo|Temascaltepec|México|null|51301|15|51301|28|086|1089|Rural|null
51344|La Estancia de Tequesquipan|Pueblo|Temascaltepec|México|null|51301|15|51301|28|086|1095|Rural|null
51344|Rincón de Atarasquillo|Pueblo|Temascaltepec|México|null|51301|15|51301|28|086|1097|Rural|null
51344|Rincón de Tequesquipan|Pueblo|Temascaltepec|México|null|51301|15|51301|28|086|1098|Rural|null
51344|San Juan|Ranchería|Temascaltepec|México|null|51301|15|51301|29|086|9525|Rural|null
51345|El Varal|Ranchería|Temascaltepec|México|null|51301|15|51301|29|086|0021|Rural|null
51346|Cajones|Ranchería|Temascaltepec|México|null|51301|15|51301|29|086|0005|Rural|null
51346|Cieneguillas de Labra|Ranchería|Temascaltepec|México|null|51301|15|51301|29|086|0006|Rural|null
51346|Labor las Cabras|Ranchería|Temascaltepec|México|null|51301|15|51301|29|086|0007|Rural|null
51346|Manzana de Tequesquipan (Las Manzanas)|Ranchería|Temascaltepec|México|null|51301|15|51301|29|086|0008|Rural|null
51346|Manzana del Jabalí|Ranchería|Temascaltepec|México|null|51301|15|51301|29|086|0009|Rural|null
51346|La Cumbre|Ranchería|Temascaltepec|México|null|51301|15|51301|29|086|0018|Rural|null
51346|La Guacamaya|Pueblo|Temascaltepec|México|null|51301|15|51301|28|086|1100|Rural|null
51346|Plan de Vigas|Pueblo|Temascaltepec|México|null|51301|15|51301|28|086|1101|Rural|null
51350|San Miguel Zinacantepec Centro|Colonia|Zinacantepec|México|null|51351|15|51351|09|118|1104|Urbano|null
51353|Los Rosales|Colonia|Zinacantepec|México|null|51351|15|51351|09|118|0010|Rural|null
51354|La Joya|Colonia|Zinacantepec|México|null|51351|15|51351|09|118|0002|Rural|null
51354|Ejidal San Francisco Tlalcilalcalpan|Colonia|Zinacantepec|México|null|51351|15|51351|09|118|0008|Rural|null
51354|De San Miguel|Barrio|Zinacantepec|México|null|51351|15|51351|02|118|1107|Rural|null
51354|Del Calvario|Barrio|Zinacantepec|México|null|51351|15|51351|02|118|1108|Rural|null
51354|La Esperanza|Fraccionamiento|Zinacantepec|México|null|51351|15|51351|21|118|1109|Rural|null
51354|Cerro del Murciélago|Barrio|Zinacantepec|México|null|51351|15|51351|02|118|6731|Rural|null
51354|Las Ánimas|Colonia|Zinacantepec|México|null|51351|15|51351|09|118|6738|Urbano|null
51354|La Aurora II|Fraccionamiento|Zinacantepec|México|null|51351|15|51351|21|118|8230|Urbano|null
51354|La Aurora I|Fraccionamiento|Zinacantepec|México|null|51351|15|51351|21|118|8573|Urbano|null
51354|Residencial Zinacantepec|Fraccionamiento|Zinacantepec|México|null|51351|15|51351|21|118|8594|Urbano|null
51354|23 de Octubre|Fraccionamiento|Zinacantepec|México|null|51351|15|51351|21|118|8595|Urbano|null
51354|Los Maestros|Fraccionamiento|Zinacantepec|México|null|51351|15|51351|21|118|8596|Urbano|null
51354|Villas de Guadalupe|Fraccionamiento|Zinacantepec|México|null|51351|15|51351|21|118|9634|Urbano|null
51354|Residencial San Miguel|Condominio|Zinacantepec|México|null|51351|15|51351|10|118|9636|Urbano|null
51354|Vistas al Nevado|Fraccionamiento|Zinacantepec|México|null|51351|15|51351|21|118|9637|Urbano|null
51355|San Valentín|Fraccionamiento|Zinacantepec|México|null|51351|15|51351|21|118|0003|Rural|null
51355|El Capón (Puerta del Llano)|Ranchería|Zinacantepec|México|null|51351|15|51351|29|118|0004|Rural|null
51355|Santa Martha|Ranchería|Zinacantepec|México|null|51351|15|51351|29|118|0005|Rural|null
51355|Idílica Reserva Serratón|Fraccionamiento|Zinacantepec|México|null|51351|15|51351|21|118|0009|Urbano|null
51355|IDÍLICA Serratón|Fraccionamiento|Zinacantepec|México|null|51351|15|51351|21|118|0011|Rural|null
51355|Las Flores Residencial|Fraccionamiento|Zinacantepec|México|null|51351|15|51351|21|118|0012|Rural|null
51355|Zimbrones|Barrio|Zinacantepec|México|null|51351|15|51351|02|118|1112|Rural|null
51355|Las Culturas|Colonia|Zinacantepec|México|null|51351|15|51351|09|118|1113|Urbano|null
51355|Emiliano Zapata|Colonia|Zinacantepec|México|null|51351|15|51351|09|118|1114|Rural|null
51355|San Jorge|Exhacienda|Zinacantepec|México|null|51351|15|51351|18|118|1115|Rural|null
51355|Residencial La Victoria|Fraccionamiento|Zinacantepec|México|null|51351|15|51351|21|118|1117|Urbano|null
51355|Rinconada de Tecaxic|Colonia|Zinacantepec|México|null|51351|15|51351|09|118|1119|Rural|null
51355|Zamarrero|Fraccionamiento|Zinacantepec|México|null|51351|15|51351|21|118|1120|Urbano|null
51355|San Lorenzo Cuautenco|Pueblo|Zinacantepec|México|null|51351|15|51351|28|118|1122|Rural|null
51355|San Luis Mextepec|Pueblo|Zinacantepec|México|null|51351|15|51351|28|118|1123|Rural|null
51355|Rancho San Nicolás|Fraccionamiento|Zinacantepec|México|null|51351|15|51351|21|118|1124|Urbano|null
51355|Bosques Residencial|Fraccionamiento|Zinacantepec|México|null|51351|15|51351|21|118|1125|Rural|null
51355|Ojuelos|Fraccionamiento|Zinacantepec|México|null|51351|15|51351|21|118|5535|Rural|null
51355|La Virgen|Colonia|Zinacantepec|México|null|51351|15|51351|09|118|6733|Rural|null
51355|La Joya|Colonia|Zinacantepec|México|null|51351|15|51351|09|118|6955|Rural|null
51355|El Porvenir|Fraccionamiento|Zinacantepec|México|null|51351|15|51351|21|118|7425|Rural|null
51355|La Loma|Fraccionamiento|Zinacantepec|México|null|51351|15|51351|21|118|7426|Urbano|null
51355|Casa Grande|Fraccionamiento|Zinacantepec|México|null|51351|15|51351|21|118|8207|Rural|null
51355|Privadas de la Hacienda|Fraccionamiento|Zinacantepec|México|null|51351|15|51351|21|118|8518|Urbano|null
51355|Nueva Serratón|Colonia|Zinacantepec|México|null|51351|15|51351|09|118|8597|Urbano|null
51355|Zimbron|Colonia|Zinacantepec|México|null|51351|15|51351|09|118|9631|Urbano|null
51355|Vista Hermosa|Colonia|Zinacantepec|México|null|51351|15|51351|09|118|9633|Urbano|null
51356|De la Veracruz|Barrio|Zinacantepec|México|null|51351|15|51351|02|118|1126|Rural|null
51356|San Gregorio|Fraccionamiento|Zinacantepec|México|null|51351|15|51351|21|118|1129|Rural|null
51356|Irma Patricia Galindo de Rez|Colonia|Zinacantepec|México|null|51351|15|51351|09|118|5113|Rural|null
51356|Deportiva|Colonia|Zinacantepec|México|null|51351|15|51351|09|118|6953|Urbano|null
51356|Lindavista|Colonia|Zinacantepec|México|null|51351|15|51351|09|118|9632|Urbano|null
51357|San Matías Transfiguración|Colonia|Zinacantepec|México|null|51351|15|51351|09|118|1130|Rural|null
51357|El Testerazo|Colonia|Zinacantepec|México|null|51351|15|51351|09|118|1137|Rural|null
51357|Ricardo Flores Magón|Colonia|Zinacantepec|México|null|51351|15|51351|09|118|1138|Rural|null
51357|Hacienda San José Barbabosa|Fraccionamiento|Zinacantepec|México|null|51351|15|51351|21|118|5112|Rural|null
51357|El Potrero Barbosa|Colonia|Zinacantepec|México|null|51351|15|51351|09|118|8598|Rural|null
51357|Paraje la Puerta de Barbabosa|Fraccionamiento|Zinacantepec|México|null|51351|15|51351|21|118|8971|Rural|null
51357|Vista Nevado Plus|Fraccionamiento|Zinacantepec|México|null|51351|15|51351|21|118|9638|Urbano|null
51360|Santa María del Monte|Pueblo|Zinacantepec|México|null|51351|15|51351|28|118|1133|Rural|null
51364|El Cóporo|Barrio|Zinacantepec|México|null|51351|15|51351|02|118|6735|Urbano|null
51364|El Curtidor|Barrio|Zinacantepec|México|null|51351|15|51351|02|118|6736|Rural|null
51364|San Miguel Hojas Anchas|Barrio|Zinacantepec|México|null|51351|15|51351|02|118|6742|Rural|null
51366|San Bartolo del Llano (San Isidro)|Barrio|Zinacantepec|México|null|51351|15|51351|02|118|6740|Urbano|null
51366|San Bartolo el Viejo|Barrio|Zinacantepec|México|null|51351|15|51351|02|118|6741|Rural|null
51367|Loma del Kiosco|Ranchería|Zinacantepec|México|null|51351|15|51351|29|118|0007|Rural|null
51367|San Cristóbal Tecolit|Pueblo|Zinacantepec|México|null|51351|15|51351|28|118|1139|Rural|null
51367|Loma de San Francisco|Pueblo|Zinacantepec|México|null|51351|15|51351|28|118|1141|Rural|null
51367|De México|Barrio|Zinacantepec|México|null|51351|15|51351|02|118|6730|Urbano|null
51370|Bosques del Nevado|Fraccionamiento|Zinacantepec|México|null|51351|15|51351|21|118|0006|Rural|null
51370|San Juan de las Huertas|Pueblo|Zinacantepec|México|null|51351|15|51351|28|118|1143|Rural|null
51370|Santa Cruz Cuauhtenco|Pueblo|Zinacantepec|México|null|51351|15|51351|28|118|1150|Rural|null
51370|Morelos|Colonia|Zinacantepec|México|null|51351|15|51351|09|118|6734|Rural|null
51370|Dos de Marzo|Colonia|Zinacantepec|México|null|51351|15|51351|09|118|6952|Urbano|null
51373|Recibitas (El Remolino)|Barrio|Zinacantepec|México|null|51351|15|51351|02|118|6739|Rural|null
51374|Ojo de Agua|Pueblo|Zinacantepec|México|null|51351|15|51351|28|118|1145|Rural|null
51375|Tejalpa|Pueblo|Zinacantepec|México|null|51351|15|51351|28|118|1134|Rural|null
51375|Benito Juárez|Colonia|Zinacantepec|México|null|51351|15|51351|09|118|9635|Urbano|null
51380|La Cruz|Colonia|Zinacantepec|México|null|51351|15|51351|09|118|1116|Rural|null
51380|San Antonio Acahualco|Pueblo|Zinacantepec|México|null|51351|15|51351|28|118|1132|Rural|null
51383|Cuauhtémoc|Colonia|Zinacantepec|México|null|51351|15|51351|09|118|0001|Rural|null
51383|Progreso|Colonia|Zinacantepec|México|null|51351|15|51351|09|118|1135|Rural|null
51383|San Pedro Tejalpa|Pueblo|Zinacantepec|México|null|51351|15|51351|28|118|1136|Rural|null
51384|El Contadero de Matamoros (San José)|Pueblo|Zinacantepec|México|null|51351|15|51351|28|118|1144|Urbano|null
51385|Ciendabajo (Hacienda de Abajo)|Barrio|Zinacantepec|México|null|51351|15|51351|02|118|6732|Rural|null
51386|La Cañada (Cañada Grande)|Colonia|Zinacantepec|México|null|51351|15|51351|09|118|6951|Urbano|null
51386|La Herradura|Colonia|Zinacantepec|México|null|51351|15|51351|09|118|6954|Rural|null
51390|La Puerta del Monte|Pueblo|Zinacantepec|México|null|51351|15|51351|28|118|1148|Rural|null
51390|Buenavista|Pueblo|Zinacantepec|México|null|51351|15|51351|28|118|1149|Rural|null
51393|Loma Alta|Pueblo|Zinacantepec|México|null|51351|15|51351|28|118|1142|Rural|null
51393|Raíces|Pueblo|Zinacantepec|México|null|51351|15|51351|28|118|1146|Rural|null
51393|La Peñuela|Pueblo|Zinacantepec|México|null|51351|15|51351|28|118|1147|Rural|null
51400|Tejupilco de Hidalgo Centro|Colonia|Tejupilco|México|Tejupilco de Hidalgo|51411|15|51411|09|082|1166|Urbano|22
51400|La Isla|Colonia|Tejupilco|México|Tejupilco de Hidalgo|51411|15|51411|09|082|1174|Urbano|22
51400|Sánchez|Colonia|Tejupilco|México|Tejupilco de Hidalgo|51411|15|51411|09|082|1180|Urbano|22
51400|Hidalgo|Colonia|Tejupilco|México|Tejupilco de Hidalgo|51411|15|51411|09|082|1186|Urbano|22
51400|La Florida|Colonia|Tejupilco|México|Tejupilco de Hidalgo|51411|15|51411|09|082|5912|Urbano|22
51410|Rincón de Ugarte|Colonia|Tejupilco|México|null|51411|15|51411|09|082|0001|Rural|null
51410|Jalpan (Jalpan San Simón)|Pueblo|Tejupilco|México|null|51411|15|51411|28|082|1157|Rural|null
51410|El Capire|Colonia|Tejupilco|México|null|51411|15|51411|09|082|1178|Rural|null
51410|Rincón de Ugartes|Ranchería|Tejupilco|México|null|51411|15|51411|29|082|1204|Rural|null
51410|San José de la Laguna|Colonia|Tejupilco|México|null|51411|15|51411|09|082|1206|Rural|null
51410|Agua Bendita|Ranchería|Tejupilco|México|null|51411|15|51411|29|082|5844|Rural|null
51410|Buenavista Primera Sección|Colonia|Tejupilco|México|null|51411|15|51411|09|082|5852|Rural|null
51410|Cerro de Cacalotepec (Cacalotepec)|Ranchería|Tejupilco|México|null|51411|15|51411|29|082|5857|Rural|null
51410|El Cuagüilote Ojo de Agua (La Pera)|Ranchería|Tejupilco|México|null|51411|15|51411|29|082|5877|Rural|null
51410|Ojo de Agua (Rincón de Ugarte)|Ranchería|Tejupilco|México|null|51411|15|51411|29|082|5941|Rural|null
51410|Rincón de López|Colonia|Tejupilco|México|null|51411|15|51411|09|082|8496|Urbano|null
51412|México Sesenta y Ocho|Colonia|Tejupilco|México|null|51411|15|51411|09|082|0002|Rural|null
51412|Rincón del Carmen|Pueblo|Tejupilco|México|null|51411|15|51411|28|082|1163|Rural|null
51412|Juárez|Colonia|Tejupilco|México|null|51411|15|51411|09|082|1172|Urbano|null
51412|Lomas de Tejupilco|Colonia|Tejupilco|México|null|51411|15|51411|09|082|1175|Rural|null
51412|México 68|Colonia|Tejupilco|México|null|51411|15|51411|09|082|1189|Rural|null
51412|Rincón de Jaimes|Colonia|Tejupilco|México|null|51411|15|51411|09|082|1195|Rural|null
51412|Juntas de Zacatepec (El Pedregal Segunda Manzana)|Colonia|Tejupilco|México|null|51411|15|51411|09|082|1197|Rural|null
51412|Rincón de Aguirre|Ranchería|Tejupilco|México|null|51411|15|51411|29|082|1202|Rural|null
51412|Santo Domingo-Zacatepec|Pueblo|Tejupilco|México|null|51411|15|51411|28|082|1208|Rural|null
51412|Vicente Guerrero|Colonia|Tejupilco|México|null|51411|15|51411|09|082|5643|Rural|null
51412|Luis Donaldo Colosio|Colonia|Tejupilco|México|null|51411|15|51411|09|082|5647|Rural|null
51412|Las Américas|Colonia|Tejupilco|México|null|51411|15|51411|09|082|5648|Urbano|null
51412|Independencia|Colonia|Tejupilco|México|null|51411|15|51411|09|082|5649|Urbano|null
51412|Cerro de Mazatepec|Ranchería|Tejupilco|México|null|51411|15|51411|29|082|5860|Rural|null
51412|El Ocote|Ranchería|Tejupilco|México|null|51411|15|51411|29|082|5887|Rural|null
51412|La Laguna de Mazatepec|Ranchería|Tejupilco|México|null|51411|15|51411|29|082|5913|Rural|null
51412|Mazatepec|Pueblo|Tejupilco|México|null|51411|15|51411|28|082|5937|Rural|null
51412|Rinconada de la Labor|Ranchería|Tejupilco|México|null|51411|15|51411|29|082|5962|Rural|null
51412|Río de Aquiagua (Aquiagua)|Pueblo|Tejupilco|México|null|51411|15|51411|28|082|5964|Rural|null
51412|Del Sol|Colonia|Tejupilco|México|null|51411|15|51411|09|082|9114|Urbano|null
51412|Emiliano Zapata|Colonia|Tejupilco|México|null|51411|15|51411|09|082|9115|Urbano|null
51412|Las Rosas|Colonia|Tejupilco|México|null|51411|15|51411|09|082|9116|Urbano|null
51413|San Andrés Ocotepec|Pueblo|Tejupilco|México|null|51411|15|51411|28|082|1160|Rural|null
51413|San Gabriel Pantoja|Pueblo|Tejupilco|México|null|51411|15|51411|28|082|1164|Rural|null
51413|Los Baños|Ranchería|Tejupilco|México|null|51411|15|51411|29|082|5930|Rural|null
51413|Plan de Maguey|Ranchería|Tejupilco|México|null|51411|15|51411|29|082|5950|Rural|null
51413|Puerto Madroño|Ranchería|Tejupilco|México|null|51411|15|51411|29|082|5955|Rural|null
51413|Rincón de San Gabriel|Ranchería|Tejupilco|México|null|51411|15|51411|29|082|5959|Rural|null
51414|ISSEMYM|Fraccionamiento|Tejupilco|México|null|51411|15|51411|21|082|1187|Urbano|null
51414|La Cabecera (Cabecera de los Arrayanes)|Colonia|Tejupilco|México|null|51411|15|51411|09|082|1225|Rural|null
51414|Paso de Vigas|Colonia|Tejupilco|México|null|51411|15|51411|09|082|1227|Rural|null
51414|Cuadrilla de Leones|Ranchería|Tejupilco|México|null|51411|15|51411|29|082|5866|Rural|null
51414|Los Pericones|Ranchería|Tejupilco|México|null|51411|15|51411|29|082|5935|Rural|null
51414|Rincón del Naranjo (La Cabecera)|Ranchería|Tejupilco|México|null|51411|15|51411|29|082|5960|Rural|null
51414|Los Colorines|Ranchería|Tejupilco|México|null|51411|15|51411|29|082|9108|Rural|null
51414|Fragüita|Ranchería|Tejupilco|México|null|51411|15|51411|29|082|9520|Rural|null
51415|La Cofradía (Los Mangos)|Colonia|Tejupilco|México|null|51411|15|51411|09|082|1154|Rural|null
51415|El Calvario|Colonia|Tejupilco|México|null|51411|15|51411|09|082|1181|Urbano|null
51415|Cañadas de San Simón (Cañada de Chivas)|Ranchería|Tejupilco|México|null|51411|15|51411|29|082|1203|Rural|null
51415|Epazotes|Colonia|Tejupilco|México|null|51411|15|51411|09|082|1224|Rural|null
51415|Salitre de San Lucas|Ranchería|Tejupilco|México|null|51411|15|51411|29|082|1231|Rural|null
51415|Jumiltepec|Pueblo|Tejupilco|México|null|51411|15|51411|28|082|5901|Rural|null
51415|Suquitila|Ranchería|Tejupilco|México|null|51411|15|51411|29|082|5972|Rural|null
51415|El Cirián de la Laguna (El Cirián)|Ranchería|Tejupilco|México|null|51411|15|51411|29|082|8519|Rural|null
51415|El Salitre Segunda Seccción|Ranchería|Tejupilco|México|null|51411|15|51411|29|082|9112|Rural|null
51416|San Lucas del Maíz (San Lucas)|Pueblo|Tejupilco|México|null|51411|15|51411|28|082|1165|Rural|null
51416|La Joya de San Lucas|Ranchería|Tejupilco|México|null|51411|15|51411|29|082|1179|Rural|null
51416|Llano Grande (Llano Grande de San Lucas)|Ranchería|Tejupilco|México|null|51411|15|51411|29|082|5927|Rural|null
51416|Piedra Ancha|Ranchería|Tejupilco|México|null|51411|15|51411|29|082|5948|Rural|null
51417|Sauz de San Lucas (El Sauz)|Pueblo|Tejupilco|México|null|51411|15|51411|28|082|1156|Rural|null
51417|El Platanal (El Platanal de San Lucas)|Ranchería|Tejupilco|México|null|51411|15|51411|29|082|1205|Rural|null
51417|Agua Negra|Ranchería|Tejupilco|México|null|51411|15|51411|29|082|5845|Rural|null
51417|Antonio de San Lucas del Maíz|Ranchería|Tejupilco|México|null|51411|15|51411|29|082|5848|Rural|null
51417|Cuadrilla de los Martínez (Los Martínez)|Ranchería|Tejupilco|México|null|51411|15|51411|29|082|5867|Rural|null
51417|Cuevillas|Ranchería|Tejupilco|México|null|51411|15|51411|29|082|5869|Rural|null
51417|El Mamey de San Lucas|Ranchería|Tejupilco|México|null|51411|15|51411|29|082|5882|Rural|null
51417|Fundadora de San Lucas del Maíz|Ranchería|Tejupilco|México|null|51411|15|51411|29|082|5909|Rural|null
51417|Limón de San Lucas del Maíz|Ranchería|Tejupilco|México|null|51411|15|51411|29|082|5928|Rural|null
51417|Los Melchores de San Lucas (Los Melchores)|Ranchería|Tejupilco|México|null|51411|15|51411|29|082|5933|Rural|null
51418|Tenería (Pueblo Nuevo)|Pueblo|Tejupilco|México|null|51411|15|51411|28|082|1199|Rural|null
51418|Almoloya de las Granadas|Pueblo|Tejupilco|México|null|51411|15|51411|28|082|1201|Rural|null
51418|Cerro Alto (Milpa Vieja)|Ranchería|Tejupilco|México|null|51411|15|51411|29|082|5855|Rural|null
51418|Río Grande|Pueblo|Tejupilco|México|null|51411|15|51411|28|082|5965|Rural|null
51422|La Labor de Zaragoza|Pueblo|Tejupilco|México|null|51411|15|51411|28|082|1158|Rural|null
51422|Cerro Gordo|Ranchería|Tejupilco|México|null|51411|15|51411|29|082|5863|Rural|null
51422|El Limón de Ixtapan|Ranchería|Tejupilco|México|null|51411|15|51411|29|082|5881|Rural|null
51422|El Rodeo|Ranchería|Tejupilco|México|null|51411|15|51411|29|082|5889|Rural|null
51422|La Estancia de Ixtapan|Ranchería|Tejupilco|México|null|51411|15|51411|29|082|5910|Rural|null
51422|Ocoyapan|Pueblo|Tejupilco|México|null|51411|15|51411|28|082|5940|Rural|null
51422|Zapote del Ancón|Ranchería|Tejupilco|México|null|51411|15|51411|29|082|5975|Rural|null
51423|Arballo|Colonia|Tejupilco|México|null|51411|15|51411|09|082|1151|Rural|null
51423|Pantoja|Pueblo|Tejupilco|México|null|51411|15|51411|28|082|1161|Rural|null
51423|Antimonio|Ranchería|Tejupilco|México|null|51411|15|51411|29|082|5847|Rural|null
51423|Antimonio Pantoja|Ranchería|Tejupilco|México|null|51411|15|51411|29|082|5849|Rural|null
51423|El Capire de Pantoja|Ranchería|Tejupilco|México|null|51411|15|51411|29|082|5874|Rural|null
51423|Santiago Arizmendi (Arizmendi)|Pueblo|Tejupilco|México|null|51411|15|51411|28|082|5971|Rural|null
51424|Llano Grande|Pueblo|Tejupilco|México|null|51411|15|51411|28|082|1155|Rural|null
51424|El Sauz Ocotepec (El Sauz)|Ranchería|Tejupilco|México|null|51411|15|51411|29|082|5895|Rural|null
51424|Encinos Verdes|Ranchería|Tejupilco|México|null|51411|15|51411|29|082|5896|Rural|null
51424|Las Ánimas|Ranchería|Tejupilco|México|null|51411|15|51411|29|082|5917|Rural|null
51424|Rincón el Sauz Ocotepec|Ranchería|Tejupilco|México|null|51411|15|51411|29|082|5961|Rural|null
51425|Cerro del Chirimoyo|Ranchería|Tejupilco|México|null|51411|15|51411|29|082|5861|Rural|null
51425|Cerro del Divisadero|Ranchería|Tejupilco|México|null|51411|15|51411|29|082|5862|Rural|null
51425|El Zapote de Ixtapan (El Zapote)|Ranchería|Tejupilco|México|null|51411|15|51411|29|082|5893|Rural|null
51425|Hacienda de Ixtapan|Ranchería|Tejupilco|México|null|51411|15|51411|29|082|5897|Rural|null
51425|Juluapan (Juloapan)|Ranchería|Tejupilco|México|null|51411|15|51411|29|082|5900|Rural|null
51425|Las Moras|Ranchería|Tejupilco|México|null|51411|15|51411|29|082|5926|Rural|null
51425|Lodo Prieto|Ranchería|Tejupilco|México|null|51411|15|51411|29|082|5929|Rural|null
51425|Los Nopales|Ranchería|Tejupilco|México|null|51411|15|51411|29|082|5934|Rural|null
51425|Puerto de Jalpan (Jalpa)|Ranchería|Tejupilco|México|null|51411|15|51411|29|082|5954|Rural|null
51425|Rincón Chiquito|Ranchería|Tejupilco|México|null|51411|15|51411|29|082|5957|Rural|null
51425|San Francisco|Ranchería|Tejupilco|México|null|51411|15|51411|29|082|5968|Rural|null
51426|Puerto del Aire|Pueblo|Tejupilco|México|null|51411|15|51411|28|082|1162|Rural|null
51426|Ilamos|Ranchería|Tejupilco|México|null|51411|15|51411|29|082|5899|Rural|null
51426|La Guitarra|Ranchería|Tejupilco|México|null|51411|15|51411|29|082|5911|Rural|null
51426|Las Juntas de Ixtapan|Ranchería|Tejupilco|México|null|51411|15|51411|29|082|5919|Rural|null
51426|San Miguel Ixtapan|Pueblo|Tejupilco|México|null|51411|15|51411|28|082|8893|Rural|null
51427|El Carmen de Ixtapan|Colonia|Tejupilco|México|null|51411|15|51411|09|082|1191|Rural|null
51427|Tirados|Ranchería|Tejupilco|México|null|51411|15|51411|29|082|1209|Rural|null
51427|Cuadrilla de López|Colonia|Tejupilco|México|null|51411|15|51411|09|082|1226|Rural|null
51427|Acamuchitlán|Pueblo|Tejupilco|México|null|51411|15|51411|28|082|5843|Rural|null
51427|El Aguacate de Monte de Dios|Ranchería|Tejupilco|México|null|51411|15|51411|29|082|5846|Rural|null
51427|El Burrito (El Sauz)|Ranchería|Tejupilco|México|null|51411|15|51411|29|082|5872|Rural|null
51427|Salitre de Acamuchitlán (El Salitre)|Pueblo|Tejupilco|México|null|51411|15|51411|28|082|5890|Rural|null
51427|Las Juntas|Ranchería|Tejupilco|México|null|51411|15|51411|29|082|5918|Rural|null
51427|Monte de Dios|Ranchería|Tejupilco|México|null|51411|15|51411|29|082|5938|Rural|null
51427|Pinzán Morado|Ranchería|Tejupilco|México|null|51411|15|51411|29|082|5949|Rural|null
51427|Plaza de Gallos|Ranchería|Tejupilco|México|null|51411|15|51411|29|082|5953|Rural|null
51427|Salto Grande|Ranchería|Tejupilco|México|null|51411|15|51411|29|082|5966|Rural|null
51427|San Mateo (San Mateo Ixtapan)|Ranchería|Tejupilco|México|null|51411|15|51411|29|082|5967|Rural|null
51428|Las Mesas de Ixtapan (Las Mesas)|Pueblo|Tejupilco|México|null|51411|15|51411|28|082|1159|Rural|null
51428|Santa Rosa Rincón de Jaimes|Ranchería|Tejupilco|México|null|51411|15|51411|29|082|1194|Rural|null
51428|El Potrero de Ixtapan (El Potrero)|Ranchería|Tejupilco|México|null|51411|15|51411|29|082|1210|Rural|null
51428|La Florida (Kilómetro 5)|Pueblo|Tejupilco|México|null|51411|15|51411|28|082|5644|Rural|null
51428|Barranca de Ixtapan|Ranchería|Tejupilco|México|null|51411|15|51411|29|082|5850|Rural|null
51428|Campanario de Ixtapan (El Campanario)|Ranchería|Tejupilco|México|null|51411|15|51411|29|082|5873|Rural|null
51428|Santa María de las Flores|Ranchería|Tejupilco|México|null|51411|15|51411|29|082|5969|Rural|null
51428|Santa Rosa (Las Juntas)|Ranchería|Tejupilco|México|null|51411|15|51411|29|082|5970|Rural|null
51430|Bejucos|Colonia|Tejupilco|México|null|51431|15|51431|09|082|1228|Urbano|null
51432|Rincón del Guayabal|Colonia|Tejupilco|México|null|51411|15|51411|09|082|1232|Rural|null
51432|Cerro de los Elizaldes|Ranchería|Tejupilco|México|null|51411|15|51411|29|082|5858|Rural|null
51432|Cuadrilla del Molino|Ranchería|Tejupilco|México|null|51411|15|51411|29|082|5868|Rural|null
51432|El Ciruelo|Ranchería|Tejupilco|México|null|51411|15|51411|29|082|5875|Rural|null
51432|La Cañada|Ranchería|Tejupilco|México|null|51411|15|51411|29|082|5907|Rural|null
51432|Las Mesas de los Capires (Las Mesas)|Ranchería|Tejupilco|México|null|51411|15|51411|29|082|5924|Rural|null
51432|Rincón de Carboneras (Carboneras)|Ranchería|Tejupilco|México|null|51411|15|51411|29|082|5958|Rural|null
51433|El Corupo|Ranchería|Tejupilco|México|null|51411|15|51411|29|082|5876|Rural|null
51433|El Jumate|Ranchería|Tejupilco|México|null|51411|15|51411|29|082|5880|Rural|null
51433|El Zapote de Acamuchitlán (El Zapote)|Pueblo|Tejupilco|México|null|51411|15|51411|28|082|5894|Rural|null
51433|La Calera|Ranchería|Tejupilco|México|null|51411|15|51411|29|082|5906|Rural|null
51433|La Mesa|Ranchería|Tejupilco|México|null|51411|15|51411|29|082|5923|Rural|null
51433|Planes de la Cofradía (Los Planes)|Ranchería|Tejupilco|México|null|51411|15|51411|29|082|5952|Rural|null
51433|Río Chiquito|Ranchería|Tejupilco|México|null|51411|15|51411|29|082|5963|Rural|null
51433|Tejapan Limones (Tejapan)|Pueblo|Tejupilco|México|null|51411|15|51411|28|082|5974|Rural|null
51434|Coahuilotes|Ranchería|Tejupilco|México|null|51411|15|51411|29|082|5864|Rural|null
51434|El Guayabo|Ranchería|Tejupilco|México|null|51411|15|51411|29|082|5879|Rural|null
51434|El Naranjo Grande|Ranchería|Tejupilco|México|null|51411|15|51411|29|082|5886|Rural|null
51434|La Bolsa|Ranchería|Tejupilco|México|null|51411|15|51411|29|082|5903|Rural|null
51434|La Cuitacera|Ranchería|Tejupilco|México|null|51411|15|51411|29|082|5908|Rural|null
51434|Las Anonas|Ranchería|Tejupilco|México|null|51411|15|51411|29|082|5914|Rural|null
51434|Las Ilamas|Ranchería|Tejupilco|México|null|51411|15|51411|29|082|5925|Rural|null
51434|Los Pinzanes (La Pinzanera)|Ranchería|Tejupilco|México|null|51411|15|51411|29|082|5936|Rural|null
51434|Naranjo Chiquito|Ranchería|Tejupilco|México|null|51411|15|51411|29|082|5939|Rural|null
51434|Paso de San Juan|Pueblo|Tejupilco|México|null|51411|15|51411|28|082|5944|Rural|null
51435|Paso del Guayabal (El Paso)|Pueblo|Tejupilco|México|null|51411|15|51411|28|082|1230|Rural|null
51435|Barro Prieto|Ranchería|Tejupilco|México|null|51411|15|51411|29|082|5853|Rural|null
51435|Paso de la Parota|Ranchería|Tejupilco|México|null|51411|15|51411|29|082|5943|Rural|null
51436|Benito Juárez (Lázaro Cárdenas del Río)|Colonia|Tejupilco|México|null|51411|15|51411|09|082|5851|Rural|null
51436|El Salto (El Salto Dos)|Ranchería|Tejupilco|México|null|51411|15|51411|29|082|5891|Rural|null
51436|Las Lomas (Los Depósitos)|Ranchería|Tejupilco|México|null|51411|15|51411|29|082|5921|Rural|null
51436|Mesa de Gallos (El Llano)|Ranchería|Tejupilco|México|null|51411|15|51411|29|082|5922|Rural|null
51436|La Palma Cuata (La Palma)|Colonia|Tejupilco|México|null|51411|15|51411|09|082|9109|Rural|null
51436|Potrero Grande|Ranchería|Tejupilco|México|null|51411|15|51411|29|082|9110|Rural|null
51437|Paredes Prietas|Ranchería|Tejupilco|México|null|51411|15|51411|29|082|5942|Rural|null
51440|Luvianos|Pueblo|Luvianos|México|null|51441|15|51441|28|123|1211|Urbano|null
51440|San Sebastián (Rincón de San Sebastián)|Ranchería|Luvianos|México|null|51441|15|51441|29|123|1221|Rural|null
51440|Rincón de Alambre|Ranchería|Luvianos|México|null|51441|15|51441|29|123|6141|Rural|null
51440|Niños Héroes|Colonia|Luvianos|México|null|51441|15|51441|09|123|8482|Urbano|null
51442|Trojes|Ranchería|Luvianos|México|null|51441|15|51441|29|123|1222|Rural|null
51442|Arroyo Seco|Ranchería|Luvianos|México|null|51441|15|51441|29|123|5980|Rural|null
51442|Cerro del Venado|Pueblo|Luvianos|México|null|51441|15|51441|28|123|5994|Rural|null
51442|Cuadrilla de Benítez|Pueblo|Luvianos|México|null|51441|15|51441|28|123|6004|Rural|null
51442|Ojo de Agua|Ranchería|Luvianos|México|null|51441|15|51441|29|123|6031|Rural|null
51442|Rincón de Vargas|Ranchería|Luvianos|México|null|51441|15|51441|29|123|6147|Rural|null
51442|Toma de Agua|Ranchería|Luvianos|México|null|51441|15|51441|29|123|6166|Rural|null
51443|El Estanco|Colonia|Luvianos|México|null|51441|15|51441|09|123|1220|Rural|null
51443|Puerto del Salitre|Ranchería|Luvianos|México|null|51441|15|51441|29|123|1229|Rural|null
51443|Calaveras|Ranchería|Luvianos|México|null|51441|15|51441|29|123|5986|Rural|null
51443|Capire|Ranchería|Luvianos|México|null|51441|15|51441|29|123|5988|Rural|null
51443|El Pie de la Loma|Ranchería|Luvianos|México|null|51441|15|51441|29|123|6032|Rural|null
51443|Jaquinicuil|Ranchería|Luvianos|México|null|51441|15|51441|29|123|6055|Rural|null
51443|Los Pinzanes|Ranchería|Luvianos|México|null|51441|15|51441|29|123|6100|Rural|null
51445|San Antonio Luvianos (San Antonio)|Colonia|Luvianos|México|null|51441|15|51441|09|123|1214|Rural|null
51445|Cerro de la Culebra|Ranchería|Luvianos|México|null|51441|15|51441|29|123|5992|Rural|null
51445|Paso de la Arena|Ranchería|Luvianos|México|null|51441|15|51441|29|123|6120|Rural|null
51446|Caja de Agua|Colonia|Luvianos|México|null|51441|15|51441|09|123|1217|Rural|null
51446|Cerro de Castelanes|Pueblo|Luvianos|México|null|51441|15|51441|28|123|5991|Rural|null
51446|Cerro del Agua|Ranchería|Luvianos|México|null|51441|15|51441|29|123|5993|Rural|null
51446|El Pueblito|Ranchería|Luvianos|México|null|51441|15|51441|29|123|6036|Rural|null
51446|Iglesia Vieja|Pueblo|Luvianos|México|null|51441|15|51441|28|123|6053|Rural|null
51446|Puerta de Golpe|Ranchería|Luvianos|México|null|51441|15|51441|29|123|6131|Rural|null
51446|Rincón de San Lucas|Ranchería|Luvianos|México|null|51441|15|51441|29|123|6146|Rural|null
51453|El Copalito|Ranchería|Luvianos|México|null|51441|15|51441|29|123|6017|Rural|null
51453|El Naranjito|Pueblo|Luvianos|México|null|51441|15|51441|28|123|6028|Rural|null
51453|El Puerto de la Sosa|Ranchería|Luvianos|México|null|51441|15|51441|29|123|6037|Rural|null
51453|El Reparo de Nanchititla (El Reparo)|Pueblo|Luvianos|México|null|51441|15|51441|28|123|6039|Rural|null
51453|El Rincón de Cagalaguas (Rincón los Mejías)|Ranchería|Luvianos|México|null|51441|15|51441|29|123|6040|Rural|null
51453|Hormigueros|Pueblo|Luvianos|México|null|51441|15|51441|28|123|6051|Rural|null
51453|Las Lajas|Ranchería|Luvianos|México|null|51441|15|51441|29|123|6080|Rural|null
51453|Las Palmas|Ranchería|Luvianos|México|null|51441|15|51441|29|123|6082|Rural|null
51453|Los Arrayanes (Los Arrayanes Verdes)|Ranchería|Luvianos|México|null|51441|15|51441|29|123|6090|Rural|null
51453|Los Bancos|Ranchería|Luvianos|México|null|51441|15|51441|29|123|6092|Rural|null
51453|Los Ocotes|Ranchería|Luvianos|México|null|51441|15|51441|29|123|6097|Rural|null
51453|Los Piñones (El Sauz)|Rancho|Luvianos|México|null|51441|15|51441|48|123|6101|Rural|null
51453|Los Terreros|Ranchería|Luvianos|México|null|51441|15|51441|29|123|6105|Rural|null
51453|Plan de Chihuahua|Ranchería|Luvianos|México|null|51441|15|51441|29|123|6126|Rural|null
51453|Puerto de los Duraznos|Ranchería|Luvianos|México|null|51441|15|51441|29|123|6132|Rural|null
51453|Rincón de Arrayanes|Ranchería|Luvianos|México|null|51441|15|51441|29|123|6142|Rural|null
51453|Rincón de González|Ranchería|Luvianos|México|null|51441|15|51441|29|123|6144|Rural|null
51454|Cañadas de Nanchititla|Colonia|Luvianos|México|null|51441|15|51441|09|123|1233|Rural|null
51454|Aguacatillo|Ranchería|Luvianos|México|null|51441|15|51441|29|123|5977|Rural|null
51454|Carrizal|Ranchería|Luvianos|México|null|51441|15|51441|29|123|5990|Rural|null
51454|Colcomeca|Ranchería|Luvianos|México|null|51441|15|51441|29|123|5997|Rural|null
51454|El Capire|Pueblo|Luvianos|México|null|51441|15|51441|28|123|6010|Rural|null
51454|Guayabos (El Guayabo)|Rancho|Luvianos|México|null|51441|15|51441|48|123|6020|Rural|null
51454|La Laguna|Ranchería|Luvianos|México|null|51441|15|51441|29|123|6064|Rural|null
51454|Las Paredes|Ranchería|Luvianos|México|null|51441|15|51441|29|123|6083|Rural|null
51454|Los Bancos|Ranchería|Luvianos|México|null|51441|15|51441|29|123|6091|Rural|null
51454|Los Tejocotes|Ranchería|Luvianos|México|null|51441|15|51441|29|123|6103|Rural|null
51454|Majada de los Encinos (Majada de Encinos)|Ranchería|Luvianos|México|null|51441|15|51441|29|123|6107|Rural|null
51454|Monte Verde|Ranchería|Luvianos|México|null|51441|15|51441|29|123|6113|Rural|null
51454|Palo Verde|Ranchería|Luvianos|México|null|51441|15|51441|29|123|6118|Rural|null
51454|Palos Prietos|Ranchería|Luvianos|México|null|51441|15|51441|29|123|6119|Rural|null
51454|Peña Calva|Ranchería|Luvianos|México|null|51441|15|51441|29|123|6123|Rural|null
51454|Rincón de Martínez|Ranchería|Luvianos|México|null|51441|15|51441|29|123|6145|Rural|null
51454|Tequesquite (El Tequezquite)|Ranchería|Luvianos|México|null|51441|15|51441|29|123|6165|Rural|null
51455|El Cirare (Cirián de Hilar)|Ranchería|Luvianos|México|null|51441|15|51441|29|123|6015|Rural|null
51455|La Canoa|Ranchería|Luvianos|México|null|51441|15|51441|29|123|6079|Rural|null
51455|Las Parotas|Ranchería|Luvianos|México|null|51441|15|51441|29|123|6084|Rural|null
51455|Los Arrayanes|Ranchería|Luvianos|México|null|51441|15|51441|29|123|6089|Rural|null
51455|Los Llanitos|Ranchería|Luvianos|México|null|51441|15|51441|29|123|6095|Rural|null
51455|Los Tequereques|Ranchería|Luvianos|México|null|51441|15|51441|29|123|6104|Rural|null
51455|Mesa de los Caballos|Ranchería|Luvianos|México|null|51441|15|51441|29|123|6110|Rural|null
51455|Ojo de Agua-Palo Gordo|Pueblo|Luvianos|México|null|51441|15|51441|28|123|6116|Rural|null
51455|Palo Gordo|Ranchería|Luvianos|México|null|51441|15|51441|29|123|6117|Rural|null
51455|Sesteadero de Abajo|Ranchería|Luvianos|México|null|51441|15|51441|29|123|6161|Rural|null
51455|Sesteadero de Arriba|Ranchería|Luvianos|México|null|51441|15|51441|29|123|6162|Rural|null
51455|Solosúchil|Ranchería|Luvianos|México|null|51441|15|51441|29|123|6163|Rural|null
51456|Las Anonas|Ranchería|Luvianos|México|null|51441|15|51441|29|123|1234|Rural|null
51456|Caja de Agua|Pueblo|Luvianos|México|null|51441|15|51441|28|123|5984|Rural|null
51456|Calabazos (Las Pilas)|Ranchería|Luvianos|México|null|51441|15|51441|29|123|5985|Rural|null
51456|El Cerro|Ranchería|Luvianos|México|null|51441|15|51441|29|123|6014|Rural|null
51456|El Limón|Pueblo|Luvianos|México|null|51441|15|51441|28|123|6023|Rural|null
51456|El Plátano|Ranchería|Luvianos|México|null|51441|15|51441|29|123|6033|Rural|null
51456|El Pueblito|Pueblo|Luvianos|México|null|51441|15|51441|28|123|6034|Rural|null
51456|El Rodeo|Ranchería|Luvianos|México|null|51441|15|51441|29|123|6042|Rural|null
51456|La Angostura Dos|Ranchería|Luvianos|México|null|51441|15|51441|29|123|6058|Rural|null
51456|La Angostura Uno (Cerro de la Angostura Uno)|Ranchería|Luvianos|México|null|51441|15|51441|29|123|6059|Rural|null
51456|La Arboleda|Ranchería|Luvianos|México|null|51441|15|51441|29|123|6060|Rural|null
51456|La Camelina|Ranchería|Luvianos|México|null|51441|15|51441|29|123|6061|Rural|null
51456|La Mesa del Potrero Chiquito|Ranchería|Luvianos|México|null|51441|15|51441|29|123|6067|Rural|null
51456|La Toma|Ranchería|Luvianos|México|null|51441|15|51441|29|123|6072|Rural|null
51456|Los Pericones (Ranchería los Pericones)|Ranchería|Luvianos|México|null|51441|15|51441|29|123|6098|Rural|null
51456|Mesa de Nietos|Pueblo|Luvianos|México|null|51441|15|51441|28|123|6111|Rural|null
51456|Salitrillo|Ranchería|Luvianos|México|null|51441|15|51441|29|123|6153|Rural|null
51456|Sanguijuelas|Ranchería|Luvianos|México|null|51441|15|51441|29|123|6155|Rural|null
51456|El Sauz Palo Gordo|Pueblo|Luvianos|México|null|51441|15|51441|28|123|6159|Rural|null
51456|Tremesinos|Ranchería|Luvianos|México|null|51441|15|51441|29|123|6167|Rural|null
51457|La Estancia de Nanchititla (La Estancia)|Ranchería|Luvianos|México|null|51441|15|51441|29|123|1213|Rural|null
51457|Cacahuananche|Ranchería|Luvianos|México|null|51441|15|51441|29|123|5983|Rural|null
51457|Cuachinola|Ranchería|Luvianos|México|null|51441|15|51441|29|123|6003|Rural|null
51457|El Carrizal|Ranchería|Luvianos|México|null|51441|15|51441|29|123|6012|Rural|null
51457|El Huizache|Ranchería|Luvianos|México|null|51441|15|51441|29|123|6021|Rural|null
51457|El Jagüey|Ranchería|Luvianos|México|null|51441|15|51441|29|123|6022|Rural|null
51457|El Naranjo|Pueblo|Luvianos|México|null|51441|15|51441|28|123|6029|Rural|null
51457|El Tanque|Ranchería|Luvianos|México|null|51441|15|51441|29|123|6044|Rural|null
51457|Las Lajitas|Ranchería|Luvianos|México|null|51441|15|51441|29|123|6081|Rural|null
51457|Las Piñas|Ranchería|Luvianos|México|null|51441|15|51441|29|123|6085|Rural|null
51457|Los Arrayanes|Ranchería|Luvianos|México|null|51441|15|51441|29|123|6088|Rural|null
51457|Los Pinzanes|Pueblo|Luvianos|México|null|51441|15|51441|28|123|6099|Rural|null
51457|El Ojo de Agua|Ranchería|Luvianos|México|null|51441|15|51441|29|123|6115|Rural|null
51457|Piedra Colorada|Ranchería|Luvianos|México|null|51441|15|51441|29|123|6124|Rural|null
51457|Puerto de los Terreros|Ranchería|Luvianos|México|null|51441|15|51441|29|123|6133|Rural|null
51457|Puerto de los Zacatones|Ranchería|Luvianos|México|null|51441|15|51441|29|123|6134|Rural|null
51457|Sesteadero|Ranchería|Luvianos|México|null|51441|15|51441|29|123|6160|Rural|null
51458|Cuahuilotes (Cuajilotes)|Ranchería|Luvianos|México|null|51441|15|51441|29|123|1215|Rural|null
51458|Avellaneda|Ranchería|Luvianos|México|null|51441|15|51441|29|123|5981|Rural|null
51458|El Cascalote|Ranchería|Luvianos|México|null|51441|15|51441|29|123|6013|Rural|null
51458|El Manguito (La Parotilla)|Ranchería|Luvianos|México|null|51441|15|51441|29|123|6027|Rural|null
51458|El Salto de San Jerónimo|Ranchería|Luvianos|México|null|51441|15|51441|29|123|6043|Rural|null
51458|Jocoleche|Ranchería|Luvianos|México|null|51441|15|51441|29|123|6057|Rural|null
51458|Las Trojas|Ranchería|Luvianos|México|null|51441|15|51441|29|123|6086|Rural|null
51458|Lechuguillas|Ranchería|Luvianos|México|null|51441|15|51441|29|123|6087|Rural|null
51458|Los Curindales|Ranchería|Luvianos|México|null|51441|15|51441|29|123|6094|Rural|null
51458|Navarrete|Ranchería|Luvianos|México|null|51441|15|51441|29|123|6114|Rural|null
51459|El Barro|Ranchería|Luvianos|México|null|51441|15|51441|29|123|6007|Rural|null
51459|El Ranchito (El Limoncito)|Rancho|Luvianos|México|null|51441|15|51441|48|123|6038|Rural|null
51459|Gabazos (El Bagaso)|Ranchería|Luvianos|México|null|51441|15|51441|29|123|6048|Rural|null
51459|Las Garzas (Potrerillos)|Ranchería|Luvianos|México|null|51441|15|51441|29|123|6077|Rural|null
51462|Rincón de Rodríguez|Colonia|Luvianos|México|null|51441|15|51441|09|123|1218|Rural|null
51462|Carbajales|Ranchería|Luvianos|México|null|51441|15|51441|29|123|5989|Rural|null
51462|Corral Nuevo|Ranchería|Luvianos|México|null|51441|15|51441|29|123|6000|Rural|null
51462|Cruz de Piedra|Ranchería|Luvianos|México|null|51441|15|51441|29|123|6002|Rural|null
51462|El Capire de Acatitlán|Ranchería|Luvianos|México|null|51441|15|51441|29|123|6011|Rural|null
51462|El Limón|Pueblo|Luvianos|México|null|51441|15|51441|28|123|6024|Rural|null
51462|El Mamey Acatitlán|Pueblo|Luvianos|México|null|51441|15|51441|28|123|6025|Rural|null
51462|Jalpan|Ranchería|Luvianos|México|null|51441|15|51441|29|123|6054|Rural|null
51462|Jocoal|Ranchería|Luvianos|México|null|51441|15|51441|29|123|6056|Rural|null
51462|La Mesa|Ranchería|Luvianos|México|null|51441|15|51441|29|123|6066|Rural|null
51462|La Palma|Pueblo|Luvianos|México|null|51441|15|51441|28|123|6069|Rural|null
51462|La Unidad (Los Ciruelos)|Ranchería|Luvianos|México|null|51441|15|51441|29|123|6073|Rural|null
51462|Mango Solo|Ranchería|Luvianos|México|null|51441|15|51441|29|123|6108|Rural|null
51462|Rancho Viejo|Pueblo|Luvianos|México|null|51441|15|51441|28|123|6138|Rural|null
51462|Santa Cruz|Ranchería|Luvianos|México|null|51441|15|51441|29|123|6156|Rural|null
51462|El Salitre Estancia Grande|Ranchería|Luvianos|México|null|51441|15|51441|29|123|9580|Rural|null
51463|San Juan Acatitlán (Acatitlán)|Colonia|Luvianos|México|null|51441|15|51441|09|123|1216|Rural|null
51463|Alborejo (Puerto Alborejo)|Ranchería|Luvianos|México|null|51441|15|51441|29|123|5978|Rural|null
51463|Corral del Barro|Ranchería|Luvianos|México|null|51441|15|51441|29|123|5999|Rural|null
51463|Cuadrilla de Sánchez|Pueblo|Luvianos|México|null|51441|15|51441|28|123|6005|Rural|null
51463|El Aguacate|Ranchería|Luvianos|México|null|51441|15|51441|29|123|6006|Rural|null
51463|El Naranjo de San Isidro (El Naranjo Primero)|Ranchería|Luvianos|México|null|51441|15|51441|29|123|6030|Rural|null
51463|Hilamache|Pueblo|Luvianos|México|null|51441|15|51441|28|123|6050|Rural|null
51463|Puerto del Higo|Ranchería|Luvianos|México|null|51441|15|51441|29|123|6135|Rural|null
51463|Rincón del Hilamache|Ranchería|Luvianos|México|null|51441|15|51441|29|123|6148|Rural|null
51463|Rincón del Naranjo la Presa|Ranchería|Luvianos|México|null|51441|15|51441|29|123|6149|Rural|null
51463|Salitre del Puente (Puente del Salitre)|Pueblo|Luvianos|México|null|51441|15|51441|28|123|6151|Rural|null
51463|Tres Encinos|Ranchería|Luvianos|México|null|51441|15|51441|29|123|6168|Rural|null
51464|Estancia Grande (San José Estancia Grande)|Ranchería|Luvianos|México|null|51441|15|51441|29|123|6047|Rural|null
51464|Puerto el Capulín|Ranchería|Luvianos|México|null|51441|15|51441|29|123|6136|Rural|null
51464|Santa Rosa Estancia Grande|Ranchería|Luvianos|México|null|51441|15|51441|29|123|6157|Rural|null
51465|San Simón Piedra Grande (San Simón)|Pueblo|Luvianos|México|null|51441|15|51441|28|123|1176|Rural|null
51465|Hermiltepec (Peña Blanca)|Colonia|Luvianos|México|null|51441|15|51441|09|123|1212|Rural|null
51465|El Crucillo|Ranchería|Luvianos|México|null|51441|15|51441|29|123|6018|Rural|null
51465|El Manguito|Ranchería|Luvianos|México|null|51441|15|51441|29|123|6026|Rural|null
51465|El Rincón Piedra Grande|Ranchería|Luvianos|México|null|51441|15|51441|29|123|6041|Rural|null
51465|La Candelaria|Ranchería|Luvianos|México|null|51441|15|51441|29|123|6062|Rural|null
51465|La Minita|Ranchería|Luvianos|México|null|51441|15|51441|29|123|6068|Rural|null
51465|Magadán|Ranchería|Luvianos|México|null|51441|15|51441|29|123|6106|Rural|null
51465|Paso del Agua (Cristo Rey)|Pueblo|Luvianos|México|null|51441|15|51441|28|123|6121|Rural|null
51465|Piedra Grande|Pueblo|Luvianos|México|null|51441|15|51441|28|123|6125|Rural|null
51465|Salitre Piedra Grande|Pueblo|Luvianos|México|null|51441|15|51441|28|123|6152|Rural|null
51465|Santa Rosa Hermiltepec|Pueblo|Luvianos|México|null|51441|15|51441|28|123|6158|Rural|null
51465|Mesa de los Espinos (Mesa de las Escobas)|Ranchería|Luvianos|México|null|51441|15|51441|29|123|6170|Rural|null
51466|El Tecuán|Ranchería|Luvianos|México|null|51441|15|51441|29|123|6045|Rural|null
51466|La Chaqueta|Ranchería|Luvianos|México|null|51441|15|51441|29|123|6063|Rural|null
51466|La Laguna|Ranchería|Luvianos|México|null|51441|15|51441|29|123|6065|Rural|null
51466|Potrero de Palmarillos|Ranchería|Luvianos|México|null|51441|15|51441|29|123|6128|Rural|null
51467|Buenavista|Ranchería|Luvianos|México|null|51441|15|51441|29|123|5982|Rural|null
51467|El Brasil|Ranchería|Luvianos|México|null|51441|15|51441|29|123|6008|Rural|null
51467|El Pueblito|Pueblo|Luvianos|México|null|51441|15|51441|28|123|6035|Rural|null
51467|La Parota|Ranchería|Luvianos|México|null|51441|15|51441|29|123|6071|Rural|null
51467|La Yerbabuena|Ranchería|Luvianos|México|null|51441|15|51441|29|123|6074|Rural|null
51467|Los Bancos|Ranchería|Luvianos|México|null|51441|15|51441|29|123|6093|Rural|null
51467|Los Pozos|Ranchería|Luvianos|México|null|51441|15|51441|29|123|6102|Rural|null
51467|Mesa del Capulín (Mesa de los Nanches)|Ranchería|Luvianos|México|null|51441|15|51441|29|123|6112|Rural|null
51467|Pedernales|Ranchería|Luvianos|México|null|51441|15|51441|29|123|6122|Rural|null
51467|Potrero Vallecitos (El Potrero)|Pueblo|Luvianos|México|null|51441|15|51441|28|123|6130|Rural|null
51467|Pungarancho|Pueblo|Luvianos|México|null|51441|15|51441|28|123|6137|Rural|null
51467|San Nicolás|Ranchería|Luvianos|México|null|51441|15|51441|29|123|6154|Rural|null
51467|Vallecitos de Hermiltepec (Vallecito)|Pueblo|Luvianos|México|null|51441|15|51441|28|123|6169|Rural|null
51468|Agua Colorada|Ranchería|Luvianos|México|null|51441|15|51441|29|123|5976|Rural|null
51468|Arrayán|Ranchería|Luvianos|México|null|51441|15|51441|29|123|5979|Rural|null
51468|Cañada del Campanario|Ranchería|Luvianos|México|null|51441|15|51441|29|123|5987|Rural|null
51468|Chirimoya|Ranchería|Luvianos|México|null|51441|15|51441|29|123|5995|Rural|null
51468|Ciprianes|Pueblo|Luvianos|México|null|51441|15|51441|28|123|5996|Rural|null
51468|Cruz de Clavos|Pueblo|Luvianos|México|null|51441|15|51441|28|123|6001|Rural|null
51468|El Campanario|Pueblo|Luvianos|México|null|51441|15|51441|28|123|6009|Rural|null
51468|El Cirián de Hermiltepec|Pueblo|Luvianos|México|null|51441|15|51441|28|123|6016|Rural|null
51468|El Granjen|Ranchería|Luvianos|México|null|51441|15|51441|29|123|6019|Rural|null
51468|Huiztepec|Ranchería|Luvianos|México|null|51441|15|51441|29|123|6052|Rural|null
51468|Rincón Cruz de Clavos|Ranchería|Luvianos|México|null|51441|15|51441|29|123|6140|Rural|null
51468|Rincón de Ciprianes|Ranchería|Luvianos|México|null|51441|15|51441|29|123|6143|Rural|null
51470|San Simón de Guerrero|Pueblo|San Simón de Guerrero|México|null|51411|15|51411|28|077|1237|Urbano|null
51470|San Pedro (El Espinal)|Barrio|San Simón de Guerrero|México|null|51411|15|51411|02|077|8063|Rural|null
51470|Cruz Verde|Barrio|San Simón de Guerrero|México|null|51411|15|51411|02|077|8724|Rural|null
51470|San José (Barrio Tecolote)|Barrio|San Simón de Guerrero|México|null|51411|15|51411|02|077|8826|Rural|null
51470|La Fragua|Barrio|San Simón de Guerrero|México|null|51411|15|51411|02|077|8895|Rural|null
51470|Santa Cruz|Barrio|San Simón de Guerrero|México|null|51411|15|51411|02|077|9532|Rural|null
51470|Santa Rosa (La Gallinada)|Barrio|San Simón de Guerrero|México|null|51411|15|51411|02|077|9533|Rural|null
51476|Del Monte|Barrio|San Simón de Guerrero|México|null|51411|15|51411|02|077|8064|Rural|null
51479|Estancia Vieja (San José la Estancia)|Ranchería|San Simón de Guerrero|México|null|51411|15|51411|29|077|1239|Rural|null
51479|Los Berros Cuentla|Ranchería|San Simón de Guerrero|México|null|51411|15|51411|29|077|9542|Rural|null
51479|Mina de Agua|Ranchería|San Simón de Guerrero|México|null|51411|15|51411|29|077|9543|Rural|null
51480|La Rueda|Ranchería|San Simón de Guerrero|México|null|51411|15|51411|29|077|0001|Rural|null
51480|San Diego Cuentla (Llano Grande)|Pueblo|San Simón de Guerrero|México|null|51411|15|51411|28|077|1236|Rural|null
51480|San Gabriel Cuentla|Pueblo|San Simón de Guerrero|México|null|51411|15|51411|28|077|1240|Rural|null
51480|Titipac Cuentla (Titipac)|Ranchería|San Simón de Guerrero|México|null|51411|15|51411|29|077|9530|Rural|null
51480|La Rinconada|Pueblo|San Simón de Guerrero|México|null|51411|15|51411|28|077|9540|Rural|null
51480|Peña Redonda|Ranchería|San Simón de Guerrero|México|null|51411|15|51411|29|077|9544|Rural|null
51480|Rincón de los Trigos|Ranchería|San Simón de Guerrero|México|null|51411|15|51411|29|077|9545|Rural|null
51483|Rancho Viejo Cuentla (Rancho Viejo)|Ranchería|San Simón de Guerrero|México|null|51411|15|51411|29|077|8715|Rural|null
51483|La Sierrita|Ranchería|San Simón de Guerrero|México|null|51411|15|51411|29|077|9541|Rural|null
51483|Yerbabuena|Ranchería|San Simón de Guerrero|México|null|51411|15|51411|29|077|9546|Rural|null
51484|El Mango Cuentla (El Mango)|Ranchería|San Simón de Guerrero|México|null|51411|15|51411|29|077|9535|Rural|null
51484|El Zapote|Ranchería|San Simón de Guerrero|México|null|51411|15|51411|29|077|9537|Rural|null
51484|Guardarraya|Ranchería|San Simón de Guerrero|México|null|51411|15|51411|29|077|9538|Rural|null
51485|El Jocoyol Cuentla (Jocoyoles)|Ranchería|San Simón de Guerrero|México|null|51411|15|51411|29|077|9534|Rural|null
51485|El Momustle|Ranchería|San Simón de Guerrero|México|null|51411|15|51411|29|077|9536|Rural|null
51485|La Cumbre|Ranchería|San Simón de Guerrero|México|null|51411|15|51411|29|077|9539|Rural|null
51500|Amatepec|Pueblo|Amatepec|México|Amatepec|51501|15|51501|28|008|1241|Urbano|24
51510|Rincón de la Cofradía|Pueblo|Amatepec|México|null|51501|15|51501|28|008|1250|Rural|null
51510|San Martín|Pueblo|Amatepec|México|null|51501|15|51501|28|008|1251|Rural|null
51510|El Aguacate (El Aguacate San Martín)|Ranchería|Amatepec|México|null|51501|15|51501|29|008|7637|Rural|null
51513|Chapuluapan|Ranchería|Amatepec|México|null|51501|15|51501|29|008|0004|Rural|null
51513|Rincón de San Simón|Ranchería|Amatepec|México|null|51501|15|51501|29|008|0015|Rural|null
51513|Corral de Piedra|Pueblo|Amatepec|México|null|51501|15|51501|28|008|1254|Rural|null
51513|Cerro de Tlacotepec (Tlacotepec)|Pueblo|Amatepec|México|null|51501|15|51501|28|008|1256|Rural|null
51513|Coyol de San Simón|Ranchería|Amatepec|México|null|51501|15|51501|29|008|7659|Rural|null
51513|Encinal Verde|Ranchería|Amatepec|México|null|51501|15|51501|29|008|7660|Rural|null
51514|Los Guajes|Pueblo|Amatepec|México|null|51501|15|51501|28|008|1249|Rural|null
51514|San Miguel (San Miguel Zinacausto)|Pueblo|Amatepec|México|null|51501|15|51501|28|008|1261|Rural|null
51514|Coahuilotes (Los Coahuilotes)|Pueblo|Amatepec|México|null|51501|15|51501|28|008|1265|Rural|null
51514|El Malpaso|Pueblo|Amatepec|México|null|51501|15|51501|28|008|1266|Rural|null
51514|Cerro de Santiago|Ranchería|Amatepec|México|null|51501|15|51501|29|008|7640|Rural|null
51514|Güijas Blancas|Ranchería|Amatepec|México|null|51501|15|51501|29|008|7656|Rural|null
51514|El Mango Piedras Anchas|Ranchería|Amatepec|México|null|51501|15|51501|29|008|7658|Rural|null
51515|El Veladero|Pueblo|Amatepec|México|null|51501|15|51501|28|008|1248|Rural|null
51515|La Mora|Ranchería|Amatepec|México|null|51501|15|51501|29|008|7641|Rural|null
51515|El Puerto|Ranchería|Amatepec|México|null|51501|15|51501|29|008|7655|Rural|null
51515|Joya de la Venta|Ranchería|Amatepec|México|null|51501|15|51501|29|008|7657|Rural|null
51516|El Panteón de San Felipe de Jesús|Ranchería|Amatepec|México|null|51501|15|51501|29|008|0008|Rural|null
51516|La Carrera|Ranchería|Amatepec|México|null|51501|15|51501|29|008|0010|Rural|null
51516|Los Encinos|Ranchería|Amatepec|México|null|51501|15|51501|29|008|0011|Rural|null
51516|Los Timbres|Ranchería|Amatepec|México|null|51501|15|51501|29|008|0012|Rural|null
51516|El Monteal (Barranca Papaloapan)|Pueblo|Amatepec|México|null|51501|15|51501|28|008|1252|Rural|null
51516|Las Joyas|Ranchería|Amatepec|México|null|51501|15|51501|29|008|1253|Rural|null
51516|San Felipe de Jesús|Pueblo|Amatepec|México|null|51501|15|51501|28|008|1255|Rural|null
51516|Puente Viejo|Ranchería|Amatepec|México|null|51501|15|51501|29|008|6635|Rural|null
51517|San Simón (San Simón Zozocoltepec)|Pueblo|Amatepec|México|null|51501|15|51501|28|008|1245|Rural|null
51517|Tepehuajes Uno (Tepehuajes de Arriba)|Pueblo|Amatepec|México|null|51501|15|51501|28|008|1257|Rural|null
51517|Tepehuajes (Tepehuajes de Abajo)|Ranchería|Amatepec|México|null|51501|15|51501|29|008|7653|Rural|null
51517|La Parota (La Parota Tepehuajes)|Ranchería|Amatepec|México|null|51501|15|51501|29|008|7654|Rural|null
51518|El Llano|Ranchería|Amatepec|México|null|51501|15|51501|29|008|7652|Rural|null
51523|Cerro de las Ánimas (El Cerro de las Ánimas)|Pueblo|Amatepec|México|null|51501|15|51501|28|008|1283|Rural|null
51523|El Sitio|Pueblo|Amatepec|México|null|51501|15|51501|28|008|1284|Rural|null
51523|Pueblo Nuevo (San Lucas Pueblo Nuevo)|Pueblo|Amatepec|México|null|51501|15|51501|28|008|1285|Rural|null
51523|Cerro de las Ánimas-El Manguito|Ranchería|Amatepec|México|null|51501|15|51501|29|008|7611|Rural|null
51523|San Marcos|Ranchería|Amatepec|México|null|51501|15|51501|29|008|7631|Rural|null
51524|Tepehuastitlán|Ranchería|Amatepec|México|null|51501|15|51501|29|008|7632|Rural|null
51524|Salitre de López|Ranchería|Amatepec|México|null|51501|15|51501|29|008|7636|Rural|null
51525|Palmarillos|Ranchería|Amatepec|México|null|51501|15|51501|29|008|0013|Rural|null
51525|Aguacatitlán (La Carreta)|Pueblo|Amatepec|México|null|51501|15|51501|28|008|1258|Rural|null
51525|Dolores (Hacienda Dolores)|Pueblo|Amatepec|México|null|51501|15|51501|28|008|1259|Rural|null
51525|El Rancho|Pueblo|Amatepec|México|null|51501|15|51501|28|008|1262|Rural|null
51525|El Fresno|Ranchería|Amatepec|México|null|51501|15|51501|29|008|1263|Rural|null
51525|Salitre Palmarillos|Pueblo|Amatepec|México|null|51501|15|51501|28|008|1275|Rural|null
51525|Los Sabinos|Ranchería|Amatepec|México|null|51501|15|51501|29|008|7626|Rural|null
51525|Charco Hondo (El Tlacuache)|Ranchería|Amatepec|México|null|51501|15|51501|29|008|7634|Rural|null
51526|Rincón de Esmeraldas|Pueblo|Amatepec|México|null|51501|15|51501|28|008|1271|Rural|null
51526|Ayuquila|Pueblo|Amatepec|México|null|51501|15|51501|28|008|1274|Rural|null
51526|Las Latas (Ayuquila)|Pueblo|Amatepec|México|null|51501|15|51501|28|008|1276|Rural|null
51526|San Francisco de los Pinzanes|Pueblo|Amatepec|México|null|51501|15|51501|28|008|1277|Rural|null
51526|La Chupa Rosa|Ranchería|Amatepec|México|null|51501|15|51501|29|008|7624|Rural|null
51526|Los Órganos|Ranchería|Amatepec|México|null|51501|15|51501|29|008|7627|Rural|null
51526|Las Pailas|Ranchería|Amatepec|México|null|51501|15|51501|29|008|7628|Rural|null
51526|La Rayuela|Ranchería|Amatepec|México|null|51501|15|51501|29|008|7629|Rural|null
51526|Barranca de Esmeraldas (La Güila)|Ranchería|Amatepec|México|null|51501|15|51501|29|008|9550|Rural|null
51527|Barranca del Mamey|Ranchería|Amatepec|México|null|51501|15|51501|29|008|0003|Rural|null
51527|Crucero Cerro del Campo|Ranchería|Amatepec|México|null|51501|15|51501|29|008|0005|Rural|null
51527|Cuadrilla del Naranjo (Rincón del Naranjo)|Ranchería|Amatepec|México|null|51501|15|51501|29|008|0006|Rural|null
51527|Cuadrilla Nueva (La Presa)|Ranchería|Amatepec|México|null|51501|15|51501|29|008|0007|Rural|null
51527|El Zapote|Ranchería|Amatepec|México|null|51501|15|51501|29|008|0009|Rural|null
51527|Puente del Rodeo|Ranchería|Amatepec|México|null|51501|15|51501|29|008|0014|Rural|null
51527|Los Timbres|Pueblo|Amatepec|México|null|51501|15|51501|28|008|1244|Rural|null
51527|La Cofradía|Pueblo|Amatepec|México|null|51501|15|51501|28|008|1247|Rural|null
51527|Cerro del Campo|Pueblo|Amatepec|México|null|51501|15|51501|28|008|1260|Rural|null
51527|Santiago|Pueblo|Amatepec|México|null|51501|15|51501|28|008|1264|Rural|null
51527|El Ortigo|Ranchería|Amatepec|México|null|51501|15|51501|29|008|7635|Rural|null
51527|Peña del Cuervo|Ranchería|Amatepec|México|null|51501|15|51501|29|008|7638|Rural|null
51527|Escuela Vieja|Ranchería|Amatepec|México|null|51501|15|51501|29|008|7639|Rural|null
51527|Acatempan|Ranchería|Amatepec|México|null|51501|15|51501|29|008|7642|Rural|null
51527|Cuadrilla Nueva|Ranchería|Amatepec|México|null|51501|15|51501|29|008|7643|Rural|null
51527|Barrio de la Uva|Ranchería|Amatepec|México|null|51501|15|51501|29|008|7644|Rural|null
51530|Palmar Chico|Pueblo|Amatepec|México|null|51501|15|51501|28|008|1267|Urbano|null
51530|Salitre Santa Bárbara (Santa Bárbara)|Pueblo|Amatepec|México|null|51501|15|51501|28|008|1268|Rural|null
51530|El Conejo (Conejo Viejo)|Colonia|Amatepec|México|null|51501|15|51501|09|008|5215|Rural|null
51530|Aviación (Campo de Aviación)|Colonia|Amatepec|México|null|51501|15|51501|09|008|5216|Rural|null
51530|La Chaqueta|Ranchería|Amatepec|México|null|51501|15|51501|29|008|7616|Rural|null
51530|El Pantalón|Ranchería|Amatepec|México|null|51501|15|51501|29|008|7617|Rural|null
51530|El Convento|Ranchería|Amatepec|México|null|51501|15|51501|29|008|7625|Rural|null
51533|Los Ajoques|Ranchería|Amatepec|México|null|51501|15|51501|29|008|0002|Rural|null
51533|El Tlapanco|Pueblo|Amatepec|México|null|51501|15|51501|28|008|1286|Rural|null
51533|Meyuca|Ranchería|Amatepec|México|null|51501|15|51501|29|008|7619|Rural|null
51533|Cerro del Coyol|Ranchería|Amatepec|México|null|51501|15|51501|29|008|7620|Rural|null
51533|Barranca del Coyol|Ranchería|Amatepec|México|null|51501|15|51501|29|008|7621|Rural|null
51533|San Juan Tizapán (La Haciendita)|Ranchería|Amatepec|México|null|51501|15|51501|29|008|7622|Rural|null
51533|Cristo Rey (Guacamayas)|Ranchería|Amatepec|México|null|51501|15|51501|29|008|7623|Rural|null
51534|Matuz Puerto del Rodeo|Pueblo|Amatepec|México|null|51501|15|51501|28|008|1273|Rural|null
51534|San Antonio Matuz|Ranchería|Amatepec|México|null|51501|15|51501|29|008|1278|Rural|null
51534|La Palma|Colonia|Amatepec|México|null|51501|15|51501|09|008|5214|Rural|null
51534|Las Ceibas|Ranchería|Amatepec|México|null|51501|15|51501|29|008|7606|Rural|null
51534|Potrerillos (Potrerillos Matuz)|Ranchería|Amatepec|México|null|51501|15|51501|29|008|7607|Rural|null
51534|Pinzanes Matuz|Ranchería|Amatepec|México|null|51501|15|51501|29|008|7608|Rural|null
51534|El Arrayán|Ranchería|Amatepec|México|null|51501|15|51501|29|008|7612|Rural|null
51535|Cuadrilla de López|Pueblo|Amatepec|México|null|51501|15|51501|28|008|1272|Rural|null
51535|El Tamarindo|Colonia|Amatepec|México|null|51501|15|51501|09|008|5210|Rural|null
51535|Guayabillos|Ranchería|Amatepec|México|null|51501|15|51501|29|008|9002|Rural|null
51536|Corral Viejo|Ranchería|Amatepec|México|null|51501|15|51501|29|008|7603|Rural|null
51536|Santa Bárbara|Ranchería|Amatepec|México|null|51501|15|51501|29|008|7604|Rural|null
51536|Mango Matuz|Ranchería|Amatepec|México|null|51501|15|51501|29|008|7605|Rural|null
51536|Buenavista|Ranchería|Amatepec|México|null|51501|15|51501|29|008|7618|Rural|null
51537|El Mamey|Ranchería|Amatepec|México|null|51501|15|51501|29|008|1242|Rural|null
51537|Huixtitla|Pueblo|Amatepec|México|null|51501|15|51501|28|008|1270|Rural|null
51537|Amadores (Los Amador)|Pueblo|Amatepec|México|null|51501|15|51501|28|008|1279|Rural|null
51537|Cincuenta Arrobas|Pueblo|Amatepec|México|null|51501|15|51501|28|008|1280|Rural|null
51537|Quimichatenco (Barranca de Quimichatenco)|Pueblo|Amatepec|México|null|51501|15|51501|28|008|1282|Rural|null
51537|El Zapote (El Zapote López)|Ranchería|Amatepec|México|null|51501|15|51501|29|008|7613|Rural|null
51537|El Zapote Cincuenta Arrobas (El Zapote)|Ranchería|Amatepec|México|null|51501|15|51501|29|008|7614|Rural|null
51537|San José (San José del Palmar)|Ranchería|Amatepec|México|null|51501|15|51501|29|008|7615|Rural|null
51537|Barranca de Gallegos|Ranchería|Amatepec|México|null|51501|15|51501|29|008|9549|Rural|null
51540|El Pino|Ranchería|Amatepec|México|null|51501|15|51501|29|008|0001|Rural|null
51540|Tierra Azul|Ranchería|Amatepec|México|null|51501|15|51501|29|008|0016|Rural|null
51540|Platanal|Ranchería|Amatepec|México|null|51501|15|51501|29|008|7645|Rural|null
51540|Los Colorines|Ranchería|Amatepec|México|null|51501|15|51501|29|008|7646|Rural|null
51540|Los Espinos|Ranchería|Amatepec|México|null|51501|15|51501|29|008|7647|Rural|null
51540|El Consuelo|Ranchería|Amatepec|México|null|51501|15|51501|29|008|7648|Rural|null
51540|Puerto de la Uva|Ranchería|Amatepec|México|null|51501|15|51501|29|008|8188|Rural|null
51540|El Paraje|Ranchería|Amatepec|México|null|51501|15|51501|29|008|8264|Rural|null
51543|Tlalchichilpan|Ranchería|Amatepec|México|null|51501|15|51501|29|008|7649|Rural|null
51543|El Rodeo|Ranchería|Amatepec|México|null|51501|15|51501|29|008|7650|Rural|null
51544|Sumpancle|Ranchería|Amatepec|México|null|51501|15|51501|29|008|0017|Rural|null
51544|La Goleta|Pueblo|Amatepec|México|null|51501|15|51501|28|008|1243|Rural|null
51544|Zacatones|Ranchería|Amatepec|México|null|51501|15|51501|29|008|7651|Rural|null
51550|Tlatlaya|Pueblo|Tlatlaya|México|null|51571|15|51571|28|105|1293|Urbano|null
51553|La Cueva|Ranchería|Tlatlaya|México|null|51571|15|51571|29|105|0040|Rural|null
51553|Loma Larga|Pueblo|Tlatlaya|México|null|51571|15|51571|28|105|0048|Rural|null
51553|Peña del Agua|Ranchería|Tlatlaya|México|null|51571|15|51571|29|105|0057|Rural|null
51553|Piedra Ancha|Ranchería|Tlatlaya|México|null|51571|15|51571|29|105|0059|Rural|null
51553|Puerto Frío|Ranchería|Tlatlaya|México|null|51571|15|51571|29|105|0065|Rural|null
51553|Teopazul (Teopazul el Encinal)|Ranchería|Tlatlaya|México|null|51571|15|51571|29|105|0071|Rural|null
51553|Piedra Ancha II|Ranchería|Tlatlaya|México|null|51571|15|51571|29|105|0074|Rural|null
51553|La Unión|Ranchería|Tlatlaya|México|null|51571|15|51571|29|105|0075|Rural|null
51553|Coatepec (Coatepequito)|Pueblo|Tlatlaya|México|null|51571|15|51571|28|105|1287|Rural|null
51553|Miraveles|Ranchería|Tlatlaya|México|null|51571|15|51571|29|105|8514|Rural|null
51553|Dieciocho de Marzo|Ranchería|Tlatlaya|México|null|51571|15|51571|29|105|8522|Rural|null
51553|El Terroncillo|Ranchería|Tlatlaya|México|null|51571|15|51571|29|105|9574|Rural|null
51553|San Lucas|Ranchería|Tlatlaya|México|null|51571|15|51571|29|105|9677|Rural|null
51554|Corral de Piedra Dos (Corral de Piedra)|Ranchería|Tlatlaya|México|null|51571|15|51571|29|105|0011|Rural|null
51554|Juntas del Paso Topilar|Ranchería|Tlatlaya|México|null|51571|15|51571|29|105|0036|Rural|null
51554|Arenal|Ranchería|Tlatlaya|México|null|51571|15|51571|29|105|9071|Rural|null
51554|Tecomatlán|Ranchería|Tlatlaya|México|null|51571|15|51571|29|105|9085|Rural|null
51554|Cerro del Morado|Ranchería|Tlatlaya|México|null|51571|15|51571|29|105|9086|Rural|null
51554|El Revelado|Ranchería|Tlatlaya|México|null|51571|15|51571|29|105|9622|Rural|null
51555|El Potrero|Ranchería|Tlatlaya|México|null|51571|15|51571|29|105|0027|Rural|null
51555|La Laguna Puerto de la Arena|Ranchería|Tlatlaya|México|null|51571|15|51571|29|105|0042|Rural|null
51555|Puerto de la Arena|Pueblo|Tlatlaya|México|null|51571|15|51571|28|105|1296|Rural|null
51555|Plan de la Cuadrilla|Ranchería|Tlatlaya|México|null|51571|15|51571|29|105|9528|Rural|null
51556|Juntas del Río Limón|Ranchería|Tlatlaya|México|null|51571|15|51571|29|105|0037|Rural|null
51556|San Mateo (San Mateo Guayatenco)|Pueblo|Tlatlaya|México|null|51571|15|51571|28|105|1290|Rural|null
51556|El Limón|Ranchería|Tlatlaya|México|null|51571|15|51571|29|105|1297|Rural|null
51556|El Mango|Ranchería|Tlatlaya|México|null|51571|15|51571|29|105|9083|Rural|null
51556|Cuadrilla de Gutiérrez|Ranchería|Tlatlaya|México|null|51571|15|51571|29|105|9578|Rural|null
51557|Los Ocotes|Pueblo|Tlatlaya|México|null|51571|15|51571|28|105|0051|Rural|null
51557|San Juan Tetitlán|Pueblo|Tlatlaya|México|null|51571|15|51571|28|105|1288|Rural|null
51557|Benito Juárez|Colonia|Tlatlaya|México|null|51571|15|51571|09|105|9277|Rural|null
51558|Barriales|Ranchería|Tlatlaya|México|null|51571|15|51571|29|105|0004|Rural|null
51558|Cuadrilla de los Sotero|Ranchería|Tlatlaya|México|null|51571|15|51571|29|105|0013|Rural|null
51558|La Cofradía|Ranchería|Tlatlaya|México|null|51571|15|51571|29|105|0038|Rural|null
51558|Pueblo Nuevo|Colonia|Tlatlaya|México|null|51571|15|51571|09|105|9678|Rural|null
51559|Corral Parota (Tepehuastitlán)|Ranchería|Tlatlaya|México|null|51571|15|51571|29|105|0012|Rural|null
51559|La Guacamaya|Ranchería|Tlatlaya|México|null|51571|15|51571|29|105|0041|Rural|null
51559|Mazatitla|Ranchería|Tlatlaya|México|null|51571|15|51571|29|105|0053|Rural|null
51559|Cuadrilla de Flores|Ranchería|Tlatlaya|México|null|51571|15|51571|29|105|0073|Rural|null
51559|Santa Cruz|Pueblo|Tlatlaya|México|null|51571|15|51571|28|105|1291|Rural|null
51559|Santa María|Pueblo|Tlatlaya|México|null|51571|15|51571|28|105|1292|Rural|null
51560|Limón Terrero|Ranchería|Tlatlaya|México|null|51571|15|51571|29|105|0047|Rural|null
51560|Azúchil|Ranchería|Tlatlaya|México|null|51571|15|51571|29|105|9625|Rural|null
51564|El Poroche|Ranchería|Tlatlaya|México|null|51571|15|51571|29|105|0026|Rural|null
51564|El Tiquimil|Ranchería|Tlatlaya|México|null|51571|15|51571|29|105|0032|Rural|null
51564|Los Bautistas (Cerro de los Bautistas)|Ranchería|Tlatlaya|México|null|51571|15|51571|29|105|0049|Rural|null
51564|Las Juntas de Azúchil|Ranchería|Tlatlaya|México|null|51571|15|51571|29|105|9679|Rural|null
51565|El Devanador|Ranchería|Tlatlaya|México|null|51571|15|51571|29|105|0016|Rural|null
51565|La Cubata|Ranchería|Tlatlaya|México|null|51571|15|51571|29|105|0039|Rural|null
51565|Vuelta del Río|Pueblo|Tlatlaya|México|null|51571|15|51571|28|105|1299|Rural|null
51566|Coahuilotes (Pueblo Nuevo)|Ranchería|Tlatlaya|México|null|51571|15|51571|29|105|0010|Rural|null
51566|El Naranjito (Naranjito del Paso)|Ranchería|Tlatlaya|México|null|51571|15|51571|29|105|0024|Rural|null
51566|Ranchos Nuevos|Ranchería|Tlatlaya|México|null|51571|15|51571|29|105|0068|Rural|null
51566|El Zapote (El Zapote San Antonio del Rosario)|Pueblo|Tlatlaya|México|null|51571|15|51571|28|105|1300|Rural|null
51566|Cacahuananche|Ranchería|Tlatlaya|México|null|51571|15|51571|29|105|8241|Rural|null
51568|La Lagunilla|Pueblo|Tlatlaya|México|null|51571|15|51571|28|105|1301|Rural|null
51569|Agua Fría|Ranchería|Tlatlaya|México|null|51571|15|51571|29|105|0001|Rural|null
51569|La Víbora|Ranchería|Tlatlaya|México|null|51571|15|51571|29|105|0044|Rural|null
51569|Las Juntas (Las Juntas del Paso)|Ranchería|Tlatlaya|México|null|51571|15|51571|29|105|0046|Rural|null
51569|Paso de Jaquinicuil|Pueblo|Tlatlaya|México|null|51571|15|51571|28|105|1298|Rural|null
51569|El Naranjito|Barrio|Tlatlaya|México|null|51571|15|51571|02|105|1302|Rural|null
51569|El Reparo|Ranchería|Tlatlaya|México|null|51571|15|51571|29|105|9519|Rural|null
51569|El Ciruelo|Ranchería|Tlatlaya|México|null|51571|15|51571|29|105|9527|Rural|null
51569|Los Limones|Ranchería|Tlatlaya|México|null|51571|15|51571|29|105|9626|Rural|null
51570|Santa Ana Zicatecoyan|Pueblo|Tlatlaya|México|null|51571|15|51571|28|105|1303|Rural|null
51570|Tierra Blanca|Colonia|Tlatlaya|México|null|51571|15|51571|09|105|5218|Rural|null
51572|Barranca de las Flores|Ranchería|Tlatlaya|México|null|51571|15|51571|29|105|0003|Rural|null
51572|Chachalacatenco|Ranchería|Tlatlaya|México|null|51571|15|51571|29|105|0007|Rural|null
51572|El Alambique|Ranchería|Tlatlaya|México|null|51571|15|51571|29|105|0015|Rural|null
51572|Peña Colorada|Ranchería|Tlatlaya|México|null|51571|15|51571|29|105|0056|Rural|null
51572|Pinzán Morado|Ranchería|Tlatlaya|México|null|51571|15|51571|29|105|0060|Rural|null
51572|Plan del Alambique|Ranchería|Tlatlaya|México|null|51571|15|51571|29|105|0062|Rural|null
51573|El Montón|Ranchería|Tlatlaya|México|null|51571|15|51571|29|105|0023|Rural|null
51573|El Tamarindo|Ranchería|Tlatlaya|México|null|51571|15|51571|29|105|0031|Rural|null
51573|El Toroal|Ranchería|Tlatlaya|México|null|51571|15|51571|29|105|0033|Rural|null
51573|San Juan Corral|Pueblo|Tlatlaya|México|null|51571|15|51571|28|105|1295|Rural|null
51573|La Parota|Ranchería|Tlatlaya|México|null|51571|15|51571|29|105|1333|Rural|null
51574|Los Hornos|Ranchería|Tlatlaya|México|null|51571|15|51571|29|105|0050|Rural|null
51574|Pinzán Morado (Cerro Blanco)|Ranchería|Tlatlaya|México|null|51571|15|51571|29|105|0061|Rural|null
51574|Río Topilar (Topilar)|Ranchería|Tlatlaya|México|null|51571|15|51571|29|105|0069|Rural|null
51575|Charco del Lagarto|Ranchería|Tlatlaya|México|null|51571|15|51571|29|105|0008|Rural|null
51575|El Manguito|Ranchería|Tlatlaya|México|null|51571|15|51571|29|105|0022|Rural|null
51575|Peña del Órgano|Pueblo|Tlatlaya|México|null|51571|15|51571|28|105|1305|Rural|null
51576|Cuadrilla Nueva|Ranchería|Tlatlaya|México|null|51571|15|51571|29|105|0014|Rural|null
51576|Juntas de Santa Ana Zicatecoyan|Ranchería|Tlatlaya|México|null|51571|15|51571|29|105|0035|Rural|null
51576|El Zopilote|Pueblo|Tlatlaya|México|null|51571|15|51571|28|105|1306|Rural|null
51576|Moctezuma|Colonia|Tlatlaya|México|null|51571|15|51571|09|105|1307|Rural|null
51576|Rancho Cuá|Ranchería|Tlatlaya|México|null|51571|15|51571|29|105|1308|Rural|null
51577|Amacuatitla|Ranchería|Tlatlaya|México|null|51571|15|51571|29|105|0002|Rural|null
51577|Puerto Minatitlán|Ranchería|Tlatlaya|México|null|51571|15|51571|29|105|0066|Rural|null
51577|Cruz del Norte|Ranchería|Tlatlaya|México|null|51571|15|51571|29|105|1309|Rural|null
51577|El Gavilán|Ranchería|Tlatlaya|México|null|51571|15|51571|29|105|1310|Rural|null
51577|Puerto Seco|Pueblo|Tlatlaya|México|null|51571|15|51571|28|105|1311|Rural|null
51578|Cerro de Aguacatepec|Ranchería|Tlatlaya|México|null|51571|15|51571|29|105|0006|Rural|null
51578|El Mango|Ranchería|Tlatlaya|México|null|51571|15|51571|29|105|0021|Rural|null
51578|Corral de Piedra|Ranchería|Tlatlaya|México|null|51571|15|51571|29|105|1312|Rural|null
51578|Salitrillo|Ranchería|Tlatlaya|México|null|51571|15|51571|29|105|1313|Rural|null
51578|Rincón del Aguacate|Pueblo|Tlatlaya|México|null|51571|15|51571|28|105|1314|Rural|null
51578|Salitre Grande|Ranchería|Tlatlaya|México|null|51571|15|51571|29|105|8229|Rural|null
51578|La Alcantarilla|Ranchería|Tlatlaya|México|null|51571|15|51571|29|105|8265|Rural|null
51579|El Suchual de Santa Ana (El Suchual)|Ranchería|Tlatlaya|México|null|51571|15|51571|29|105|0030|Rural|null
51579|San Felipe Tepehuastitlán|Ranchería|Tlatlaya|México|null|51571|15|51571|29|105|0070|Rural|null
51579|Pie del Cerro|Pueblo|Tlatlaya|México|null|51571|15|51571|28|105|1315|Rural|null
51579|Tejupilquito|Pueblo|Tlatlaya|México|null|51571|15|51571|28|105|1316|Rural|null
51579|La Cofradía|Rancho|Tlatlaya|México|null|51571|15|51571|48|105|9070|Rural|null
51579|Cuadrilla del Cirián (Cirián Grande)|Ranchería|Tlatlaya|México|null|51571|15|51571|29|105|9274|Rural|null
51580|El Limo|Ranchería|Tlatlaya|México|null|51571|15|51571|29|105|0019|Rural|null
51580|San Francisco de Asís (San Francisco)|Pueblo|Tlatlaya|México|null|51571|15|51571|28|105|1318|Rural|null
51580|Tlacocuspan (Tlacocuspan Santa Cruz)|Pueblo|Tlatlaya|México|null|51571|15|51571|28|105|1323|Rural|null
51582|El Naranjo Palmar Grande|Ranchería|Tlatlaya|México|null|51571|15|51571|29|105|0025|Rural|null
51582|Palmar Grande|Pueblo|Tlatlaya|México|null|51571|15|51571|28|105|1327|Rural|null
51583|Macuatitla|Ranchería|Tlatlaya|México|null|51571|15|51571|29|105|0052|Rural|null
51583|Pie del Cerro San Vicente|Ranchería|Tlatlaya|México|null|51571|15|51571|29|105|0058|Rural|null
51583|Palma Torcida|Pueblo|Tlatlaya|México|null|51571|15|51571|28|105|1320|Rural|null
51584|El Salitre Ojo de Agua|Ranchería|Tlatlaya|México|null|51571|15|51571|29|105|0028|Rural|null
51584|Cuadrilla Nueva|Ranchería|Tlatlaya|México|null|51571|15|51571|29|105|0072|Rural|null
51584|Ancón de los Curieles|Barrio|Tlatlaya|México|null|51571|15|51571|02|105|1321|Rural|null
51584|El Higo Prieto|Ranchería|Tlatlaya|México|null|51571|15|51571|29|105|1322|Rural|null
51585|San Pedro Limón|Pueblo|Tlatlaya|México|null|51581|15|51581|28|105|1324|Urbano|null
51586|Palos Verdes|Pueblo|Tlatlaya|México|null|51571|15|51571|28|105|1325|Rural|null
51587|El Cascalote|Ranchería|Tlatlaya|México|null|51571|15|51571|29|105|0005|Rural|null
51587|Cirián Grande|Ranchería|Tlatlaya|México|null|51571|15|51571|29|105|0009|Rural|null
51587|El Guayabo|Ranchería|Tlatlaya|México|null|51571|15|51571|29|105|0017|Rural|null
51587|El Llano|Ranchería|Tlatlaya|México|null|51571|15|51571|29|105|0020|Rural|null
51587|Huixtitla|Ranchería|Tlatlaya|México|null|51571|15|51571|29|105|0034|Rural|null
51587|Peña Blanca|Ranchería|Tlatlaya|México|null|51571|15|51571|29|105|0055|Rural|null
51587|Rancho Viejo|Ranchería|Tlatlaya|México|null|51571|15|51571|29|105|0067|Rural|null
51587|Mayaltepec|Pueblo|Tlatlaya|México|null|51571|15|51571|28|105|1326|Rural|null
51588|El Guitarratel|Ranchería|Tlatlaya|México|null|51571|15|51571|29|105|0018|Rural|null
51588|El Sauz|Ranchería|Tlatlaya|México|null|51571|15|51571|29|105|0029|Rural|null
51588|Puerto de los Martínez|Ranchería|Tlatlaya|México|null|51571|15|51571|29|105|0063|Rural|null
51588|Las Esmeraldas (Puerto del Órgano)|Ranchería|Tlatlaya|México|null|51571|15|51571|29|105|0064|Rural|null
51588|Las Esmeraldas|Ranchería|Tlatlaya|México|null|51571|15|51571|29|105|1328|Rural|null
51590|Rincón Grande|Pueblo|Tlatlaya|México|null|51571|15|51571|28|105|1331|Rural|null
51598|Las Juntas|Ranchería|Tlatlaya|México|null|51571|15|51571|29|105|0045|Rural|null
51598|Palos Altos|Ranchería|Tlatlaya|México|null|51571|15|51571|29|105|0054|Rural|null
51598|San Antonio del Rosario|Pueblo|Tlatlaya|México|null|51571|15|51571|28|105|1317|Rural|null
51598|El Naranjo|Pueblo|Tlatlaya|México|null|51571|15|51571|28|105|1329|Rural|null
51598|Nuevo Copaltepec|Pueblo|Tlatlaya|México|null|51571|15|51571|28|105|1330|Rural|null
51598|El Temblor|Pueblo|Tlatlaya|México|null|51571|15|51571|28|105|1332|Rural|null
51599|La Parota|Ranchería|Tlatlaya|México|null|51571|15|51571|29|105|0043|Rural|null
51599|Ancón de la Presa|Ranchería|Tlatlaya|México|null|51571|15|51571|29|105|9084|Rural|null
51600|Sultepec de Pedro Ascencio de Alquisiras|Pueblo|Sultepec|México|null|51601|15|51601|28|080|1340|Urbano|null
51603|Capula|Pueblo|Sultepec|México|null|51601|15|51601|28|080|1347|Rural|null
51604|Hacienda de Real de Abajo (Santa Lucía)|Ranchería|Sultepec|México|null|51601|15|51601|29|080|1348|Rural|null
51605|Diego Sánchez|Pueblo|Sultepec|México|null|51601|15|51601|28|080|1342|Rural|null
51605|La Ciénega|Pueblo|Sultepec|México|null|51601|15|51601|28|080|1343|Rural|null
51606|Santa Cruz (Santa Cruz Texcalapa)|Pueblo|Sultepec|México|null|51601|15|51601|28|080|1338|Rural|null
51606|Santo Tomás de las Flores (Santo Tomás)|Pueblo|Sultepec|México|null|51601|15|51601|28|080|1339|Rural|null
51607|La Albarrada|Pueblo|Sultepec|México|null|51601|15|51601|28|080|1344|Rural|null
51607|La Unión|Pueblo|Sultepec|México|null|51601|15|51601|28|080|1345|Rural|null
51610|Sultepequito|Pueblo|Sultepec|México|null|51601|15|51601|28|080|1346|Rural|null
51610|San Isidro Xochitla|Pueblo|Sultepec|México|null|51601|15|51601|28|080|1361|Rural|null
51610|La Laguna|Barrio|Sultepec|México|null|51601|15|51601|02|080|6642|Rural|null
51610|San Miguel Terrero|Pueblo|Sultepec|México|null|51601|15|51601|28|080|7464|Rural|null
51613|Santa Anita|Pueblo|Sultepec|México|null|51601|15|51601|28|080|1353|Rural|null
51613|Pepechuca|Pueblo|Sultepec|México|null|51601|15|51601|28|080|1354|Rural|null
51613|San Hipólito Zacatales|Pueblo|Sultepec|México|null|51601|15|51601|28|080|1356|Rural|null
51613|Sultepequito|Ejido|Sultepec|México|null|51601|15|51601|15|080|7466|Rural|null
51614|Las Peñas|Pueblo|Sultepec|México|null|51601|15|51601|28|080|1350|Rural|null
51614|El Rincón del Cristo (Rinconada del Cristo)|Pueblo|Sultepec|México|null|51601|15|51601|28|080|1351|Rural|null
51614|El Cristo|Pueblo|Sultepec|México|null|51601|15|51601|28|080|1352|Rural|null
51614|El Momoxtle|Ranchería|Sultepec|México|null|51601|15|51601|29|080|1355|Rural|null
51620|Aserradero Viejo|Pueblo|Sultepec|México|null|51601|15|51601|28|080|1360|Rural|null
51620|Puerto Frío|Pueblo|Sultepec|México|null|51601|15|51601|28|080|7467|Rural|null
51620|La Troja Vieja|Pueblo|Sultepec|México|null|51601|15|51601|28|080|7468|Rural|null
51620|Los Epazotes|Pueblo|Sultepec|México|null|51601|15|51601|28|080|7474|Rural|null
51623|Puentecillas|Pueblo|Sultepec|México|null|51601|15|51601|28|080|1349|Rural|null
51623|Las Mesas|Pueblo|Sultepec|México|null|51601|15|51601|28|080|1357|Rural|null
51623|Cuatro Cruces|Ranchería|Sultepec|México|null|51601|15|51601|29|080|1375|Rural|null
51624|La Virgen|Ejido|Sultepec|México|null|51601|15|51601|15|080|1372|Rural|null
51624|San José el Potrero|Pueblo|Sultepec|México|null|51601|15|51601|28|080|1373|Rural|null
51624|Trojes|Pueblo|Sultepec|México|null|51601|15|51601|28|080|1374|Rural|null
51624|Segunda Manzana de Cuatro Cruces|Rancho|Sultepec|México|null|51601|15|51601|48|080|7469|Rural|null
51633|Manial de Guadalupe de Abajo|Ranchería|Sultepec|México|null|51601|15|51601|29|080|1367|Rural|null
51633|Manial de Guadalupe de Arriba|Pueblo|Sultepec|México|null|51601|15|51601|28|080|1368|Rural|null
51633|Cruz de Cedro|Pueblo|Sultepec|México|null|51601|15|51601|28|080|7470|Rural|null
51634|Mextepec|Pueblo|Sultepec|México|null|51601|15|51601|28|080|1336|Rural|null
51634|San Miguelito|Pueblo|Sultepec|México|null|51601|15|51601|28|080|1362|Rural|null
51634|El Ranchito|Ranchería|Sultepec|México|null|51601|15|51601|29|080|1364|Rural|null
51634|San Francisco de Asís|Pueblo|Sultepec|México|null|51601|15|51601|28|080|1365|Rural|null
51635|El Potrero (Potrero de Guadalupe)|Pueblo|Sultepec|México|null|51601|15|51601|28|080|1369|Rural|null
51636|Potzontepec|Pueblo|Sultepec|México|null|51601|15|51601|28|080|1337|Rural|null
51636|El Calvarito|Pueblo|Sultepec|México|null|51601|15|51601|28|080|1363|Rural|null
51637|El Teamate|Pueblo|Sultepec|México|null|51601|15|51601|28|080|1334|Rural|null
51637|Salayatla|Pueblo|Sultepec|México|null|51601|15|51601|28|080|1358|Rural|null
51637|Salinas|Ranchería|Sultepec|México|null|51601|15|51601|29|080|1359|Rural|null
51637|Atzumpa|Pueblo|Sultepec|México|null|51601|15|51601|28|080|1366|Rural|null
51637|Rincón de los Aguilares|Pueblo|Sultepec|México|null|51601|15|51601|28|080|1370|Rural|null
51640|San Pedro Hueyahualco|Pueblo|Sultepec|México|null|51601|15|51601|28|080|1371|Rural|null
51644|Jalpan (Jalpa)|Pueblo|Sultepec|México|null|51601|15|51601|28|080|1335|Rural|null
51644|El Huizache|Pueblo|Sultepec|México|null|51601|15|51601|28|080|1380|Rural|null
51645|San Miguel Totolmaloya|Pueblo|Sultepec|México|null|51601|15|51601|28|080|1383|Rural|null
51645|Cojaltitla|Pueblo|Sultepec|México|null|51601|15|51601|28|080|1384|Rural|null
51645|Tenanguillo de las Peñas|Pueblo|Sultepec|México|null|51601|15|51601|28|080|1387|Rural|null
51645|Laguna Verde|Pueblo|Sultepec|México|null|51601|15|51601|28|080|1389|Rural|null
51646|El Naranjo|Pueblo|Sultepec|México|null|51601|15|51601|28|080|1385|Rural|null
51647|Puente Mocho|Ranchería|Sultepec|México|null|51601|15|51601|29|080|0001|Rural|null
51647|San José Xochitla|Ranchería|Sultepec|México|null|51601|15|51601|29|080|1386|Rural|null
51650|Coquillo|Pueblo|Sultepec|México|null|51601|15|51601|28|080|1376|Rural|null
51650|Metlaltepec|Pueblo|Sultepec|México|null|51601|15|51601|28|080|1377|Rural|null
51650|Filo de los Amates|Ranchería|Sultepec|México|null|51601|15|51601|29|080|1382|Rural|null
51650|Las Joyas|Pueblo|Sultepec|México|null|51601|15|51601|28|080|7472|Rural|null
51653|Laguna Seca|Pueblo|Sultepec|México|null|51601|15|51601|28|080|1378|Rural|null
51653|Capulatengo|Pueblo|Sultepec|México|null|51601|15|51601|28|080|1381|Rural|null
51654|San Nicolás del Cobre (San Nicolás)|Pueblo|Sultepec|México|null|51601|15|51601|28|080|1379|Rural|null
51654|Tehuilotepec|Pueblo|Sultepec|México|null|51601|15|51601|28|080|1388|Rural|null
51655|El Puerto del Teamate (Puerto de las Majadas)|Pueblo|Sultepec|México|null|51601|15|51601|28|080|7471|Rural|null
51670|Santa María|Barrio|Texcaltitlán|México|null|51601|15|51601|02|097|1393|Rural|null
51670|Texcaltitlán|Pueblo|Texcaltitlán|México|null|51601|15|51601|28|097|1394|Urbano|null
51670|San Miguel|Barrio|Texcaltitlán|México|null|51601|15|51601|02|097|1405|Urbano|null
51670|Acatitlán|Barrio|Texcaltitlán|México|null|51601|15|51601|02|097|1410|Rural|null
51673|Tlacotepec|Ranchería|Texcaltitlán|México|null|51601|15|51601|29|097|1399|Rural|null
51673|Venta Morales ( El Pedregal )|Ranchería|Texcaltitlán|México|null|51601|15|51601|29|097|6636|Rural|null
51673|Palo Amarillo|Ranchería|Texcaltitlán|México|null|51601|15|51601|29|097|6637|Rural|null
51673|El Agostadero|Ranchería|Texcaltitlán|México|null|51601|15|51601|29|097|7509|Rural|null
51674|Palmillas|Pueblo|Texcaltitlán|México|null|51601|15|51601|28|097|1400|Rural|null
51674|Ojo de Agua|Ranchería|Texcaltitlán|México|null|51601|15|51601|29|097|6638|Rural|null
51674|Venta Morales (La Laguna)|Ejido|Texcaltitlán|México|null|51601|15|51601|15|097|6641|Rural|null
51675|San Agustín|Pueblo|Texcaltitlán|México|null|51601|15|51601|28|097|1391|Rural|null
51675|El Chapaneal|Pueblo|Texcaltitlán|México|null|51601|15|51601|28|097|1401|Rural|null
51675|Gavia Chica ( Rincón )|Ranchería|Texcaltitlán|México|null|51601|15|51601|29|097|6640|Rural|null
51675|Los Lirios|Ranchería|Texcaltitlán|México|null|51601|15|51601|29|097|7508|Rural|null
51675|Las Tablas (Las Tablas San José)|Ranchería|Texcaltitlán|México|null|51601|15|51601|29|097|7510|Rural|null
51675|San José|Ranchería|Texcaltitlán|México|null|51601|15|51601|29|097|7511|Rural|null
51676|El Salto|Ranchería|Texcaltitlán|México|null|51601|15|51601|29|097|0001|Rural|null
51676|Texcapilla|Pueblo|Texcaltitlán|México|null|51601|15|51601|28|097|1395|Rural|null
51676|Llano Grande|Ranchería|Texcaltitlán|México|null|51601|15|51601|29|097|1402|Rural|null
51676|Nueva Santa María|Ranchería|Texcaltitlán|México|null|51601|15|51601|29|097|6639|Rural|null
51680|Las Lágrimas|Ejido|Texcaltitlán|México|null|51601|15|51601|15|097|1404|Rural|null
51693|Jesús del Monte|Pueblo|Texcaltitlán|México|null|51601|15|51601|28|097|1406|Rural|null
51693|Yuytepec|Ranchería|Texcaltitlán|México|null|51601|15|51601|29|097|1409|Rural|null
51694|Agua del Trébol|Ranchería|Texcaltitlán|México|null|51601|15|51601|29|097|7512|Rural|null
51694|Las Paredes|Ranchería|Texcaltitlán|México|null|51601|15|51601|29|097|7513|Rural|null
51695|Hueyatenco|Pueblo|Texcaltitlán|México|null|51601|15|51601|28|097|1390|Rural|null
51695|Carbajal|Colonia|Texcaltitlán|México|null|51601|15|51601|09|097|1397|Rural|null
51695|Noxtepec|Colonia|Texcaltitlán|México|null|51601|15|51601|09|097|1398|Rural|null
51695|Rastrojo Largo|Ranchería|Texcaltitlán|México|null|51601|15|51601|29|097|7514|Rural|null
51696|Chiquiuntepec (Chiquintepec)|Colonia|Texcaltitlán|México|null|51601|15|51601|09|097|1407|Rural|null
51697|San Francisco|Pueblo|Texcaltitlán|México|null|51601|15|51601|28|097|1392|Rural|null
51697|Arroyo Seco|Colonia|Texcaltitlán|México|null|51601|15|51601|09|097|1408|Rural|null
51700|Coatepec Harinas|Pueblo|Coatepec Harinas|México|null|51701|15|51701|28|021|1412|Rural|null
51700|Primera de San Miguel (La Punta)|Ranchería|Coatepec Harinas|México|null|51701|15|51701|29|021|5219|Rural|null
51700|Segunda de Analco (La Presa)|Ranchería|Coatepec Harinas|México|null|51701|15|51701|29|021|6682|Rural|null
51704|Segunda de San Miguel (El Cerrito)|Barrio|Coatepec Harinas|México|null|51701|15|51701|02|021|7538|Rural|null
51705|Primera de Zacanguillo (Santo Niño Doctor)|Ranchería|Coatepec Harinas|México|null|51701|15|51701|29|021|7539|Rural|null
51713|Guadalupe|Colonia|Coatepec Harinas|México|null|51701|15|51701|09|021|7540|Rural|null
51714|Cochisquila|Pueblo|Coatepec Harinas|México|null|51701|15|51701|28|021|1415|Rural|null
51714|Plan de San Francisco|Ranchería|Coatepec Harinas|México|null|51701|15|51701|29|021|6685|Rural|null
51714|Cuentla|Ranchería|Coatepec Harinas|México|null|51701|15|51701|29|021|7544|Rural|null
51715|Primera de Analco|Ranchería|Coatepec Harinas|México|null|51701|15|51701|29|021|6684|Rural|null
51716|Acuitlapilco|Pueblo|Coatepec Harinas|México|null|51701|15|51701|28|021|1411|Rural|null
51716|El Potrero|Colonia|Coatepec Harinas|México|null|51701|15|51701|09|021|1416|Rural|null
51720|San José del Progreso (San José)|Pueblo|Coatepec Harinas|México|null|51701|15|51701|28|021|1413|Rural|null
51720|Loma de Acuitlapilco|Pueblo|Coatepec Harinas|México|null|51701|15|51701|28|021|1421|Rural|null
51720|Santo Niño|Ranchería|Coatepec Harinas|México|null|51701|15|51701|29|021|7550|Rural|null
51720|San Martín el Salto|Ranchería|Coatepec Harinas|México|null|51701|15|51701|29|021|7551|Rural|null
51720|Zacatones (San Felipe de Jesús)|Ranchería|Coatepec Harinas|México|null|51701|15|51701|29|021|7553|Rural|null
51723|La Providencia|Ranchería|Coatepec Harinas|México|null|51701|15|51701|29|021|0001|Rural|null
51723|El Telar|Pueblo|Coatepec Harinas|México|null|51701|15|51701|28|021|1425|Rural|null
51723|Potrero Redondo|Pueblo|Coatepec Harinas|México|null|51701|15|51701|28|021|1426|Rural|null
51723|Agua Bendita|Pueblo|Coatepec Harinas|México|null|51701|15|51701|28|021|1431|Rural|null
51723|El Picacho|Ranchería|Coatepec Harinas|México|null|51701|15|51701|29|021|6688|Rural|null
51723|La Conchita|Ranchería|Coatepec Harinas|México|null|51701|15|51701|29|021|7547|Rural|null
51723|Las Trojes|Ranchería|Coatepec Harinas|México|null|51701|15|51701|29|021|7555|Rural|null
51724|Segunda del Monte (La Presa)|Pueblo|Coatepec Harinas|México|null|51701|15|51701|28|021|1420|Rural|null
51724|Primera del Monte (La Presa)|Pueblo|Coatepec Harinas|México|null|51701|15|51701|28|021|1422|Rural|null
51724|Primera de Santa Ana|Ranchería|Coatepec Harinas|México|null|51701|15|51701|29|021|5220|Rural|null
51724|Segunda de Zacanguillo|Ranchería|Coatepec Harinas|México|null|51701|15|51701|29|021|6681|Rural|null
51724|Segunda de Santa Ana|Barrio|Coatepec Harinas|México|null|51701|15|51701|02|021|7537|Rural|null
51725|Las Jaras|Ranchería|Coatepec Harinas|México|null|51701|15|51701|29|021|7554|Rural|null
51726|Agua Amarga|Pueblo|Coatepec Harinas|México|null|51701|15|51701|28|021|1423|Rural|null
51726|San Fernando|Ranchería|Coatepec Harinas|México|null|51701|15|51701|29|021|6683|Rural|null
51726|Los Fresnos|Ranchería|Coatepec Harinas|México|null|51701|15|51701|29|021|7558|Rural|null
51727|Tecolotepec|Pueblo|Coatepec Harinas|México|null|51701|15|51701|28|021|1424|Rural|null
51727|Teocotitla|Ranchería|Coatepec Harinas|México|null|51701|15|51701|29|021|6680|Rural|null
51727|El Potrerito (El Potrero)|Ranchería|Coatepec Harinas|México|null|51701|15|51701|29|021|6687|Rural|null
51727|Capulín Redondo|Ranchería|Coatepec Harinas|México|null|51701|15|51701|29|021|7542|Rural|null
51727|Huayanalco|Ranchería|Coatepec Harinas|México|null|51701|15|51701|29|021|7545|Rural|null
51727|Piedras Anchas (Primera del Monte)|Ranchería|Coatepec Harinas|México|null|51701|15|51701|29|021|7549|Rural|null
51727|La Rosa|Ranchería|Coatepec Harinas|México|null|51701|15|51701|29|021|7556|Rural|null
51730|Puerta del Carmen|Ranchería|Coatepec Harinas|México|null|51701|15|51701|29|021|1427|Rural|null
51730|Llano Grande|Pueblo|Coatepec Harinas|México|null|51701|15|51701|28|021|1430|Rural|null
51733|Meyuca de Morelos (Meyuca)|Pueblo|Coatepec Harinas|México|null|51701|15|51701|28|021|1419|Rural|null
51733|Baja de Laja Azul|Pueblo|Coatepec Harinas|México|null|51701|15|51701|28|021|1428|Rural|null
51733|Alta de Laja Azul|Ranchería|Coatepec Harinas|México|null|51701|15|51701|29|021|7541|Rural|null
51734|El Reynoso|Pueblo|Coatepec Harinas|México|null|51701|15|51701|28|021|1417|Rural|null
51734|San Luis (Colonia Hidalgo)|Ranchería|Coatepec Harinas|México|null|51701|15|51701|29|021|1418|Rural|null
51734|El Cedrito|Pueblo|Coatepec Harinas|México|null|51701|15|51701|28|021|1429|Rural|null
51735|Adolfo López Mateos|Colonia|Coatepec Harinas|México|null|51701|15|51701|09|021|7543|Rural|null
51735|La Cercada|Ranchería|Coatepec Harinas|México|null|51701|15|51701|29|021|7546|Rural|null
51750|Chiltepec de Hidalgo|Pueblo|Coatepec Harinas|México|null|51701|15|51701|28|021|1432|Rural|null
51750|Las Vueltas|Pueblo|Coatepec Harinas|México|null|51701|15|51701|28|021|1433|Rural|null
51750|La Laguna|Ranchería|Coatepec Harinas|México|null|51701|15|51701|29|021|7557|Rural|null
51753|Monte de las Vueltas|Ranchería|Coatepec Harinas|México|null|51701|15|51701|29|021|6686|Rural|null
51753|La Galera|Ranchería|Coatepec Harinas|México|null|51701|15|51701|29|021|7548|Rural|null
51754|Ixtlahuaca de Villada|Pueblo|Coatepec Harinas|México|null|51701|15|51701|28|021|1434|Rural|null
51754|Cruz de Piedra|Pueblo|Coatepec Harinas|México|null|51701|15|51701|28|021|1435|Rural|null
51754|Las Mesas|Pueblo|Coatepec Harinas|México|null|51701|15|51701|28|021|1436|Rural|null
51754|San Pedro|Ranchería|Coatepec Harinas|México|null|51701|15|51701|29|021|7552|Rural|null
51760|San Francisco|Pueblo|Villa Guerrero|México|null|51761|15|51761|28|113|1440|Rural|null
51760|Villa Guerrero|Pueblo|Villa Guerrero|México|null|51761|15|51761|28|113|1448|Urbano|null
51760|15 de Mayo|Unidad habitacional|Villa Guerrero|México|null|51761|15|51761|31|113|5170|Rural|null
51760|Santa Cecilia|Barrio|Villa Guerrero|México|null|51761|15|51761|02|113|8061|Urbano|null
51765|Buenavista|Pueblo|Villa Guerrero|México|null|51761|15|51761|28|113|1437|Rural|null
51765|San Felipe|Pueblo|Villa Guerrero|México|null|51761|15|51761|28|113|1454|Rural|null
51765|Jesús Carranza (Rancho de Jesús)|Pueblo|Villa Guerrero|México|null|51761|15|51761|28|113|1455|Rural|null
51765|El Islote|Pueblo|Villa Guerrero|México|null|51761|15|51761|28|113|1466|Rural|null
51765|Ejido de San Mateo Coapexco|Ranchería|Villa Guerrero|México|null|51761|15|51761|29|113|6600|Rural|null
51765|Coxcacoaco|Ranchería|Villa Guerrero|México|null|51761|15|51761|29|113|6602|Rural|null
51766|El Progreso Hidalgo|Pueblo|Villa Guerrero|México|null|51761|15|51761|28|113|1452|Rural|null
51767|La Finca|Pueblo|Villa Guerrero|México|null|51761|15|51761|28|113|1451|Rural|null
51767|Potrero Nuevo|Pueblo|Villa Guerrero|México|null|51761|15|51761|28|113|1453|Rural|null
51767|Ejido de la Finca|Ranchería|Villa Guerrero|México|null|51761|15|51761|29|113|6601|Rural|null
51773|El Venturero Santa María Aranzazú|Ranchería|Villa Guerrero|México|null|51761|15|51761|29|113|0001|Rural|null
51773|San Diego|Pueblo|Villa Guerrero|México|null|51761|15|51761|28|113|1456|Rural|null
51773|Cruz Vidriada|Pueblo|Villa Guerrero|México|null|51761|15|51761|28|113|1458|Rural|null
51775|Santa María Aranzazú (Santa María)|Pueblo|Villa Guerrero|México|null|51761|15|51761|28|113|1445|Rural|null
51775|La Joya|Ranchería|Villa Guerrero|México|null|51761|15|51761|29|113|6604|Rural|null
51776|San Miguel|Pueblo|Villa Guerrero|México|null|51761|15|51761|28|113|1444|Rural|null
51776|San Lucas|Pueblo|Villa Guerrero|México|null|51761|15|51761|28|113|1457|Rural|null
51777|San Bartolomé (San Bartolo)|Pueblo|Villa Guerrero|México|null|51761|15|51761|28|113|1439|Rural|null
51777|San José|Pueblo|Villa Guerrero|México|null|51761|15|51761|28|113|1442|Rural|null
51777|El Moral|Pueblo|Villa Guerrero|México|null|51761|15|51761|28|113|1459|Rural|null
51777|Los Ranchos de San José|Ranchería|Villa Guerrero|México|null|51761|15|51761|29|113|6603|Rural|null
51777|Cuajimalpa (Los Cuervos)|Ranchería|Villa Guerrero|México|null|51761|15|51761|29|113|7427|Rural|null
51777|Zanjillas San Bartolomé|Ranchería|Villa Guerrero|México|null|51761|15|51761|29|113|7430|Rural|null
51783|San Mateo Coapexco|Pueblo|Villa Guerrero|México|null|51761|15|51761|28|113|1443|Rural|null
51783|Santiago Oxtotitlán|Pueblo|Villa Guerrero|México|null|51761|15|51761|28|113|1446|Rural|null
51783|Zacango|Pueblo|Villa Guerrero|México|null|51761|15|51761|28|113|1449|Rural|null
51783|Loma de Zacango (El Venturero)|Ranchería|Villa Guerrero|México|null|51761|15|51761|29|113|6605|Rural|null
51784|Totolmajac|Pueblo|Villa Guerrero|México|null|51761|15|51761|28|113|1447|Rural|null
51784|El Carmen|Pueblo|Villa Guerrero|México|null|51761|15|51761|28|113|1463|Rural|null
51784|El Izote|Pueblo|Villa Guerrero|México|null|51761|15|51761|28|113|1464|Rural|null
51784|San Pedro Buenos Aires (San Pedro)|Pueblo|Villa Guerrero|México|null|51761|15|51761|28|113|1465|Rural|null
51785|Porfirio Díaz|Pueblo|Villa Guerrero|México|null|51761|15|51761|28|113|1438|Rural|null
51786|San Gaspar|Pueblo|Villa Guerrero|México|null|51761|15|51761|28|113|1441|Rural|null
51786|La Loma de la Concepción (La Loma)|Ranchería|Villa Guerrero|México|null|51761|15|51761|29|113|1460|Rural|null
51786|Matlazinca|Pueblo|Villa Guerrero|México|null|51761|15|51761|28|113|1461|Rural|null
51786|Tequimilpa|Pueblo|Villa Guerrero|México|null|51761|15|51761|28|113|1462|Rural|null
51786|El Peñón|Ranchería|Villa Guerrero|México|null|51761|15|51761|29|113|7428|Rural|null
51786|Potrero de la Sierra|Ranchería|Villa Guerrero|México|null|51761|15|51761|29|113|7429|Rural|null
51800|Paraje el Cuetzillo|Ranchería|Zacualpan|México|null|51801|15|51801|29|117|0005|Rural|null
51800|Zacualpan|Pueblo|Zacualpan|México|null|51801|15|51801|28|117|1469|Rural|null
51800|Santiago|Pueblo|Zacualpan|México|null|51801|15|51801|28|117|1474|Rural|null
51800|Los Zapotes (Barrio San José)|Barrio|Zacualpan|México|null|51801|15|51801|02|117|5178|Rural|null
51800|Tlapexco|Ranchería|Zacualpan|México|null|51801|15|51801|29|117|7409|Rural|null
51810|Huitzoltepec|Pueblo|Zacualpan|México|null|51801|15|51801|28|117|1468|Rural|null
51813|Ayotuxco|Pueblo|Zacualpan|México|null|51801|15|51801|28|117|1467|Rural|null
51814|San Juan|Ranchería|Zacualpan|México|null|51801|15|51801|29|117|0001|Rural|null
51814|Coloxtitlán|Pueblo|Zacualpan|México|null|51801|15|51801|28|117|1472|Rural|null
51814|Tetzicapan (Texicapan)|Colonia|Zacualpan|México|null|51801|15|51801|09|117|1491|Rural|null
51815|Gama de la Paz|Pueblo|Zacualpan|México|null|51801|15|51801|28|117|1471|Rural|null
51815|Zotzocola|Pueblo|Zacualpan|México|null|51801|15|51801|28|117|1475|Rural|null
51815|El Sitio|Pueblo|Zacualpan|México|null|51801|15|51801|28|117|1477|Rural|null
51815|San Jerónimo|Ranchería|Zacualpan|México|null|51801|15|51801|29|117|7408|Rural|null
51816|El Fresno|Pueblo|Zacualpan|México|null|51801|15|51801|28|117|1478|Rural|null
51816|El Salto|Pueblo|Zacualpan|México|null|51801|15|51801|28|117|1480|Rural|null
51816|El Durazno|Ranchería|Zacualpan|México|null|51801|15|51801|29|117|6702|Rural|null
51817|Tres Cruces|Ranchería|Zacualpan|México|null|51801|15|51801|29|117|0004|Rural|null
51817|Río Florido 2da. Sección|Pueblo|Zacualpan|México|null|51801|15|51801|28|117|1481|Rural|null
51817|El Colorín|Ranchería|Zacualpan|México|null|51801|15|51801|29|117|7410|Rural|null
51817|Río Florido 1ra. Sección|Ranchería|Zacualpan|México|null|51801|15|51801|29|117|7411|Rural|null
51820|Piedra Parada|Pueblo|Zacualpan|México|null|51801|15|51801|28|117|1482|Rural|null
51820|Tepextitla 2da. Sección|Pueblo|Zacualpan|México|null|51801|15|51801|28|117|1487|Rural|null
51825|El Despoblado|Pueblo|Zacualpan|México|null|51801|15|51801|28|117|1483|Rural|null
51825|Agua Dulce|Ranchería|Zacualpan|México|null|51801|15|51801|29|117|7412|Rural|null
51825|Los Ejidos|Ranchería|Zacualpan|México|null|51801|15|51801|29|117|7413|Rural|null
51826|La Luz|Pueblo|Zacualpan|México|null|51801|15|51801|28|117|1473|Rural|null
51826|Las Huertas|Pueblo|Zacualpan|México|null|51801|15|51801|28|117|1476|Rural|null
51826|Apetlahuacan|Pueblo|Zacualpan|México|null|51801|15|51801|28|117|1484|Rural|null
51827|El Cortijo|Pueblo|Zacualpan|México|null|51801|15|51801|28|117|1479|Rural|null
51827|Los Planes Vista Hermosa|Ranchería|Zacualpan|México|null|51801|15|51801|29|117|1485|Rural|null
51827|Zacualpilla|Pueblo|Zacualpan|México|null|51801|15|51801|28|117|1486|Rural|null
51827|Tepextitla 1ra. Sección|Ranchería|Zacualpan|México|null|51801|15|51801|29|117|7414|Rural|null
51850|Los Barriales|Ranchería|Zacualpan|México|null|51801|15|51801|29|117|0002|Rural|null
51850|Hueytecoxco|Ranchería|Zacualpan|México|null|51801|15|51801|29|117|0003|Rural|null
51850|Tres Cruces|Ranchería|Zacualpan|México|null|51801|15|51801|29|117|1488|Rural|null
51850|Mamatla|Pueblo|Zacualpan|México|null|51801|15|51801|28|117|1489|Rural|null
51850|El Coyol|Ranchería|Zacualpan|México|null|51801|15|51801|29|117|7407|Rural|null
51854|Memetla|Barrio|Zacualpan|México|null|51801|15|51801|02|117|5177|Rural|null
51854|Cruz de Quiote|Ranchería|Zacualpan|México|null|51801|15|51801|29|117|7415|Rural|null
51854|La Mora|Ranchería|Zacualpan|México|null|51801|15|51801|29|117|7416|Rural|null
51854|Velixtla|Ranchería|Zacualpan|México|null|51801|15|51801|29|117|7417|Rural|null
51855|Teocaltzingo|Ranchería|Zacualpan|México|null|51801|15|51801|29|117|1490|Rural|null
51855|El Verdecillo|Ranchería|Zacualpan|México|null|51801|15|51801|29|117|7418|Rural|null
51855|La Trinidad|Ranchería|Zacualpan|México|null|51801|15|51801|29|117|7419|Rural|null
51855|Yolotepec|Ranchería|Zacualpan|México|null|51801|15|51801|29|117|7420|Rural|null
51856|Ixtayotla|Pueblo|Zacualpan|México|null|51801|15|51801|28|117|1493|Rural|null
51856|Coronas|Ranchería|Zacualpan|México|null|51801|15|51801|29|117|7421|Rural|null
51857|San Antonio Amealco|Pueblo|Zacualpan|México|null|51801|15|51801|28|117|1492|Rural|null
51857|Calatepec|Ranchería|Zacualpan|México|null|51801|15|51801|29|117|7422|Rural|null
51857|Huaxtitla|Ranchería|Zacualpan|México|null|51801|15|51801|29|117|7423|Rural|null
51857|La Cofradía|Ranchería|Zacualpan|México|null|51801|15|51801|29|117|7424|Rural|null
51860|Almoloya de Alquisiras|Pueblo|Almoloya de Alquisiras|México|null|51801|15|51801|28|004|1495|Urbano|null
51860|Jaltepec de Arriba|Pueblo|Almoloya de Alquisiras|México|null|51801|15|51801|28|004|1496|Rural|null
51860|Cuarta Manzana|Ranchería|Almoloya de Alquisiras|México|null|51801|15|51801|29|004|6700|Rural|null
51860|Cerro de Tlapexco (Segunda Manzana)|Barrio|Almoloya de Alquisiras|México|null|51801|15|51801|02|004|8065|Rural|null
51863|La Unión Riva Palacio|Pueblo|Almoloya de Alquisiras|México|null|51801|15|51801|28|004|1497|Rural|null
51863|Totoltepec de la Paz|Pueblo|Almoloya de Alquisiras|México|null|51801|15|51801|28|004|1503|Rural|null
51863|Cerro del Guayabo|Ranchería|Almoloya de Alquisiras|México|null|51801|15|51801|29|004|7496|Rural|null
51863|La Barranca|Ranchería|Almoloya de Alquisiras|México|null|51801|15|51801|29|004|7499|Rural|null
51863|La Guadalupana|Colonia|Almoloya de Alquisiras|México|null|51801|15|51801|09|004|7500|Rural|null
51863|Loma Larga|Ranchería|Almoloya de Alquisiras|México|null|51801|15|51801|29|004|7502|Rural|null
51863|Totoltepec de Arriba|Ranchería|Almoloya de Alquisiras|México|null|51801|15|51801|29|004|7505|Rural|null
51864|San Andrés Tepetitlán|Pueblo|Almoloya de Alquisiras|México|null|51801|15|51801|28|004|1500|Rural|null
51864|Plutarco González (Higueras)|Pueblo|Almoloya de Alquisiras|México|null|51801|15|51801|28|004|1508|Rural|null
51864|Capulmanca|Ranchería|Almoloya de Alquisiras|México|null|51801|15|51801|29|004|7495|Rural|null
51865|Quinta Manzana|Pueblo|Almoloya de Alquisiras|México|null|51801|15|51801|28|004|1504|Rural|null
51865|Ahuacatitlán (Aguacatitlán)|Pueblo|Almoloya de Alquisiras|México|null|51801|15|51801|28|004|1505|Rural|null
51866|Agua Fría|Pueblo|Almoloya de Alquisiras|México|null|51801|15|51801|28|004|1494|Rural|null
51866|Tepehuajes|Ejido|Almoloya de Alquisiras|México|null|51801|15|51801|15|004|1502|Rural|null
51866|Las Mesas|Pueblo|Almoloya de Alquisiras|México|null|51801|15|51801|28|004|1506|Rural|null
51866|Los Ranchos|Ranchería|Almoloya de Alquisiras|México|null|51801|15|51801|29|004|7503|Rural|null
51866|Mesa del Río|Ranchería|Almoloya de Alquisiras|México|null|51801|15|51801|29|004|7504|Rural|null
51867|Progreso los Hernández (Colonia los Hernández)|Ranchería|Almoloya de Alquisiras|México|null|51801|15|51801|29|004|0001|Rural|null
51867|San Antonio Pachuquilla|Pueblo|Almoloya de Alquisiras|México|null|51801|15|51801|28|004|1498|Rural|null
51867|Buenos Aires|Pueblo|Almoloya de Alquisiras|México|null|51801|15|51801|28|004|1507|Rural|null
51867|Llano de las Casas|Pueblo|Almoloya de Alquisiras|México|null|51801|15|51801|28|004|1514|Rural|null
51867|San José Tizates (Tizates)|Pueblo|Almoloya de Alquisiras|México|null|51801|15|51801|28|004|1515|Rural|null
51867|Vista Hermosa|Ranchería|Almoloya de Alquisiras|México|null|51801|15|51801|29|004|7506|Rural|null
51870|Cuauhtenco|Ejido|Almoloya de Alquisiras|México|null|51801|15|51801|15|004|1509|Rural|null
51874|Sexta Manzana|Ranchería|Almoloya de Alquisiras|México|null|51801|15|51801|29|004|1510|Rural|null
51874|Los Pinos|Ranchería|Almoloya de Alquisiras|México|null|51801|15|51801|29|004|6701|Rural|null
51874|El Mirador|Ranchería|Almoloya de Alquisiras|México|null|51801|15|51801|29|004|7497|Rural|null
51874|La Lobera|Ranchería|Almoloya de Alquisiras|México|null|51801|15|51801|29|004|7501|Rural|null
51875|Plan de Vigas|Pueblo|Almoloya de Alquisiras|México|null|51801|15|51801|28|004|1499|Rural|null
51875|Yerbabuena|Ranchería|Almoloya de Alquisiras|México|null|51801|15|51801|29|004|7507|Rural|null
51880|Los Pérez|Ranchería|Almoloya de Alquisiras|México|null|51801|15|51801|29|004|1511|Rural|null
51880|Aquiapan|Ranchería|Almoloya de Alquisiras|México|null|51801|15|51801|29|004|1512|Rural|null
51883|Triguillos|Pueblo|Almoloya de Alquisiras|México|null|51801|15|51801|28|004|1513|Rural|null
51883|Cuevillas|Ranchería|Almoloya de Alquisiras|México|null|51801|15|51801|29|004|9087|Rural|null
51900|Ixtapan de la Sal|Pueblo|Ixtapan de la Sal|México|null|51901|15|51901|28|040|1517|Urbano|null
51904|Santa Ana|Barrio|Ixtapan de la Sal|México|null|51901|15|51901|02|040|5180|Urbano|null
51904|San Pedro|Colonia|Ixtapan de la Sal|México|null|51901|15|51901|09|040|5184|Urbano|null
51905|Santa Catarina|Colonia|Ixtapan de la Sal|México|null|51901|15|51901|09|040|5182|Urbano|null
51905|10 de Agosto|Colonia|Ixtapan de la Sal|México|null|51901|15|51901|09|040|5188|Urbano|null
51905|Revolución|Colonia|Ixtapan de la Sal|México|null|51901|15|51901|09|040|5189|Urbano|null
51906|Los Cedros|Colonia|Ixtapan de la Sal|México|null|51901|15|51901|09|040|5183|Urbano|null
51906|INFONAVIT|Unidad habitacional|Ixtapan de la Sal|México|null|51901|15|51901|31|040|5185|Urbano|null
51906|5 de Febrero|Colonia|Ixtapan de la Sal|México|null|51901|15|51901|09|040|5190|Urbano|null
51906|3 de Mayo|Colonia|Ixtapan de la Sal|México|null|51901|15|51901|09|040|6689|Rural|null
51907|San Gaspar|Barrio|Ixtapan de la Sal|México|null|51901|15|51901|02|040|5179|Urbano|null
51907|Bugambilias|Fraccionamiento|Ixtapan de la Sal|México|null|51901|15|51901|21|040|5181|Urbano|null
51907|Ixtapita|Colonia|Ixtapan de la Sal|México|null|51901|15|51901|09|040|5187|Urbano|null
51910|El Abrojo|Pueblo|Ixtapan de la Sal|México|null|51901|15|51901|28|040|1523|Rural|null
51915|Los Naranjos|Pueblo|Ixtapan de la Sal|México|null|51901|15|51901|28|040|1527|Rural|null
51915|Juárez|Colonia|Ixtapan de la Sal|México|null|51901|15|51901|09|040|7530|Rural|null
51916|Ahuacatitlán|Pueblo|Ixtapan de la Sal|México|null|51901|15|51901|28|040|1516|Rural|null
51916|San José del Arenal|Pueblo|Ixtapan de la Sal|México|null|51901|15|51901|28|040|1518|Rural|null
51916|San Miguel Laderas|Pueblo|Ixtapan de la Sal|México|null|51901|15|51901|28|040|1519|Rural|null
51916|Yerbas Buenas|Pueblo|Ixtapan de la Sal|México|null|51901|15|51901|28|040|1520|Rural|null
51916|Plan de San Miguel|Pueblo|Ixtapan de la Sal|México|null|51901|15|51901|28|040|1524|Rural|null
51916|El Rincón de Dios Yerbas Buenas|Ranchería|Ixtapan de la Sal|México|null|51901|15|51901|29|040|8949|Rural|null
51916|San Pablo|Ranchería|Ixtapan de la Sal|México|null|51901|15|51901|29|040|8951|Rural|null
51917|San Diego Alcalá|Ranchería|Ixtapan de la Sal|México|null|51901|15|51901|29|040|1522|Rural|null
51917|Llano de la Unión|Pueblo|Ixtapan de la Sal|México|null|51901|15|51901|28|040|1525|Rural|null
51917|Santa Ana Xochuca|Pueblo|Ixtapan de la Sal|México|null|51901|15|51901|28|040|1526|Rural|null
51917|Llano de San Diego|Ranchería|Ixtapan de la Sal|México|null|51901|15|51901|29|040|7531|Rural|null
51917|Palo Blanco|Colonia|Ixtapan de la Sal|México|null|51901|15|51901|09|040|7532|Urbano|null
51917|El Progreso|Colonia|Ixtapan de la Sal|México|null|51901|15|51901|09|040|7533|Urbano|null
51920|Tlacochaca|Pueblo|Ixtapan de la Sal|México|null|51901|15|51901|28|040|1528|Rural|null
51920|San Pedro Tlacochaca|Ranchería|Ixtapan de la Sal|México|null|51901|15|51901|29|040|7534|Rural|null
51920|Portezuelos|Ranchería|Ixtapan de la Sal|México|null|51901|15|51901|29|040|8953|Rural|null
51923|Yautepec|Pueblo|Ixtapan de la Sal|México|null|51901|15|51901|28|040|1530|Rural|null
51923|San Andrés|Ranchería|Ixtapan de la Sal|México|null|51901|15|51901|29|040|8952|Urbano|null
51924|El Salitre|Pueblo|Ixtapan de la Sal|México|null|51901|15|51901|28|040|1529|Rural|null
51924|Rancho San Diego|Fraccionamiento|Ixtapan de la Sal|México|null|51901|15|51901|21|040|7535|Rural|null
51924|Residencial Cipres|Fraccionamiento|Ixtapan de la Sal|México|null|51901|15|51901|21|040|8950|Urbano|null
51930|Malinaltenango|Pueblo|Ixtapan de la Sal|México|null|51901|15|51901|28|040|1531|Rural|null
51933|Tecomatepec|Pueblo|Ixtapan de la Sal|México|null|51901|15|51901|28|040|1532|Rural|null
51933|San Alejo|Pueblo|Ixtapan de la Sal|México|null|51901|15|51901|28|040|1535|Rural|null
51933|Puerta Grande|Pueblo|Ixtapan de la Sal|México|null|51901|15|51901|28|040|1536|Rural|null
51933|El Refugio|Ranchería|Ixtapan de la Sal|México|null|51901|15|51901|29|040|6690|Rural|null
51933|El Arenal de las Ollas|Ranchería|Ixtapan de la Sal|México|null|51901|15|51901|29|040|7536|Rural|null
51936|Coaxusco|Pueblo|Ixtapan de la Sal|México|null|51901|15|51901|28|040|1533|Rural|null
51937|Mesón Nuevo|Pueblo|Ixtapan de la Sal|México|null|51901|15|51901|28|040|1534|Rural|null
51950|Tonatico Centro|Colonia|Tonatico|México|null|51951|15|51951|09|107|1546|Urbano|null
51950|Santa María Norte|Barrio|Tonatico|México|null|51951|15|51951|02|107|5191|Urbano|null
51950|San Sebastián|Barrio|Tonatico|México|null|51951|15|51951|02|107|5192|Rural|null
51950|San Gaspar|Barrio|Tonatico|México|null|51951|15|51951|02|107|5193|Rural|null
51950|Santa María Sur|Barrio|Tonatico|México|null|51951|15|51951|02|107|5194|Rural|null
51950|San Felipe|Barrio|Tonatico|México|null|51951|15|51951|02|107|5195|Rural|null
51950|Portón de Sueño|Unidad habitacional|Tonatico|México|null|51951|15|51951|31|107|6177|Urbano|null
51953|Paso de San Juan|Colonia|Tonatico|México|null|51951|15|51951|09|107|6181|Urbano|null
51954|La Comunidad|Ranchería|Tonatico|México|null|51951|15|51951|29|107|6180|Rural|null
51955|San Miguel|Ranchería|Tonatico|México|null|51951|15|51951|29|107|1544|Rural|null
51956|El Rincón|Ranchería|Tonatico|México|null|51951|15|51951|29|107|1538|Rural|null
51956|El Trapiche|Colonia|Tonatico|México|null|51951|15|51951|09|107|6179|Rural|null
51959|Los Amates (San José de los Amates)|Ranchería|Tonatico|México|null|51951|15|51951|29|107|1549|Rural|null
51960|Tlacopan|Ranchería|Tonatico|México|null|51951|15|51951|29|107|1545|Rural|null
51963|La Audiencia|Ranchería|Tonatico|México|null|51951|15|51951|29|107|1540|Rural|null
51963|San Bartolo|Ranchería|Tonatico|México|null|51951|15|51951|29|107|1543|Rural|null
51964|Salinas|Ranchería|Tonatico|México|null|51951|15|51951|29|107|1542|Rural|null
51964|El Terrero|Ranchería|Tonatico|México|null|51951|15|51951|29|107|1550|Rural|null
51970|El Zapote|Ranchería|Tonatico|México|null|51951|15|51951|29|107|1539|Rural|null
51973|La Puerta de Santiago|Ranchería|Tonatico|México|null|51951|15|51951|29|107|1551|Rural|null
51974|Ojo de Agua|Ranchería|Tonatico|México|null|51951|15|51951|29|107|1537|Rural|null
51974|Colixtlahuacán|Ranchería|Tonatico|México|null|51951|15|51951|29|107|8923|Rural|null
51977|La Vega|Ranchería|Tonatico|México|null|51951|15|51951|29|107|1541|Rural|null
51980|Santa Ana|Barrio|Zumpahuacán|México|null|52401|15|52401|02|119|0001|Urbano|null
51980|San Mateo|Barrio|Zumpahuacán|México|null|52401|15|52401|02|119|0002|Urbano|null
51980|Zumpahuacan|Pueblo|Zumpahuacán|México|null|52401|15|52401|28|119|1554|Rural|null
51980|San Juan|Pueblo|Zumpahuacán|México|null|52401|15|52401|28|119|6948|Rural|null
51980|San Pedro Guadalupe|Pueblo|Zumpahuacán|México|null|52401|15|52401|28|119|6949|Rural|null
51980|San Agustín|Barrio|Zumpahuacán|México|null|52401|15|52401|02|119|8145|Urbano|null
51980|San Miguel|Barrio|Zumpahuacán|México|null|52401|15|52401|02|119|8147|Urbano|null
51980|La Ascención|Barrio|Zumpahuacán|México|null|52401|15|52401|02|119|8201|Urbano|null
51980|La Cabecera|Barrio|Zumpahuacán|México|null|52401|15|52401|02|119|8208|Rural|null
51984|San Nicolás Palo Dulce|Colonia|Zumpahuacán|México|null|52401|15|52401|09|119|0011|Rural|null
51984|Guadalupe Ahuacatlán|Pueblo|Zumpahuacán|México|null|52401|15|52401|28|119|1559|Rural|null
51985|Llano del Copal|Ranchería|Zumpahuacán|México|null|52401|15|52401|29|119|0012|Rural|null
51985|Santiaguito|Ranchería|Zumpahuacán|México|null|52401|15|52401|29|119|8517|Rural|null
51986|San Pablo Tejalpa|Pueblo|Zumpahuacán|México|null|52401|15|52401|28|119|1553|Rural|null
51986|Santa Catarina|Pueblo|Zumpahuacán|México|null|52401|15|52401|28|119|6950|Rural|null
51986|San Miguel Ateopa|Ranchería|Zumpahuacán|México|null|52401|15|52401|29|119|8146|Rural|null
51987|San José Tecontla|Ranchería|Zumpahuacán|México|null|52401|15|52401|29|119|0010|Rural|null
51987|San Antonio Guadalupe|Pueblo|Zumpahuacán|México|null|52401|15|52401|28|119|1556|Rural|null
51988|Guadalupe Tlapizalco|Pueblo|Zumpahuacán|México|null|52401|15|52401|28|119|1560|Rural|null
51989|Santa Cruz de los Pilares|Pueblo|Zumpahuacán|México|null|52401|15|52401|28|119|1561|Rural|null
51990|San Gaspar|Pueblo|Zumpahuacán|México|null|52401|15|52401|28|119|1552|Rural|null
51994|San Mateo Despoblado|Ranchería|Zumpahuacán|México|null|52401|15|52401|29|119|0006|Rural|null
51994|Amolonca|Ranchería|Zumpahuacán|México|null|52401|15|52401|29|119|0013|Rural|null
51994|Santa María la Asunción|Pueblo|Zumpahuacán|México|null|52401|15|52401|28|119|1557|Rural|null
51995|Chiapa San Isidro|Ranchería|Zumpahuacán|México|null|52401|15|52401|29|119|0005|Rural|null
51995|Guadalupe Chiltamalco|Ranchería|Zumpahuacán|México|null|52401|15|52401|29|119|0007|Rural|null
51995|Santa Ana Despoblado|Ranchería|Zumpahuacán|México|null|52401|15|52401|29|119|0008|Rural|null
51995|San Pedro Guadalupe (Despoblado)|Ranchería|Zumpahuacán|México|null|52401|15|52401|29|119|0009|Rural|null
51995|Santa Cruz Atempa|Pueblo|Zumpahuacán|México|null|52401|15|52401|28|119|1558|Rural|null
51996|Ahuatzingo|Pueblo|Zumpahuacán|México|null|52401|15|52401|28|119|1555|Rural|null
51997|El Zapote|Ranchería|Zumpahuacán|México|null|52401|15|52401|29|119|0004|Rural|null
51997|Guadalupe Victoria|Colonia|Zumpahuacán|México|null|52401|15|52401|09|119|1562|Rural|null
51997|El Tamarindo|Ranchería|Zumpahuacán|México|null|52401|15|52401|29|119|8298|Rural|null
52000|Lerma de Villada Centro|Pueblo|Lerma|México|null|52001|15|52001|28|051|1563|Urbano|null
52004|Hacienda Santa Clara|Fraccionamiento|Lerma|México|null|52001|15|52001|21|051|0009|Urbano|null
52004|Bosques de Lerma|Fraccionamiento|Lerma|México|null|52001|15|52001|21|051|0010|Urbano|null
52004|Parque industrial Cerrillo I|Zona industrial|Lerma|México|null|52001|15|52001|37|051|1568|Rural|null
52004|Parque industrial Cerrillo II|Zona industrial|Lerma|México|null|52001|15|52001|37|051|1569|Urbano|null
52004|Parque industrial Lerma|Zona industrial|Lerma|México|null|52001|15|52001|37|051|1570|Urbano|null
52004|Guadalupe la Ciénega|Colonia|Lerma|México|null|52001|15|52001|09|051|1571|Urbano|null
52004|La Mota|Colonia|Lerma|México|null|52001|15|52001|09|051|1572|Urbano|null
52004|Isidro Fabela|Colonia|Lerma|México|null|52001|15|52001|09|051|5196|Rural|null
52004|Valle de Lerma|Fraccionamiento|Lerma|México|null|52001|15|52001|21|051|5197|Urbano|null
52004|CIDECO|Unidad habitacional|Lerma|México|null|52001|15|52001|31|051|5198|Urbano|null
52004|Auris|Unidad habitacional|Lerma|México|null|52001|15|52001|31|051|5199|Urbano|null
52004|INFONAVIT|Fraccionamiento|Lerma|México|null|52001|15|52001|21|051|5200|Urbano|null
52004|Emiliano Zapata|Colonia|Lerma|México|null|52001|15|52001|09|051|7392|Urbano|null
52004|Santa Clara|Fraccionamiento|Lerma|México|null|52001|15|52001|21|051|7393|Urbano|null
52004|Los Cedros 400|Fraccionamiento|Lerma|México|null|52001|15|52001|21|051|7394|Urbano|null
52004|La Bomba|Colonia|Lerma|México|null|52001|15|52001|09|051|8150|Urbano|null
52004|Nueva Ameyalco|Colonia|Lerma|México|null|52001|15|52001|09|051|8199|Rural|null
52004|San Isidro|Colonia|Lerma|México|null|52001|15|52001|09|051|8651|Urbano|null
52004|El Porvenir ll|Colonia|Lerma|México|null|52001|15|52001|09|051|9575|Urbano|null
52005|Los Olivos|Fraccionamiento|Lerma|México|null|52001|15|52001|21|051|0001|Urbano|null
52005|Valle de Encinos|Fraccionamiento|Lerma|México|null|52001|15|52001|21|051|0002|Urbano|null
52005|Residencial Tirés|Fraccionamiento|Lerma|México|null|52001|15|52001|21|051|0003|Rural|null
52005|La Toscana Residencial|Fraccionamiento|Lerma|México|null|52001|15|52001|21|051|0011|Urbano|null
52005|El Panteón|Colonia|Lerma|México|null|52001|15|52001|09|051|1575|Urbano|null
52005|San José el Llanito|Pueblo|Lerma|México|null|52001|15|52001|28|051|1578|Rural|null
52005|Amomolulco|Pueblo|Lerma|México|null|52001|15|52001|28|051|1585|Rural|null
52005|Club de Golf los Encinos|Fraccionamiento|Lerma|México|null|52001|15|52001|21|051|5201|Rural|null
52006|Hacienda Lerma|Fraccionamiento|Lerma|México|null|52001|15|52001|21|051|0012|Urbano|null
52006|El Calvario la Merced|Colonia|Lerma|México|null|52001|15|52001|09|051|1579|Urbano|null
52006|La Estación|Colonia|Lerma|México|null|52001|15|52001|09|051|1580|Urbano|null
52010|El Árbol|Ranchería|Lerma|México|null|52001|15|52001|29|051|0007|Rural|null
52010|San Nicolás Peralta|Pueblo|Lerma|México|null|52001|15|52001|28|051|1565|Urbano|null
52010|Álvaro Obregón Tlalmimilolpan|Colonia|Lerma|México|null|52001|15|52001|09|051|1581|Urbano|null
52010|La Loma|Colonia|Lerma|México|null|52001|15|52001|09|051|8644|Rural|null
52010|San Pablo|Colonia|Lerma|México|null|52001|15|52001|09|051|8649|Rural|null
52020|El Espino Peralta|Pueblo|Lerma|México|null|52001|15|52001|28|051|1583|Rural|null
52020|Casa Blanca (Tierras Nuevas)|Colonia|Lerma|México|null|52001|15|52001|09|051|8631|Rural|null
52030|El Caracol|Colonia|Lerma|México|null|52001|15|52001|09|051|0008|Rural|null
52030|San Pedro Tultepec|Pueblo|Lerma|México|null|52001|15|52001|28|051|1584|Urbano|null
52030|Santa Cruz Tultepec|Pueblo|Lerma|México|null|52001|15|52001|28|051|6606|Rural|null
52030|Alfredo del Mazo|Colonia|Lerma|México|null|52001|15|52001|09|051|8523|Urbano|null
52030|Adolfo López Mateos|Colonia|Lerma|México|null|52001|15|52001|09|051|8656|Urbano|null
52040|El Tiradero|Colonia|Lerma|México|null|52001|15|52001|09|051|0006|Rural|null
52040|San Miguel Ameyalco|Pueblo|Lerma|México|null|52001|15|52001|28|051|1586|Urbano|null
52040|La Montoya|Ranchería|Lerma|México|null|52001|15|52001|29|051|6610|Rural|null
52040|La Joya|Colonia|Lerma|México|null|52001|15|52001|09|051|8635|Rural|null
52040|Ojo de Agua|Colonia|Lerma|México|null|52001|15|52001|09|051|8637|Rural|null
52040|Cristo Rey|Colonia|Lerma|México|null|52001|15|52001|09|051|8638|Rural|null
52040|San Miguel Ameyalco|Ejido|Lerma|México|null|52001|15|52001|15|051|8641|Rural|null
52043|Santiago Analco|Pueblo|Lerma|México|null|52001|15|52001|28|051|7390|Urbano|null
52044|Ejido de San Mateo Atarasquillo|Colonia|Lerma|México|null|52001|15|52001|09|051|0013|Rural|null
52044|San Mateo Atarasquillo|Pueblo|Lerma|México|null|52001|15|52001|28|051|1594|Urbano|null
52044|Santa María Atarasquillo|Pueblo|Lerma|México|null|52001|15|52001|28|051|1597|Urbano|null
52044|Las Águilas|Colonia|Lerma|México|null|52001|15|52001|09|051|8636|Rural|null
52045|Cañada de Alferes|Pueblo|Lerma|México|null|52001|15|52001|28|051|1587|Rural|null
52045|Salazar|Pueblo|Lerma|México|null|52001|15|52001|28|051|1588|Rural|null
52045|Llano Capacho|Pueblo|Lerma|México|null|52001|15|52001|28|051|8648|Rural|null
52046|Santa Cruz Chignahuapan|Pueblo|Lerma|México|null|52001|15|52001|28|051|6615|Rural|null
52047|Agrícola Analco|Colonia|Lerma|México|null|52001|15|52001|09|051|1589|Rural|null
52047|La Manga ( La Laguna )|Ranchería|Lerma|México|null|52001|15|52001|29|051|6611|Rural|null
52047|Cucuhapan|Colonia|Lerma|México|null|52001|15|52001|09|051|8285|Rural|null
52047|San Lorenzo Huitzizilapan|Ejido|Lerma|México|null|52001|15|52001|15|051|8639|Rural|null
52050|Dolores (Ranchería Dolores)|Colonia|Lerma|México|null|52001|15|52001|09|051|0004|Rural|null
52050|Flor de Gallo Huitzizilapan|Ranchería|Lerma|México|null|52001|15|52001|29|051|0005|Rural|null
52050|Santa María Tlalmimilolpan|Pueblo|Lerma|México|null|52001|15|52001|28|051|1566|Rural|null
52050|La Concepción Xochicuautla|Pueblo|Lerma|México|null|52001|15|52001|28|051|1590|Rural|null
52050|Metate Viejo Tlalmimilolpan|Pueblo|Lerma|México|null|52001|15|52001|28|051|1591|Rural|null
52050|San Agustín Huitzizilapan|Pueblo|Lerma|México|null|52001|15|52001|28|051|1592|Rural|null
52050|San Lorenzo Huitzizilapan|Pueblo|Lerma|México|null|52001|15|52001|28|051|1593|Rural|null
52050|San Pedro Huitzizilapan|Pueblo|Lerma|México|null|52001|15|52001|28|051|1595|Rural|null
52050|Santa Catarina|Pueblo|Lerma|México|null|52001|15|52001|28|051|1596|Rural|null
52050|Zacamulpa Huitzizilapan|Pueblo|Lerma|México|null|52001|15|52001|28|051|1598|Rural|null
52050|Zacamulpa Tlalmimilolpan|Pueblo|Lerma|México|null|52001|15|52001|28|051|1599|Rural|null
52050|Santa Cruz Huitzizilapan|Ranchería|Lerma|México|null|52001|15|52001|29|051|6607|Rural|null
52050|Guadalupe Victoria Huitzizilapan|Colonia|Lerma|México|null|52001|15|52001|09|051|6617|Rural|null
52050|Adolfo López Mateos Huitzizilapan|Colonia|Lerma|México|null|52001|15|52001|09|051|6618|Rural|null
52050|N Dexi Huitzizilapan|Colonia|Lerma|México|null|52001|15|52001|09|051|8642|Rural|null
52054|San Francisco Xochicuautla|Pueblo|Lerma|México|null|52001|15|52001|28|051|1564|Urbano|null
52054|Buenavista|Colonia|Lerma|México|null|52001|15|52001|09|051|8634|Rural|null
52054|La Joya|Colonia|Lerma|México|null|52001|15|52001|09|051|8643|Rural|null
52055|Barranca Grande|Pueblo|Lerma|México|null|52001|15|52001|28|051|1582|Rural|null
52055|Pueblo Nuevo Tlalmimilolpan|Pueblo|Lerma|México|null|52001|15|52001|28|051|1600|Rural|null
52055|La Reforma Tlalmimilolpan|Colonia|Lerma|México|null|52001|15|52001|09|051|6608|Rural|null
52059|La Unidad Huitzizilapan|Pueblo|Lerma|México|null|52001|15|52001|28|051|6612|Rural|null
52059|San Martín las Rajas Huitzizilapan|Pueblo|Lerma|México|null|52001|15|52001|28|051|6613|Rural|null
52059|La Lupita ( Casas Viejas )|Pueblo|Lerma|México|null|52001|15|52001|28|051|6614|Rural|null
52059|Las Mesas Huitzizilapan|Pueblo|Lerma|México|null|52001|15|52001|28|051|8646|Rural|null
52060|Villas del Bosque|Fraccionamiento|Xonacatlán|México|null|52061|15|52061|21|115|0002|Rural|null
52060|Xonacatlán|Colonia|Xonacatlán|México|Xonacatlán|52061|15|52061|09|115|1604|Urbano|31
52060|Adolfo López Mateos|Colonia|Xonacatlán|México|null|52061|15|52061|09|115|6970|Rural|null
52064|San Antonio|Colonia|Xonacatlán|México|null|52061|15|52061|09|115|5306|Rural|null
52065|Emiliano Zapata|Colonia|Xonacatlán|México|null|52061|15|52061|09|115|5165|Urbano|null
52067|La Manga|Barrio|Xonacatlán|México|null|52061|15|52061|02|115|5309|Rural|null
52067|Francisco I. Madero|Colonia|Xonacatlán|México|null|52061|15|52061|09|115|6966|Rural|null
52067|El Espino|Colonia|Xonacatlán|México|null|52061|15|52061|09|115|8567|Rural|null
52067|La Jardona|Colonia|Xonacatlán|México|null|52061|15|52061|09|115|8568|Rural|null
52070|Santa María Zolotepec|Pueblo|Xonacatlán|México|null|52061|15|52061|28|115|1607|Rural|null
52070|5 de Mayo|Colonia|Xonacatlán|México|null|52061|15|52061|09|115|6968|Rural|null
52073|Los Laureles|Barrio|Xonacatlán|México|null|52061|15|52061|02|115|6959|Rural|null
52073|Lomas de Zolotepec (La Loma)|Barrio|Xonacatlán|México|null|52061|15|52061|02|115|6963|Rural|null
52073|La Herradura|Barrio|Xonacatlán|México|null|52061|15|52061|02|115|6964|Rural|null
52074|San Pedro|Barrio|Xonacatlán|México|null|52061|15|52061|02|115|0001|Rural|null
52074|San Miguel Mimiapan|Pueblo|Xonacatlán|México|null|52061|15|52061|28|115|1608|Rural|null
52074|Los Mesones|Barrio|Xonacatlán|México|null|52061|15|52061|02|115|6960|Rural|null
52074|La Cuesta|Barrio|Xonacatlán|México|null|52061|15|52061|02|115|8563|Rural|null
52074|San Juan|Barrio|Xonacatlán|México|null|52061|15|52061|02|115|8564|Rural|null
52075|La Cañada|Barrio|Xonacatlán|México|null|52061|15|52061|02|115|7234|Rural|null
52076|Santiago Tejocotillos|Pueblo|Xonacatlán|México|null|52061|15|52061|28|115|1609|Rural|null
52076|El Rancho|Barrio|Xonacatlán|México|null|52061|15|52061|02|115|8562|Rural|null
52076|Celso Vicencio|Colonia|Xonacatlán|México|null|52061|15|52061|09|115|8566|Rural|null
52076|Paraje el Candelero|Colonia|Xonacatlán|México|null|52061|15|52061|09|115|8569|Rural|null
52076|Paraje Pipileros|Colonia|Xonacatlán|México|null|52061|15|52061|09|115|8570|Rural|null
52077|Santa Cruz|Barrio|Xonacatlán|México|null|52061|15|52061|02|115|8565|Rural|null
52077|San Juan el Potrero (El Potrero)|Colonia|Xonacatlán|México|null|52061|15|52061|09|115|8571|Rural|null
52080|Villa Cuauhtémoc|Pueblo|Otzolotepec|México|null|52081|15|52081|28|067|1617|Rural|null
52082|De la Rosa|Barrio|Otzolotepec|México|null|52081|15|52081|02|067|0019|Rural|null
52082|Solanos|Barrio|Otzolotepec|México|null|52081|15|52081|02|067|0020|Rural|null
52082|San Agustín Mimbres|Pueblo|Otzolotepec|México|null|52081|15|52081|28|067|1619|Rural|null
52082|Fábrica María (Pilar María)|Pueblo|Otzolotepec|México|null|52081|15|52081|28|067|1625|Rural|null
52083|De la Barranca|Barrio|Otzolotepec|México|null|52081|15|52081|02|067|0004|Rural|null
52083|San Mateo Mozoquilpan|Pueblo|Otzolotepec|México|null|52081|15|52081|28|067|1614|Urbano|null
52083|Santa María Tetitla|Pueblo|Otzolotepec|México|null|52081|15|52081|28|067|1616|Urbano|null
52084|La Loma de Puente San Pedro|Barrio|Otzolotepec|México|null|52081|15|52081|02|067|0005|Rural|null
52084|La Raya|Barrio|Otzolotepec|México|null|52081|15|52081|02|067|0006|Rural|null
52084|La Paja|Colonia|Otzolotepec|México|null|52081|15|52081|09|067|0013|Rural|null
52084|Puente San Pedro|Pueblo|Otzolotepec|México|null|52081|15|52081|28|067|8474|Rural|null
52085|De Mozoquilpan|Ejido|Otzolotepec|México|null|52081|15|52081|15|067|0001|Rural|null
52085|De San Juan|Barrio|Otzolotepec|México|null|52081|15|52081|02|067|0002|Rural|null
52085|De Santa María Tetitla|Ejido|Otzolotepec|México|null|52081|15|52081|15|067|0003|Rural|null
52085|El Capulín|Barrio|Otzolotepec|México|null|52081|15|52081|02|067|0014|Rural|null
52085|Santa Ana Mayorazgo|Pueblo|Otzolotepec|México|null|52081|15|52081|28|067|1613|Rural|null
52085|San Isidro las Trojes|Pueblo|Otzolotepec|México|null|52081|15|52081|28|067|1620|Rural|null
52088|Ejido de la Y Sección Siete A Revolución|Colonia|Otzolotepec|México|null|52081|15|52081|09|067|0007|Urbano|null
52088|La Florida|Unidad habitacional|Otzolotepec|México|null|52081|15|52081|31|067|0008|Urbano|null
52088|La Joya|Colonia|Otzolotepec|México|null|52081|15|52081|09|067|0021|Rural|null
52088|Guadalupe Victoria|Colonia|Otzolotepec|México|null|52081|15|52081|09|067|1610|Rural|null
52088|La Y|Barrio|Otzolotepec|México|null|52081|15|52081|02|067|1623|Rural|null
52089|Villa Seca (La Providencia Villa Seca)|Ejido|Otzolotepec|México|null|52081|15|52081|15|067|1624|Rural|null
52090|Zona Número Cuatro San Mateo Capulhuac|Pueblo|Otzolotepec|México|null|52081|15|52081|28|067|0009|Rural|null
52090|Zona Número Uno San Mateo Capulhuac|Pueblo|Otzolotepec|México|null|52081|15|52081|28|067|0010|Rural|null
52090|Zona Número Tres San Mateo Capulhuac|Pueblo|Otzolotepec|México|null|52081|15|52081|28|067|0011|Rural|null
52090|Zona Número Dos San Mateo Capulhuac|Pueblo|Otzolotepec|México|null|52081|15|52081|28|067|0012|Rural|null
52090|San Mateo Capulhuac|Pueblo|Otzolotepec|México|null|52081|15|52081|28|067|1618|Rural|null
52094|Rancho el Oxco|Colonia|Otzolotepec|México|null|52081|15|52081|09|067|0016|Rural|null
52094|La Trampa|Colonia|Otzolotepec|México|null|52081|15|52081|09|067|0017|Rural|null
52095|La Concepción de Hidalgo|Pueblo|Otzolotepec|México|null|52081|15|52081|28|067|1611|Rural|null
52096|La Rosa|Colonia|Otzolotepec|México|null|52081|15|52081|09|067|0015|Rural|null
52096|La Presa|Ranchería|Otzolotepec|México|null|52081|15|52081|29|067|0018|Rural|null
52096|La Huánica|Pueblo|Otzolotepec|México|null|52081|15|52081|28|067|1612|Rural|null
52096|Santa Ana Jilotzingo|Pueblo|Otzolotepec|México|null|52081|15|52081|28|067|1615|Rural|null
52100|San Mateo Atenco Centro|Colonia|San Mateo Atenco|México|San Mateo Atenco|52101|15|52101|09|076|1626|Urbano|32
52104|400 Uno Residencial|Fraccionamiento|San Mateo Atenco|México|San Mateo Atenco|52101|15|52101|21|076|0001|Urbano|32
52104|El Fortín|Fraccionamiento|San Mateo Atenco|México|San Mateo Atenco|52101|15|52101|21|076|0002|Urbano|32
52104|Espacio Uno Residecial|Fraccionamiento|San Mateo Atenco|México|San Mateo Atenco|52101|15|52101|21|076|0003|Urbano|32
52104|Hacienda Santa María|Fraccionamiento|San Mateo Atenco|México|San Mateo Atenco|52101|15|52101|21|076|0004|Urbano|32
52104|Residencial San Ángel|Fraccionamiento|San Mateo Atenco|México|San Mateo Atenco|52101|15|52101|21|076|0005|Urbano|32
52104|Grafito|Fraccionamiento|San Mateo Atenco|México|San Mateo Atenco|52101|15|52101|21|076|0006|Urbano|32
52104|Fénix Residencial|Fraccionamiento|San Mateo Atenco|México|San Mateo Atenco|52101|15|52101|21|076|0007|Rural|32
52104|Vitalia San Mateo|Fraccionamiento|San Mateo Atenco|México|San Mateo Atenco|52101|15|52101|21|076|0008|Rural|32
52104|Hacienda Real Residencial|Fraccionamiento|San Mateo Atenco|México|San Mateo Atenco|52101|15|52101|21|076|0009|Rural|32
52104|Tezontle|Fraccionamiento|San Mateo Atenco|México|San Mateo Atenco|52101|15|52101|21|076|0010|Rural|32
52104|Los Perales Residencial|Fraccionamiento|San Mateo Atenco|México|San Mateo Atenco|52101|15|52101|21|076|0011|Urbano|32
52104|Villas la Magdalena 3|Fraccionamiento|San Mateo Atenco|México|San Mateo Atenco|52101|15|52101|21|076|0012|Urbano|32
52104|Carlos Hank González|Unidad habitacional|San Mateo Atenco|México|San Mateo Atenco|52101|15|52101|31|076|1628|Urbano|32
52104|La Magdalena|Barrio|San Mateo Atenco|México|San Mateo Atenco|52101|15|52101|02|076|1629|Urbano|32
52104|San Francisco|Barrio|San Mateo Atenco|México|San Mateo Atenco|52101|15|52101|02|076|1630|Urbano|32
52104|San Juan|Barrio|San Mateo Atenco|México|San Mateo Atenco|52101|15|52101|02|076|1631|Urbano|32
52104|San Miguel|Barrio|San Mateo Atenco|México|San Mateo Atenco|52101|15|52101|02|076|1632|Urbano|32
52104|San Nicolás|Barrio|San Mateo Atenco|México|San Mateo Atenco|52101|15|52101|02|076|1633|Urbano|32
52104|Santa María|Barrio|San Mateo Atenco|México|San Mateo Atenco|52101|15|52101|02|076|1634|Urbano|32
52104|Santiago|Barrio|San Mateo Atenco|México|San Mateo Atenco|52101|15|52101|02|076|1635|Urbano|32
52104|Cuauhtémoc|Fraccionamiento|San Mateo Atenco|México|San Mateo Atenco|52101|15|52101|21|076|7383|Urbano|32
52104|Villas de Metepec San Mateo|Fraccionamiento|San Mateo Atenco|México|San Mateo Atenco|52101|15|52101|21|076|7385|Urbano|32
52104|Rinconada San Carlos|Fraccionamiento|San Mateo Atenco|México|San Mateo Atenco|52101|15|52101|21|076|7387|Urbano|32
52104|Hacienda El Dorado|Fraccionamiento|San Mateo Atenco|México|San Mateo Atenco|52101|15|52101|21|076|7388|Urbano|32
52104|Hacienda El Dorado II|Fraccionamiento|San Mateo Atenco|México|San Mateo Atenco|52101|15|52101|21|076|7389|Urbano|32
52104|Vista Verde|Fraccionamiento|San Mateo Atenco|México|San Mateo Atenco|52101|15|52101|21|076|8524|Urbano|32
52105|Álvaro Obregón|Colonia|San Mateo Atenco|México|San Mateo Atenco|52101|15|52101|09|076|1637|Urbano|32
52105|Buenavista|Colonia|San Mateo Atenco|México|San Mateo Atenco|52101|15|52101|09|076|1638|Urbano|32
52105|La Concepción|Barrio|San Mateo Atenco|México|San Mateo Atenco|52101|15|52101|02|076|1639|Urbano|32
52105|San Isidro|Barrio|San Mateo Atenco|México|San Mateo Atenco|52101|15|52101|02|076|1640|Urbano|32
52105|San Pedro|Barrio|San Mateo Atenco|México|San Mateo Atenco|52101|15|52101|02|076|1641|Urbano|32
52105|Santa Elena|Fraccionamiento|San Mateo Atenco|México|San Mateo Atenco|52101|15|52101|21|076|1642|Urbano|32
52107|Guadalupe|Barrio|San Mateo Atenco|México|San Mateo Atenco|52101|15|52101|02|076|1647|Urbano|32
52107|San Lucas|Barrio|San Mateo Atenco|México|San Mateo Atenco|52101|15|52101|02|076|1648|Urbano|32
52107|Villas de Atenco|Fraccionamiento|San Mateo Atenco|México|San Mateo Atenco|52101|15|52101|21|076|1649|Urbano|32
52107|Olmos|Fraccionamiento|San Mateo Atenco|México|San Mateo Atenco|52101|15|52101|21|076|7384|Urbano|32
52107|San Román|Fraccionamiento|San Mateo Atenco|México|San Mateo Atenco|52101|15|52101|21|076|7386|Urbano|32
52120|Reforma|Colonia|San Mateo Atenco|México|null|52101|15|52101|09|076|1646|Urbano|null
52140|Residencial Campestre Metepec|Fraccionamiento|Metepec|México|Metepec|52141|15|52141|21|054|0002|Rural|08
52140|Casa del Pedregal|Fraccionamiento|Metepec|México|Metepec|52141|15|52141|21|054|0003|Rural|08
52140|Quinta del Sol|Condominio|Metepec|México|Metepec|52141|15|52141|10|054|0020|Urbano|08
52140|Residencial Los Cerezos|Condominio|Metepec|México|Metepec|52141|15|52141|10|054|0021|Urbano|08
52140|Arcos del Prado|Condominio|Metepec|México|Metepec|52141|15|52141|10|054|0034|Rural|08
52140|Villas Dulces|Condominio|Metepec|México|Metepec|52141|15|52141|10|054|0036|Urbano|08
52140|El Mural|Condominio|Metepec|México|Metepec|52141|15|52141|10|054|0037|Urbano|08
52140|Grand Regina Residencial|Condominio|Metepec|México|Metepec|52141|15|52141|10|054|0038|Urbano|08
52140|El Campanario|Condominio|Metepec|México|Metepec|52141|15|52141|10|054|1650|Urbano|08
52140|Guerrero|Condominio|Metepec|México|Metepec|52141|15|52141|10|054|1653|Urbano|08
52140|La Herradura III|Fraccionamiento|Metepec|México|Metepec|52141|15|52141|21|054|1654|Urbano|08
52140|Los Morillos|Fraccionamiento|Metepec|México|Metepec|52141|15|52141|21|054|1656|Urbano|08
52140|Los Santos|Condominio|Metepec|México|Metepec|52141|15|52141|10|054|1657|Urbano|08
52140|Los Sauces II|Condominio|Metepec|México|Metepec|52141|15|52141|10|054|1659|Urbano|08
52140|Mayorazgo|Unidad habitacional|Metepec|México|Metepec|52141|15|52141|31|054|1660|Urbano|08
52140|Metepec Centro|Colonia|Metepec|México|Metepec|52141|15|52141|09|054|1662|Urbano|08
52140|Puerta de Hierro|Condominio|Metepec|México|Metepec|52141|15|52141|10|054|1664|Urbano|08
52140|San Agustín|Condominio|Metepec|México|Metepec|52141|15|52141|10|054|1672|Urbano|08
52140|San Lorenzo Coacalco (San Lorenzo)|Pueblo|Metepec|México|Metepec|52141|15|52141|28|054|1674|Urbano|08
52140|San Mateo|Barrio|Metepec|México|Metepec|52141|15|52141|02|054|1675|Urbano|08
52140|San Miguel|Barrio|Metepec|México|Metepec|52141|15|52141|02|054|1676|Urbano|08
52140|Santa Cruz|Barrio|Metepec|México|Metepec|52141|15|52141|02|054|1678|Urbano|08
52140|Santa Teresa|Fraccionamiento|Metepec|México|Metepec|52141|15|52141|21|054|1679|Urbano|08
52140|Villas Amozoc|Fraccionamiento|Metepec|México|Metepec|52141|15|52141|21|054|1680|Urbano|08
52140|Los Robles|Condominio|Metepec|México|Metepec|52141|15|52141|10|054|1709|Urbano|08
52140|La Herradura I|Condominio|Metepec|México|Metepec|52141|15|52141|10|054|1725|Urbano|08
52140|Residencial Alborada|Condominio|Metepec|México|Metepec|52141|15|52141|10|054|1726|Urbano|08
52140|Espíritu Santo|Barrio|Metepec|México|Metepec|52141|15|52141|02|054|5088|Urbano|08
52140|Santiaguito|Barrio|Metepec|México|Metepec|52141|15|52141|02|054|5094|Urbano|08
52140|Coaxustenco|Barrio|Metepec|México|Metepec|52141|15|52141|02|054|5167|Urbano|08
52140|Villas del Sol|Condominio|Metepec|México|Metepec|52141|15|52141|10|054|5509|Urbano|08
52140|Quintas las Manzanas|Fraccionamiento|Metepec|México|Metepec|52141|15|52141|21|054|8089|Urbano|08
52140|Villa Romana|Fraccionamiento|Metepec|México|Metepec|52141|15|52141|21|054|8259|Urbano|08
52140|Maple|Condominio|Metepec|México|Metepec|52141|15|52141|10|054|9271|Urbano|08
52140|Rincón Viejo|Fraccionamiento|Metepec|México|Metepec|52141|15|52141|21|054|9522|Urbano|08
52143|De la Asunción|Barrio|Metepec|México|Metepec|52141|15|52141|02|054|0008|Rural|08
52143|San Miguel Totocuitlapilco|Pueblo|Metepec|México|Metepec|52141|15|52141|28|054|1685|Urbano|08
52144|Condado del Valle|Fraccionamiento|Metepec|México|Metepec|52141|15|52141|21|054|0005|Rural|08
52144|Agrícola Álvaro Obregón|Colonia|Metepec|México|Metepec|52141|15|52141|09|054|1687|Rural|08
52144|Residencial Foresta|Fraccionamiento|Metepec|México|Metepec|52141|15|52141|21|054|8938|Rural|08
52145|San Lucas Tunco|Pueblo|Metepec|México|Metepec|52141|15|52141|28|054|1691|Urbano|08
52146|San Sebastián|Pueblo|Metepec|México|Metepec|52141|15|52141|28|054|1692|Urbano|08
52147|San Gaspar Tlahuelilpan|Pueblo|Metepec|México|Metepec|52141|15|52141|28|054|1693|Urbano|08
52148|Hacienda San Antonio|Fraccionamiento|Metepec|México|Metepec|52141|15|52141|21|054|0004|Rural|08
52148|Finca Real|Fraccionamiento|Metepec|México|Metepec|52141|15|52141|21|054|0006|Rural|08
52148|Los Sauces|Condominio|Metepec|México|Metepec|52141|15|52141|10|054|1658|Rural|08
52148|Agrícola Lázaro Cárdenas|Colonia|Metepec|México|Metepec|52141|15|52141|09|054|1695|Urbano|08
52148|Llano Grande (El Salitre)|Colonia|Metepec|México|Metepec|52141|15|52141|09|054|5093|Rural|08
52149|Residencial La Loma|Condominio|Metepec|México|Metepec|52141|15|52141|10|054|0023|Urbano|08
52149|Los Álamos|Fraccionamiento|Metepec|México|Metepec|52141|15|52141|21|054|1701|Urbano|08
52149|Andrés Molina Enríquez|Unidad habitacional|Metepec|México|Metepec|52141|15|52141|31|054|1703|Urbano|08
52149|La Virgen|Fraccionamiento|Metepec|México|Metepec|52141|15|52141|21|054|1706|Urbano|08
52149|Las Mitras|Condominio|Metepec|México|Metepec|52141|15|52141|10|054|1707|Urbano|08
52149|Lomas de San Isidro|Condominio|Metepec|México|Metepec|52141|15|52141|10|054|1708|Urbano|08
52149|Hacienda del Bosque|Condominio|Metepec|México|Metepec|52141|15|52141|10|054|1711|Urbano|08
52149|Rincón de San Isidro|Condominio|Metepec|México|Metepec|52141|15|52141|10|054|1714|Urbano|08
52149|San Isidro Residencial|Fraccionamiento|Metepec|México|Metepec|52141|15|52141|21|054|1715|Urbano|08
52149|San José La Pilita|Colonia|Metepec|México|Metepec|52141|15|52141|09|054|1716|Urbano|08
52149|Valle del Cristal|Condominio|Metepec|México|Metepec|52141|15|52141|10|054|1718|Urbano|08
52149|Villas San Agustín|Fraccionamiento|Metepec|México|Metepec|52141|15|52141|21|054|1719|Urbano|08
52149|Los Vitrales|Condominio|Metepec|México|Metepec|52141|15|52141|10|054|8090|Urbano|08
52149|Villas Magdalena|Condominio|Metepec|México|Metepec|52141|15|52141|10|054|8119|Urbano|08
52149|Villas Dante|Fraccionamiento|Metepec|México|Metepec|52141|15|52141|21|054|8481|Urbano|08
52149|Las Magnolias|Condominio|Metepec|México|Metepec|52141|15|52141|10|054|8509|Urbano|08
52150|El Manantial|Fraccionamiento|Metepec|México|Metepec|52141|15|52141|21|054|0001|Urbano|08
52150|Residencial Balmoral|Fraccionamiento|Metepec|México|Metepec|52141|15|52141|21|054|1721|Urbano|08
52150|Solar|Condominio|Metepec|México|Metepec|52141|15|52141|10|054|1723|Urbano|08
52150|La Joya|Condominio|Metepec|México|Metepec|52141|15|52141|10|054|1727|Urbano|08
52150|San Ángel|Condominio|Metepec|México|Metepec|52141|15|52141|10|054|1728|Urbano|08
52150|Villa Dorada|Fraccionamiento|Metepec|México|Metepec|52141|15|52141|21|054|1729|Urbano|08
52150|Villas Chapultepec|Condominio|Metepec|México|Metepec|52141|15|52141|10|054|1730|Urbano|08
52150|Villas Esperanza|Fraccionamiento|Metepec|México|Metepec|52141|15|52141|21|054|1731|Urbano|08
52150|Villas II Residencial|Fraccionamiento|Metepec|México|Metepec|52141|15|52141|21|054|1732|Urbano|08
52150|Villas III|Fraccionamiento|Metepec|México|Metepec|52141|15|52141|21|054|1733|Urbano|08
52150|Villas Kent Secc Sauces|Fraccionamiento|Metepec|México|Metepec|52141|15|52141|21|054|1734|Urbano|08
52150|Casa Magna|Colonia|Metepec|México|Metepec|52141|15|52141|09|054|5524|Urbano|08
52150|El Castaño|Fraccionamiento|Metepec|México|Metepec|52141|15|52141|21|054|8056|Urbano|08
52150|La Antigua|Condominio|Metepec|México|Metepec|52141|15|52141|10|054|8091|Urbano|08
52150|Loma Real|Condominio|Metepec|México|Metepec|52141|15|52141|10|054|8092|Urbano|08
52154|Los Cedros|Fraccionamiento|Metepec|México|Metepec|52141|15|52141|21|054|1741|Urbano|08
52154|Villas Estefanía|Condominio|Metepec|México|Metepec|52141|15|52141|10|054|1743|Urbano|08
52154|Real de Arcos|Condominio|Metepec|México|Metepec|52141|15|52141|10|054|5511|Urbano|08
52155|Virreyes|Condominio|Metepec|México|Metepec|52141|15|52141|10|054|1748|Urbano|08
52156|Chopos|Condominio|Metepec|México|Metepec|52141|15|52141|10|054|0018|Urbano|08
52156|Olmos|Condominio|Metepec|México|Metepec|52141|15|52141|10|054|0027|Urbano|08
52156|Los Girasoles|Condominio|Metepec|México|Metepec|52141|15|52141|10|054|1746|Urbano|08
52156|El Portón I, II, III|Condominio|Metepec|México|Metepec|52141|15|52141|10|054|1749|Urbano|08
52156|Hípico|Fraccionamiento|Metepec|México|Metepec|52141|15|52141|21|054|1752|Urbano|08
52156|Villas Metepec|Condominio|Metepec|México|Metepec|52141|15|52141|10|054|1754|Urbano|08
52156|El Hipico|Colonia|Metepec|México|Metepec|52141|15|52141|09|054|8093|Urbano|08
52157|El Rodeo|Colonia|Metepec|México|Metepec|52141|15|52141|09|054|1756|Urbano|08
52157|Las Haciendas|Fraccionamiento|Metepec|México|Metepec|52141|15|52141|21|054|1758|Urbano|08
52158|Los Fresnos|Condominio|Metepec|México|Metepec|52141|15|52141|10|054|1761|Urbano|08
52158|Plazuelas de San Francisco|Condominio|Metepec|México|Metepec|52141|15|52141|10|054|1762|Urbano|08
52158|Rincón de San Gabriel|Condominio|Metepec|México|Metepec|52141|15|52141|10|054|1763|Urbano|08
52158|Rinconada San Carlos|Fraccionamiento|Metepec|México|Metepec|52141|15|52141|21|054|1764|Urbano|08
52158|San Francisco Coaxusco|Pueblo|Metepec|México|Metepec|52141|15|52141|28|054|1765|Urbano|08
52158|San Marino|Fraccionamiento|Metepec|México|Metepec|52141|15|52141|21|054|5674|Urbano|08
52159|Residencial Country Club|Fraccionamiento|Metepec|México|Metepec|52141|15|52141|21|054|1770|Urbano|08
52159|Fortanet|Fraccionamiento|Metepec|México|Metepec|52141|15|52141|21|054|1771|Urbano|08
52159|San Carlos|Fraccionamiento|Metepec|México|Metepec|52141|15|52141|21|054|1774|Urbano|08
52159|San Gabriel|Condominio|Metepec|México|Metepec|52141|15|52141|10|054|1775|Urbano|08
52160|El Arenal|Colonia|Metepec|México|Metepec|52141|15|52141|09|054|0007|Rural|08
52160|San Bartolomé Tlaltelulco|Pueblo|Metepec|México|Metepec|52141|15|52141|28|054|1778|Urbano|08
52160|Santiaguito|Barrio|Metepec|México|Metepec|52141|15|52141|02|054|1780|Urbano|08
52160|Urbano Bonanza|Conjunto habitacional|Metepec|México|Metepec|52141|15|52141|12|054|8088|Urbano|08
52161|Santa María Magdalena Ocotitlán|Pueblo|Metepec|México|Metepec|52141|15|52141|28|054|1781|Urbano|08
52164|San Jorge Pueblo Nuevo|Pueblo|Metepec|México|Metepec|52141|15|52141|28|054|1785|Urbano|08
52164|Unión|Colonia|Metepec|México|Metepec|52141|15|52141|09|054|5092|Urbano|08
52164|Casa del Valle|Fraccionamiento|Metepec|México|Metepec|52141|15|52141|21|054|9273|Urbano|08
52164|Residencial Las Palmas|Fraccionamiento|Metepec|México|Metepec|52141|15|52141|21|054|9531|Urbano|08
52165|Girona Residencial|Fraccionamiento|Metepec|México|Metepec|52141|15|52141|21|054|0035|Urbano|08
52165|Las Margaritas|Fraccionamiento|Metepec|México|Metepec|52141|15|52141|21|054|1786|Urbano|08
52165|Agripín García Estrada|Unidad habitacional|Metepec|México|Metepec|52141|15|52141|31|054|1788|Urbano|08
52165|Santa Cruz Ocotitlán|Barrio|Metepec|México|Metepec|52141|15|52141|02|054|8186|Urbano|08
52166|Dr. Jorge Jiménez Cantú|Colonia|Metepec|México|Metepec|52141|15|52141|09|054|1789|Urbano|08
52166|La Michoacana|Colonia|Metepec|México|Metepec|52141|15|52141|09|054|1790|Urbano|08
52166|Luisa Isabel Campos de Jiménez Cantú|Colonia|Metepec|México|Metepec|52141|15|52141|09|054|1791|Urbano|08
52167|Alteza Residencial Metepec|Condominio|Metepec|México|Metepec|52141|15|52141|10|054|0014|Urbano|08
52167|Bosques San Juan|Condominio|Metepec|México|Metepec|52141|15|52141|10|054|1793|Urbano|08
52167|Isidro Fabela|Unidad habitacional|Metepec|México|Metepec|52141|15|52141|31|054|1796|Urbano|08
52167|Jesús Jiménez Gallardo|Fraccionamiento|Metepec|México|Metepec|52141|15|52141|21|054|1797|Urbano|08
52167|Residencial Las Américas|Fraccionamiento|Metepec|México|Metepec|52141|15|52141|21|054|1798|Urbano|08
52167|El Ciprés|Condominio|Metepec|México|Metepec|52141|15|52141|10|054|1799|Urbano|08
52167|Villas San Gregorio|Condominio|Metepec|México|Metepec|52141|15|52141|10|054|1801|Urbano|08
52167|Municipal|Colonia|Metepec|México|Metepec|52141|15|52141|09|054|1805|Urbano|08
52167|Las Jaras|Colonia|Metepec|México|Metepec|52141|15|52141|09|054|5114|Urbano|08
52167|Estoril|Condominio|Metepec|México|Metepec|52141|15|52141|10|054|8094|Urbano|08
52167|Juan Fernández Albarrán|Condominio|Metepec|México|Metepec|52141|15|52141|10|054|8095|Urbano|08
52168|Residencial Veranda|Condominio|Metepec|México|Metepec|52141|15|52141|10|054|0012|Urbano|08
52168|Prados de Ceboruco|Condominio|Metepec|México|Metepec|52141|15|52141|10|054|0013|Urbano|08
52168|Solidaridad de los Electricistas|Colonia|Metepec|México|Metepec|52141|15|52141|09|054|1807|Urbano|08
52168|Villas Alteza|Fraccionamiento|Metepec|México|Metepec|52141|15|52141|21|054|1809|Urbano|08
52168|Valle de San Javier|Condominio|Metepec|México|Metepec|52141|15|52141|10|054|8118|Urbano|08
52169|Juan Fernández Albarrán|Fraccionamiento|Metepec|México|Metepec|52141|15|52141|21|054|1810|Urbano|08
52169|Las Glorias|Condominio|Metepec|México|Metepec|52141|15|52141|10|054|1812|Urbano|08
52169|Los Nogales|Condominio|Metepec|México|Metepec|52141|15|52141|10|054|1813|Urbano|08
52169|Purísima|Colonia|Metepec|México|Metepec|52141|15|52141|09|054|1814|Urbano|08
52169|Real de San Javier|Fraccionamiento|Metepec|México|Metepec|52141|15|52141|21|054|1815|Urbano|08
52169|Xinantécatl|Fraccionamiento|Metepec|México|Metepec|52141|15|52141|21|054|1816|Urbano|08
52170|El Nogal|Condominio|Metepec|México|Metepec|52141|15|52141|10|054|0019|Urbano|08
52170|Puerta del Sol|Condominio|Metepec|México|Metepec|52141|15|52141|10|054|0029|Urbano|08
52170|El Carmen|Condominio|Metepec|México|Metepec|52141|15|52141|10|054|1817|Urbano|08
52170|Real de San Jerónimo|Fraccionamiento|Metepec|México|Metepec|52141|15|52141|21|054|1818|Urbano|08
52170|San José|Condominio|Metepec|México|Metepec|52141|15|52141|10|054|1819|Urbano|08
52170|San Jerónimo|Condominio|Metepec|México|Metepec|52141|15|52141|10|054|1822|Urbano|08
52170|San Jerónimo Chicahualco|Pueblo|Metepec|México|Metepec|52141|15|52141|28|054|1823|Urbano|08
52170|Rinconada San Jerónimo|Condominio|Metepec|México|Metepec|52141|15|52141|10|054|5522|Urbano|08
52170|Quintas de San Jerónimo|Condominio|Metepec|México|Metepec|52141|15|52141|10|054|8086|Urbano|08
52170|Los Arboles I|Condominio|Metepec|México|Metepec|52141|15|52141|10|054|8232|Urbano|08
52170|Los Arboles II|Condominio|Metepec|México|Metepec|52141|15|52141|10|054|8233|Urbano|08
52172|Amarena Residencial|Condominio|Metepec|México|Metepec|52141|15|52141|10|054|0009|Urbano|08
52172|Residencial Aria|Condominio|Metepec|México|Metepec|52141|15|52141|10|054|0010|Urbano|08
52172|El Baldaquin Residencial|Condominio|Metepec|México|Metepec|52141|15|52141|10|054|0011|Urbano|08
52172|Quinta Las Azaleas|Condominio|Metepec|México|Metepec|52141|15|52141|10|054|0015|Urbano|08
52172|San Miguel Regla|Condominio|Metepec|México|Metepec|52141|15|52141|10|054|0016|Urbano|08
52172|Bellavista|Condominio|Metepec|México|Metepec|52141|15|52141|10|054|0017|Urbano|08
52172|Ibiza Residencial|Condominio|Metepec|México|Metepec|52141|15|52141|10|054|0022|Urbano|08
52172|Los Almendros|Condominio|Metepec|México|Metepec|52141|15|52141|10|054|0026|Urbano|08
52172|Portofino Royal Country Club|Fraccionamiento|Metepec|México|Metepec|52141|15|52141|21|054|0028|Urbano|08
52172|Rancho El Silencio|Condominio|Metepec|México|Metepec|52141|15|52141|10|054|0030|Urbano|08
52172|Lomas de la Asunción|Condominio|Metepec|México|Metepec|52141|15|52141|10|054|0031|Urbano|08
52172|Residencial Bosques de Ciruelos|Condominio|Metepec|México|Metepec|52141|15|52141|10|054|0032|Urbano|08
52172|Bosques de la Asunción|Condominio|Metepec|México|Metepec|52141|15|52141|10|054|0033|Urbano|08
52172|Casa Real|Condominio|Metepec|México|Metepec|52141|15|52141|10|054|1722|Urbano|08
52172|Residencial La Joya Diamante|Condominio|Metepec|México|Metepec|52141|15|52141|10|054|1772|Urbano|08
52172|Alsacia|Fraccionamiento|Metepec|México|Metepec|52141|15|52141|21|054|1824|Urbano|08
52172|Aquitania|Condominio|Metepec|México|Metepec|52141|15|52141|10|054|1825|Urbano|08
52172|Residencial San Salvador|Condominio|Metepec|México|Metepec|52141|15|52141|10|054|1826|Urbano|08
52172|Explanada del Parque|Fraccionamiento|Metepec|México|Metepec|52141|15|52141|21|054|1827|Urbano|08
52172|Villas Kent Sección Guadalupe|Condominio|Metepec|México|Metepec|52141|15|52141|10|054|1829|Urbano|08
52172|ISSEMYM la Providencia|Condominio|Metepec|México|Metepec|52141|15|52141|10|054|1831|Urbano|08
52172|Real de Azaleas II|Condominio|Metepec|México|Metepec|52141|15|52141|10|054|1832|Urbano|08
52172|Real de Azaleas I|Condominio|Metepec|México|Metepec|52141|15|52141|10|054|1833|Urbano|08
52172|Lorena|Fraccionamiento|Metepec|México|Metepec|52141|15|52141|21|054|1834|Urbano|08
52172|Los Sauces|Condominio|Metepec|México|Metepec|52141|15|52141|10|054|1835|Urbano|08
52172|Paseo Normandía|Condominio|Metepec|México|Metepec|52141|15|52141|10|054|1836|Urbano|08
52172|La Asunción|Fraccionamiento|Metepec|México|Metepec|52141|15|52141|21|054|1837|Urbano|08
52172|El Pueblito|Condominio|Metepec|México|Metepec|52141|15|52141|10|054|1838|Urbano|08
52172|Rancho San Lucas|Fraccionamiento|Metepec|México|Metepec|52141|15|52141|21|054|1840|Urbano|08
52172|Rinconada San Luis|Condominio|Metepec|México|Metepec|52141|15|52141|10|054|1841|Urbano|08
52172|San Salvador Tizatlalli|Pueblo|Metepec|México|Metepec|52141|15|52141|28|054|1843|Urbano|08
52172|Sur de La Hacienda|Condominio|Metepec|México|Metepec|52141|15|52141|10|054|1844|Urbano|08
52172|Esperanza López Mateos|Unidad habitacional|Metepec|México|Metepec|52141|15|52141|31|054|1845|Urbano|08
52172|Villas Kent Sección el Nevado|Condominio|Metepec|México|Metepec|52141|15|52141|10|054|1846|Urbano|08
52172|Villas Santa Teresa|Condominio|Metepec|México|Metepec|52141|15|52141|10|054|1848|Urbano|08
52172|Villas Tizatlalli|Condominio|Metepec|México|Metepec|52141|15|52141|10|054|1849|Urbano|08
52172|Agrícola Francisco I. Madero|Colonia|Metepec|México|Metepec|52141|15|52141|09|054|5090|Urbano|08
52172|Bellavista|Colonia|Metepec|México|Metepec|52141|15|52141|09|054|5510|Urbano|08
52172|Santa Cecilia|Condominio|Metepec|México|Metepec|52141|15|52141|10|054|5676|Urbano|08
52172|Estrella|Condominio|Metepec|México|Metepec|52141|15|52141|10|054|5679|Urbano|08
52172|Galápagos|Condominio|Metepec|México|Metepec|52141|15|52141|10|054|5682|Urbano|08
52172|Real de Azaleas III|Fraccionamiento|Metepec|México|Metepec|52141|15|52141|21|054|5683|Urbano|08
52172|San Antonio Regla|Condominio|Metepec|México|Metepec|52141|15|52141|10|054|5684|Urbano|08
52172|Santa María Regla|Condominio|Metepec|México|Metepec|52141|15|52141|10|054|5686|Urbano|08
52172|Hábitat Metepec|Condominio|Metepec|México|Metepec|52141|15|52141|10|054|6586|Urbano|08
52172|Árbol de la Vida|Colonia|Metepec|México|Metepec|52141|15|52141|09|054|8096|Urbano|08
52172|Paseo Santa Elena|Condominio|Metepec|México|Metepec|52141|15|52141|10|054|8097|Urbano|08
52172|Santa Rita|Condominio|Metepec|México|Metepec|52141|15|52141|10|054|8098|Urbano|08
52172|Villas Los Arrayanes|Condominio|Metepec|México|Metepec|52141|15|52141|10|054|8099|Urbano|08
52172|San Miguel|Condominio|Metepec|México|Metepec|52141|15|52141|10|054|8102|Urbano|08
52172|El Pirul|Condominio|Metepec|México|Metepec|52141|15|52141|10|054|8113|Urbano|08
52172|La Capilla|Condominio|Metepec|México|Metepec|52141|15|52141|10|054|8114|Urbano|08
52172|Los Cisnes|Condominio|Metepec|México|Metepec|52141|15|52141|10|054|8115|Urbano|08
52172|Real de Azaleas|Condominio|Metepec|México|Metepec|52141|15|52141|10|054|8116|Urbano|08
52172|Misión Viejo|Fraccionamiento|Metepec|México|Metepec|52141|15|52141|21|054|8485|Urbano|08
52172|Palma Real|Fraccionamiento|Metepec|México|Metepec|52141|15|52141|21|054|8499|Urbano|08
52172|La Concordia|Condominio|Metepec|México|Metepec|52141|15|52141|10|054|8502|Urbano|08
52172|Altavista|Fraccionamiento|Metepec|México|Metepec|52141|15|52141|21|054|8894|Urbano|08
52172|Haciendas de Guadalupe|Fraccionamiento|Metepec|México|Metepec|52141|15|52141|21|054|9548|Urbano|08
52175|Casa Blanca|Colonia|Metepec|México|Metepec|52141|15|52141|09|054|1850|Urbano|08
52175|Los Arcos|Condominio|Metepec|México|Metepec|52141|15|52141|10|054|1853|Urbano|08
52175|La Noria|Fraccionamiento|Metepec|México|Metepec|52141|15|52141|21|054|5675|Urbano|08
52175|Renacimiento|Condominio|Metepec|México|Metepec|52141|15|52141|10|054|8103|Urbano|08
52175|Villas Casa Blanca|Condominio|Metepec|México|Metepec|52141|15|52141|10|054|8104|Urbano|08
52176|Arboledas I|Condominio|Metepec|México|Metepec|52141|15|52141|10|054|1739|Urbano|08
52176|Izcalli Cuauhtémoc I|Fraccionamiento|Metepec|México|Metepec|52141|15|52141|21|054|1856|Urbano|08
52176|Izcalli Cuauhtémoc II|Fraccionamiento|Metepec|México|Metepec|52141|15|52141|21|054|1857|Urbano|08
52176|Izcalli Cuauhtémoc III|Fraccionamiento|Metepec|México|Metepec|52141|15|52141|21|054|1858|Urbano|08
52176|Izcalli Cuauhtémoc IV|Fraccionamiento|Metepec|México|Metepec|52141|15|52141|21|054|1859|Urbano|08
52176|Izcalli Cuauhtémoc V|Fraccionamiento|Metepec|México|Metepec|52141|15|52141|21|054|1860|Urbano|08
52176|Izcalli Cuauhtémoc VI|Fraccionamiento|Metepec|México|Metepec|52141|15|52141|21|054|1861|Urbano|08
52176|Las Marinas|Fraccionamiento|Metepec|México|Metepec|52141|15|52141|21|054|1862|Urbano|08
52176|La Campesina|Colonia|Metepec|México|Metepec|52141|15|52141|09|054|8105|Urbano|08
52176|Rancho San Francisco|Fraccionamiento|Metepec|México|Metepec|52141|15|52141|21|054|8106|Urbano|08
52177|Residencial La Providencia|Fraccionamiento|Metepec|México|Metepec|52141|15|52141|21|054|0024|Urbano|08
52177|Las Barcenas Residencial|Condominio|Metepec|México|Metepec|52141|15|52141|10|054|0025|Urbano|08
52177|Campestre del Valle|Condominio|Metepec|México|Metepec|52141|15|52141|10|054|1866|Urbano|08
52177|Residencial Citlalli|Condominio|Metepec|México|Metepec|52141|15|52141|10|054|1867|Urbano|08
52177|La Hortaliza|Unidad habitacional|Metepec|México|Metepec|52141|15|52141|31|054|1868|Urbano|08
52177|La Providencia|Colonia|Metepec|México|Metepec|52141|15|52141|09|054|1869|Urbano|08
52177|Lázaro Cárdenas|Unidad habitacional|Metepec|México|Metepec|52141|15|52141|31|054|1870|Urbano|08
52177|Rancho la Providencia|Fraccionamiento|Metepec|México|Metepec|52141|15|52141|21|054|1871|Urbano|08
52177|Residencial La Gavia|Fraccionamiento|Metepec|México|Metepec|52141|15|52141|21|054|5091|Urbano|08
52177|El Alcázar|Condominio|Metepec|México|Metepec|52141|15|52141|10|054|5523|Urbano|08
52177|Villas Country|Condominio|Metepec|México|Metepec|52141|15|52141|10|054|8101|Urbano|08
52177|Rinconada Mexicana|Condominio|Metepec|México|Metepec|52141|15|52141|10|054|8117|Urbano|08
52178|Campestre del Virrey|Fraccionamiento|Metepec|México|Metepec|52141|15|52141|21|054|1872|Urbano|08
52178|Las Viandas|Fraccionamiento|Metepec|México|Metepec|52141|15|52141|21|054|8257|Urbano|08
52178|Villas Campestre de Metepec|Condominio|Metepec|México|Metepec|52141|15|52141|10|054|9272|Urbano|08
52179|Arboledas II|Condominio|Metepec|México|Metepec|52141|15|52141|10|054|1874|Urbano|08
52179|Los Pilares|Fraccionamiento|Metepec|México|Metepec|52141|15|52141|21|054|1875|Urbano|08
52179|Pilares|Colonia|Metepec|México|Metepec|52141|15|52141|09|054|1878|Urbano|08
52179|Tollocan II|Unidad habitacional|Metepec|México|Metepec|52141|15|52141|31|054|1879|Urbano|08
52179|Arcos I y II|Condominio|Metepec|México|Metepec|52141|15|52141|10|054|8110|Urbano|08
52179|Diamante|Condominio|Metepec|México|Metepec|52141|15|52141|10|054|8111|Urbano|08
52179|El Ensueño|Condominio|Metepec|México|Metepec|52141|15|52141|10|054|8112|Urbano|08
52180|San Mateo Mexicaltzingo Centro|Pueblo|Mexicaltzingo|México|null|52141|15|52141|28|055|1880|Rural|null
52182|San José|Colonia|Mexicaltzingo|México|null|52141|15|52141|09|055|7062|Urbano|null
52182|Tecuanapa|Colonia|Mexicaltzingo|México|null|52141|15|52141|09|055|7063|Urbano|null
52183|Azcapotzalco|Colonia|Mexicaltzingo|México|null|52141|15|52141|09|055|7064|Urbano|null
52183|El Calvario Tepanuaya|Colonia|Mexicaltzingo|México|null|52141|15|52141|09|055|7065|Urbano|null
52185|La Estación|Colonia|Mexicaltzingo|México|null|52141|15|52141|09|055|7067|Urbano|null
52185|Mazachulco|Colonia|Mexicaltzingo|México|null|52141|15|52141|09|055|7071|Rural|null
52189|San Isidro|Colonia|Mexicaltzingo|México|null|52141|15|52141|09|055|1882|Rural|null
52200|Calimaya de Díaz González|Pueblo|Calimaya|México|null|52201|15|52201|28|018|1883|Urbano|null
52200|San Pedro - San Pablo|Barrio|Calimaya|México|null|52201|15|52201|02|018|9435|Urbano|null
52200|San Juan|Barrio|Calimaya|México|null|52201|15|52201|02|018|9441|Urbano|null
52200|Calimaya|Colonia|Calimaya|México|null|52201|15|52201|09|018|9443|Urbano|null
52200|San Martín|Barrio|Calimaya|México|null|52201|15|52201|02|018|9444|Urbano|null
52203|Los Ángeles|Barrio|Calimaya|México|null|52201|15|52201|02|018|9437|Urbano|null
52203|Santa Cecilia|Barrio|Calimaya|México|null|52201|15|52201|02|018|9446|Urbano|null
52203|El Rosario|Barrio|Calimaya|México|null|52201|15|52201|02|018|9447|Urbano|null
52203|Cruz de la Misión|Barrio|Calimaya|México|null|52201|15|52201|02|018|9452|Rural|null
52204|Cruz Verde|Barrio|Calimaya|México|null|52201|15|52201|02|018|9436|Urbano|null
52204|Cruz Blanca|Barrio|Calimaya|México|null|52201|15|52201|02|018|9438|Urbano|null
52204|Guadalupe|Barrio|Calimaya|México|null|52201|15|52201|02|018|9439|Urbano|null
52204|Las Torres|Colonia|Calimaya|México|null|52201|15|52201|09|018|9445|Urbano|null
52205|Sauces|Colonia|Calimaya|México|null|52201|15|52201|09|018|9440|Urbano|null
52205|El Calvario|Barrio|Calimaya|México|null|52201|15|52201|02|018|9442|Rural|null
52210|Zaragoza de Guadalupe|Pueblo|Calimaya|México|null|52201|15|52201|28|018|1886|Rural|null
52210|La Loma|Colonia|Calimaya|México|null|52201|15|52201|09|018|9453|Rural|null
52210|Francisco Villa|Colonia|Calimaya|México|null|52201|15|52201|09|018|9455|Rural|null
52213|San Diego la Huerta|Pueblo|Calimaya|México|null|52201|15|52201|28|018|5169|Rural|null
52215|Las Jarillas|Colonia|Calimaya|México|null|52201|15|52201|09|018|9454|Rural|null
52220|San Andrés Ocotlán|Pueblo|Calimaya|México|null|52201|15|52201|28|018|1889|Urbano|null
52223|San Bartolito Tlaltelolco|Pueblo|Calimaya|México|null|52201|15|52201|28|018|1890|Rural|null
52224|La Concepción Coatipac (La Conchita)|Pueblo|Calimaya|México|null|52201|15|52201|28|018|1892|Rural|null
52224|Santa Cruz Tecuantitlán|Colonia|Calimaya|México|null|52201|15|52201|09|018|5156|Rural|null
52224|Valle del Nevado|Fraccionamiento|Calimaya|México|null|52201|15|52201|21|018|9097|Rural|null
52225|Arboledas (San Andrés)|Colonia|Calimaya|México|null|52201|15|52201|09|018|9460|Rural|null
52226|Bosque de las Fuentes Residencial|Fraccionamiento|Calimaya|México|null|52201|15|52201|21|018|0001|Urbano|null
52226|Residencial Valle de las Fuentes|Fraccionamiento|Calimaya|México|null|52201|15|52201|21|018|0003|Rural|null
52226|Villas de San Fernando|Fraccionamiento|Calimaya|México|null|52201|15|52201|21|018|0004|Urbano|null
52226|Residencial Rancho el Mesón|Fraccionamiento|Calimaya|México|null|52201|15|52201|21|018|9457|Urbano|null
52226|Vistahermosa (Rancho los Jardines)|Ranchería|Calimaya|México|null|52201|15|52201|29|018|9458|Rural|null
52227|Lomas Virreyes|Fraccionamiento|Calimaya|México|null|52201|15|52201|21|018|0002|Rural|null
52227|Villas del Campo|Fraccionamiento|Calimaya|México|null|52201|15|52201|21|018|8059|Urbano|null
52227|Hacienda de las Fuentes|Fraccionamiento|Calimaya|México|null|52201|15|52201|21|018|9512|Rural|null
52230|Santa María Nativitas|Pueblo|Calimaya|México|null|52201|15|52201|28|018|1888|Urbano|null
52230|La Aurora II|Fraccionamiento|Calimaya|México|null|52201|15|52201|21|018|9448|Urbano|null
52230|Residencial Santa María|Fraccionamiento|Calimaya|México|null|52201|15|52201|21|018|9449|Urbano|null
52233|San Lorenzo Cuauhtenco|Pueblo|Calimaya|México|null|52201|15|52201|28|018|1891|Urbano|null
52233|La Guadalupana|Barrio|Calimaya|México|null|52201|15|52201|02|018|9451|Urbano|null
52234|San Marcos de la Cruz|Pueblo|Calimaya|México|null|52201|15|52201|28|018|1885|Rural|null
52235|San Cristóbal|Ranchería|Calimaya|México|null|52201|15|52201|29|018|9459|Rural|null
52235|El Arenal|Colonia|Calimaya|México|null|52201|15|52201|09|018|9461|Rural|null
52236|El Tarimoro|Colonia|Calimaya|México|null|52201|15|52201|09|018|9456|Rural|null
52240|Chapultepec|Pueblo|Chapultepec|México|null|52241|15|52241|28|027|1893|Urbano|null
52240|El Calvario|Colonia|Chapultepec|México|null|52241|15|52241|09|027|8663|Rural|null
52243|Las Américas|Colonia|Chapultepec|México|null|52241|15|52241|09|027|7059|Urbano|null
52243|Del Campesino|Colonia|Chapultepec|México|null|52241|15|52241|09|027|7060|Urbano|null
52244|Ejido de Chapultepec (Paraje las Viejitas)|Colonia|Chapultepec|México|null|52241|15|52241|09|027|0001|Rural|null
52244|Santa Teresa|Unidad habitacional|Chapultepec|México|null|52241|15|52241|31|027|7058|Urbano|null
52250|La Presa (Ejido de Chapultepec)|Colonia|Chapultepec|México|null|52241|15|52241|09|027|8661|Rural|null
52250|San Isidro|Colonia|Chapultepec|México|null|52241|15|52241|09|027|8662|Rural|null
52254|Los Ciruelos  (Rancho el Iris)|Ranchería|Chapultepec|México|null|52241|15|52241|29|027|8664|Rural|null
52254|Vista Hermosa (Rancho el Huevito)|Ranchería|Chapultepec|México|null|52241|15|52241|29|027|8665|Rural|null
52280|Villas del Sauce|Fraccionamiento|San Antonio la Isla|México|null|52281|15|52281|21|073|0001|Urbano|null
52280|Parque Agroindustrial San Antonio la Isla|Zona industrial|San Antonio la Isla|México|null|52281|15|52281|37|073|0002|Rural|null
52280|San Antonio la Isla|Pueblo|San Antonio la Isla|México|null|52281|15|52281|28|073|1895|Urbano|null
52280|San Lucas Tepemajalco|Pueblo|San Antonio la Isla|México|null|52281|15|52281|28|073|1896|Urbano|null
52280|Cuauhtémoc|Colonia|San Antonio la Isla|México|null|52281|15|52281|09|073|8578|Rural|null
52282|Ex Rancho San Dimas|Fraccionamiento|San Antonio la Isla|México|null|52281|15|52281|21|073|7056|Urbano|null
52286|San Antonio|Ranchería|San Antonio la Isla|México|null|52281|15|52281|29|073|8577|Rural|null
52290|San Agustín|Ranchería|San Antonio la Isla|México|null|52281|15|52281|29|073|8576|Rural|null
52300|Tenango de Arista Centro|Colonia|Tenango del Valle|México|null|52301|15|52301|09|090|1901|Urbano|null
52300|San Isidro|Colonia|Tenango del Valle|México|null|52301|15|52301|09|090|8156|Urbano|null
52300|Tenango de Arista|Colonia|Tenango del Valle|México|null|52301|15|52301|09|090|9428|Urbano|null
52303|León Guzmán|Colonia|Tenango del Valle|México|null|52301|15|52301|09|090|8513|Urbano|null
52303|De Valle|Colonia|Tenango del Valle|México|null|52301|15|52301|09|090|8963|Urbano|null
52303|Parque Industrial|Colonia|Tenango del Valle|México|null|52301|15|52301|09|090|9023|Urbano|null
52303|Ojo de Agua|Colonia|Tenango del Valle|México|null|52301|15|52301|09|090|9024|Urbano|null
52303|Santa Martha|Colonia|Tenango del Valle|México|null|52301|15|52301|09|090|9025|Urbano|null
52303|Teotenango|Barrio|Tenango del Valle|México|null|52301|15|52301|02|090|9026|Urbano|null
52303|El Carrizal|Barrio|Tenango del Valle|México|null|52301|15|52301|02|090|9027|Urbano|null
52303|Santo Niño de Atocha|Barrio|Tenango del Valle|México|null|52301|15|52301|02|090|9028|Urbano|null
52303|Las Atoleras|Barrio|Tenango del Valle|México|null|52301|15|52301|02|090|9029|Urbano|null
52303|Magisterial|Fraccionamiento|Tenango del Valle|México|null|52301|15|52301|21|090|9032|Urbano|null
52303|Real de Tetela|Fraccionamiento|Tenango del Valle|México|null|52301|15|52301|21|090|9041|Urbano|null
52303|La Soya|Colonia|Tenango del Valle|México|null|52301|15|52301|09|090|9042|Urbano|null
52303|Guadalupe|Colonia|Tenango del Valle|México|null|52301|15|52301|09|090|9043|Urbano|null
52303|Del Bosque|Fraccionamiento|Tenango del Valle|México|null|52301|15|52301|21|090|9044|Urbano|null
52303|Narciso Bassols|Colonia|Tenango del Valle|México|null|52301|15|52301|09|090|9429|Urbano|null
52304|Campesina|Colonia|Tenango del Valle|México|null|52301|15|52301|09|090|8157|Urbano|null
52304|La Estación|Barrio|Tenango del Valle|México|null|52301|15|52301|02|090|9030|Urbano|null
52304|San José|Colonia|Tenango del Valle|México|null|52301|15|52301|09|090|9031|Rural|null
52304|Buenos Aires|Colonia|Tenango del Valle|México|null|52301|15|52301|09|090|9033|Urbano|null
52304|La Tabla|Fraccionamiento|Tenango del Valle|México|null|52301|15|52301|21|090|9039|Urbano|null
52305|San Martín|Colonia|Tenango del Valle|México|null|52301|15|52301|09|090|8204|Urbano|null
52305|Magisterial|Colonia|Tenango del Valle|México|null|52301|15|52301|09|090|8520|Urbano|null
52305|La Joya|Colonia|Tenango del Valle|México|null|52301|15|52301|09|090|8940|Urbano|null
52305|El Festival|Colonia|Tenango del Valle|México|null|52301|15|52301|09|090|9034|Urbano|null
52305|Cruz Verde|Colonia|Tenango del Valle|México|null|52301|15|52301|09|090|9035|Urbano|null
52305|La Aurora|Fraccionamiento|Tenango del Valle|México|null|52301|15|52301|21|090|9036|Urbano|null
52305|Los Cedros|Barrio|Tenango del Valle|México|null|52301|15|52301|02|090|9037|Urbano|null
52305|Tecamicalli|Fraccionamiento|Tenango del Valle|México|null|52301|15|52301|21|090|9038|Urbano|null
52307|El Coloso|Colonia|Tenango del Valle|México|null|52301|15|52301|09|090|6727|Rural|null
52307|Monte Calvario|Colonia|Tenango del Valle|México|null|52301|15|52301|09|090|6728|Rural|null
52310|San Francisco Tetetla|Ranchería|Tenango del Valle|México|null|52301|15|52301|29|090|1898|Rural|null
52315|Santiaguito Cuaxustenco|Pueblo|Tenango del Valle|México|null|52301|15|52301|28|090|1900|Urbano|null
52315|El Paraíso|Fraccionamiento|Tenango del Valle|México|null|52301|15|52301|21|090|8269|Rural|null
52316|El Cerrito (Los Charcos)|Ranchería|Tenango del Valle|México|null|52301|15|52301|29|090|9057|Rural|null
52316|José Herrera (La Deportiva)|Ranchería|Tenango del Valle|México|null|52301|15|52301|29|090|9065|Rural|null
52316|Loma San Joaquín|Ranchería|Tenango del Valle|México|null|52301|15|52301|29|090|9066|Rural|null
52316|La Providencia|Ranchería|Tenango del Valle|México|null|52301|15|52301|29|090|9067|Rural|null
52316|Las Crucecitas|Colonia|Tenango del Valle|México|null|52301|15|52301|09|090|9524|Rural|null
52317|Gómez Tagle|Ranchería|Tenango del Valle|México|null|52301|15|52301|29|090|9059|Rural|null
52320|Santa María Jajalpa|Pueblo|Tenango del Valle|México|null|52301|15|52301|28|090|1905|Urbano|null
52320|La Hacienda de Cuautenango|Ranchería|Tenango del Valle|México|null|52301|15|52301|29|090|9062|Rural|null
52330|San Pedro Zictepec|Pueblo|Tenango del Valle|México|null|52301|15|52301|28|090|1899|Urbano|null
52330|Lázaro Cárdenas|Barrio|Tenango del Valle|México|null|52301|15|52301|02|090|9046|Urbano|null
52330|Cruz Blanca|Colonia|Tenango del Valle|México|null|52301|15|52301|09|090|9061|Rural|null
52333|San Francisco Tepexoxuca|Barrio|Tenango del Valle|México|null|52301|15|52301|02|090|1904|Urbano|null
52333|Los Lavaderos|Barrio|Tenango del Valle|México|null|52301|15|52301|02|090|9047|Rural|null
52334|La Herradura|Colonia|Tenango del Valle|México|null|52301|15|52301|09|090|6726|Rural|null
52336|La Haciendita|Colonia|Tenango del Valle|México|null|52301|15|52301|09|090|9063|Rural|null
52337|La Isleta|Colonia|Tenango del Valle|México|null|52301|15|52301|09|090|9064|Rural|null
52340|San Francisco Putla|Pueblo|Tenango del Valle|México|null|52301|15|52301|28|090|1909|Urbano|null
52340|El Porvenir|Barrio|Tenango del Valle|México|null|52301|15|52301|02|090|9045|Urbano|null
52343|San Isidro|Colonia|Tenango del Valle|México|null|52301|15|52301|09|090|9060|Rural|null
52345|San Miguel Balderas|Pueblo|Tenango del Valle|México|null|52301|15|52301|28|090|1906|Urbano|null
52346|Santa Cruz Pueblo Nuevo|Ranchería|Tenango del Valle|México|null|52301|15|52301|29|090|1907|Rural|null
52346|Loma Rancho Juan Méndez|Ranchería|Tenango del Valle|México|null|52301|15|52301|29|090|9049|Rural|null
52347|San Juan Tepehuizco|Colonia|Tenango del Valle|México|null|52301|15|52301|09|090|9069|Rural|null
52350|San Bartolomé Atlatlahuca|Pueblo|Tenango del Valle|México|null|52301|15|52301|28|090|1910|Urbano|null
52353|El Guarda|Ranchería|Tenango del Valle|México|null|52301|15|52301|29|090|9051|Rural|null
52353|Acatzingo|Colonia|Tenango del Valle|México|null|52301|15|52301|09|090|9052|Rural|null
52353|Los Cedros|Barrio|Tenango del Valle|México|null|52301|15|52301|02|090|9055|Rural|null
52353|La Cooperativa|Colonia|Tenango del Valle|México|null|52301|15|52301|09|090|9058|Rural|null
52354|Las Minas|Colonia|Tenango del Valle|México|null|52301|15|52301|09|090|9056|Rural|null
52355|San Pedro Tlanixco|Pueblo|Tenango del Valle|México|null|52301|15|52301|28|090|1908|Urbano|null
52355|San José (Barranca Mocha)|Colonia|Tenango del Valle|México|null|52301|15|52301|09|090|9048|Rural|null
52355|El Zarzal|Colonia|Tenango del Valle|México|null|52301|15|52301|09|090|9050|Rural|null
52356|La Azteca|Colonia|Tenango del Valle|México|null|52301|15|52301|09|090|6729|Rural|null
52356|San Román|Colonia|Tenango del Valle|México|null|52301|15|52301|09|090|9068|Rural|null
52357|Santa Cecilia|Colonia|Tenango del Valle|México|null|52301|15|52301|09|090|9053|Rural|null
52357|La Loma (Las Ruinas)|Colonia|Tenango del Valle|México|null|52301|15|52301|09|090|9054|Rural|null
52360|Santa María Rayón Centro|Pueblo|Rayón|México|null|52301|15|52301|28|072|1912|Urbano|null
52362|Ignacio López Rayón|Colonia|Rayón|México|null|52301|15|52301|09|072|7662|Rural|null
52362|La Pirámide|Colonia|Rayón|México|null|52301|15|52301|09|072|7663|Urbano|null
52362|Los Cerritos|Ranchería|Rayón|México|null|52301|15|52301|29|072|8712|Rural|null
52363|Guadalupe|Colonia|Rayón|México|null|52301|15|52301|09|072|7665|Urbano|null
52363|De la Cruz|Colonia|Rayón|México|null|52301|15|52301|09|072|7666|Rural|null
52363|Niños Héroes|Colonia|Rayón|México|null|52301|15|52301|09|072|7667|Urbano|null
52363|San Isidro|Colonia|Rayón|México|null|52301|15|52301|09|072|7668|Urbano|null
52364|Santa Isabel|Colonia|Rayón|México|null|52301|15|52301|09|072|7664|Urbano|null
52364|Sanabria|Ranchería|Rayón|México|null|52301|15|52301|29|072|8714|Rural|null
52365|San Juan la Isla|Pueblo|Rayón|México|null|52301|15|52301|28|072|1911|Rural|null
52366|Casa Blanca|Ranchería|Rayón|México|null|52301|15|52301|29|072|0001|Rural|null
52366|La Asunción|Colonia|Rayón|México|null|52301|15|52301|09|072|7669|Urbano|null
52366|San José|Colonia|Rayón|México|null|52301|15|52301|09|072|7670|Urbano|null
52366|La Joya|Colonia|Rayón|México|null|52301|15|52301|09|072|7671|Urbano|null
52367|Ex-Hacienda Santiaguito|Colonia|Rayón|México|null|52301|15|52301|09|072|8711|Rural|null
52370|La Campana|Colonia|Joquicingo|México|null|52441|15|52441|09|049|0001|Rural|null
52370|Joquicingo|Pueblo|Joquicingo|México|null|52441|15|52441|28|049|1915|Urbano|null
52370|Cuarto Barrio|Barrio|Joquicingo|México|null|52441|15|52441|02|049|8058|Urbano|null
52370|Tercer Barrio|Barrio|Joquicingo|México|null|52441|15|52441|02|049|8235|Urbano|null
52370|Segundo Barrio|Barrio|Joquicingo|México|null|52441|15|52441|02|049|8943|Urbano|null
52374|Maxtleca de Galeana|Pueblo|Joquicingo|México|null|52441|15|52441|28|049|1918|Rural|null
52376|El Ojo de Agua|Ranchería|Joquicingo|México|null|52441|15|52441|29|049|7456|Rural|null
52380|San Miguel de Ocampo|Pueblo|Joquicingo|México|null|52441|15|52441|28|049|1919|Rural|null
52387|Las Parcelas|Colonia|Joquicingo|México|null|52441|15|52441|09|049|0002|Rural|null
52387|San Pedro, Cerro las Rosas [La Prepa]|Pueblo|Joquicingo|México|null|52441|15|52441|28|049|1916|Rural|null
52387|Techuchulco de Allende|Pueblo|Joquicingo|México|null|52441|15|52441|28|049|1917|Urbano|null
52390|El Guarda de Guerrero (San José el Guarda)|Pueblo|Joquicingo|México|null|52441|15|52441|28|049|1914|Rural|null
52400|Tenancingo de Degollado Centro|Colonia|Tenancingo|México|null|52401|15|52401|09|088|1930|Urbano|null
52400|ISSEMYM|Colonia|Tenancingo|México|null|52401|15|52401|09|088|5152|Urbano|null
52400|San Pedrito|Colonia|Tenancingo|México|null|52401|15|52401|09|088|8193|Urbano|null
52400|La Barranca|Colonia|Tenancingo|México|null|52401|15|52401|09|088|9608|Urbano|null
52403|Los Shiperes|Colonia|Tenancingo|México|null|52401|15|52401|09|088|5151|Urbano|null
52403|San Isidro|Pueblo|Tenancingo|México|null|52401|15|52401|28|088|6749|Rural|null
52403|El Chiflón|Colonia|Tenancingo|México|null|52401|15|52401|09|088|9687|Urbano|null
52410|San Vicente|Barrio|Tenancingo|México|null|52401|15|52401|02|088|0001|Urbano|null
52410|De Teotla|Barrio|Tenancingo|México|null|52401|15|52401|02|088|0002|Urbano|null
52410|Del Calvario|Colonia|Tenancingo|México|null|52401|15|52401|09|088|0003|Urbano|null
52410|Capilla de Guadalupe|Barrio|Tenancingo|México|null|52401|15|52401|02|088|0004|Urbano|null
52410|El Carrizal|Barrio|Tenancingo|México|null|52401|15|52401|02|088|0005|Urbano|null
52410|Atotonilco|Pueblo|Tenancingo|México|null|52401|15|52401|28|088|6759|Rural|null
52410|Tierra Blanca|Pueblo|Tenancingo|México|null|52401|15|52401|28|088|6762|Rural|null
52410|San Diego|Pueblo|Tenancingo|México|null|52401|15|52401|28|088|7480|Rural|null
52410|Morelos|Colonia|Tenancingo|México|null|52401|15|52401|09|088|7481|Rural|null
52410|Capilla de los Remedios|Colonia|Tenancingo|México|null|52401|15|52401|09|088|9577|Urbano|null
52413|San Antonio Agua Bendita|Pueblo|Tenancingo|México|null|52401|15|52401|28|088|6761|Rural|null
52414|Santa Ana Ixtlahuatzingo (Santa Ana)|Pueblo|Tenancingo|México|null|52401|15|52401|28|088|1929|Urbano|null
52415|La Compuerta|Pueblo|Tenancingo|México|null|52401|15|52401|28|088|6756|Rural|null
52415|La Ocotalera|Pueblo|Tenancingo|México|null|52401|15|52401|28|088|6757|Rural|null
52415|Rinconada de Santa Teresa|Colonia|Tenancingo|México|null|52401|15|52401|09|088|6760|Rural|null
52416|San Martín Coapaxtongo|Pueblo|Tenancingo|México|null|52401|15|52401|28|088|1927|Urbano|null
52416|Francisco Zarco|Pueblo|Tenancingo|México|null|52401|15|52401|28|088|6754|Rural|null
52416|Plan de San Martín|Pueblo|Tenancingo|México|null|52401|15|52401|28|088|7477|Rural|null
52416|Los Morales|Pueblo|Tenancingo|México|null|52401|15|52401|28|088|7478|Rural|null
52416|La Mesita|Colonia|Tenancingo|México|null|52401|15|52401|09|088|7479|Rural|null
52420|Chalchihuapan|Pueblo|Tenancingo|México|null|52401|15|52401|28|088|1921|Rural|null
52420|San Juan Tetitlán|Pueblo|Tenancingo|México|null|52401|15|52401|28|088|1937|Rural|null
52420|Gualupita|Colonia|Tenancingo|México|null|52401|15|52401|09|088|1940|Rural|null
52420|San Ramón|Pueblo|Tenancingo|México|null|52401|15|52401|28|088|6750|Rural|null
52420|San Mateo|Colonia|Tenancingo|México|null|52401|15|52401|09|088|7493|Urbano|null
52420|14 de Marzo|Colonia|Tenancingo|México|null|52401|15|52401|09|088|7494|Urbano|null
52423|San Juan Xochiaca|Pueblo|Tenancingo|México|null|52401|15|52401|28|088|1933|Urbano|null
52423|San Gabriel Zepayautla|Pueblo|Tenancingo|México|null|52401|15|52401|28|088|1934|Rural|null
52424|San Simonito|Pueblo|Tenancingo|México|null|52401|15|52401|28|088|1928|Rural|null
52425|San Miguel Tecomatlán|Pueblo|Tenancingo|México|null|52401|15|52401|28|088|1938|Urbano|null
52425|San Pedro Ejido Tecomatlán|Pueblo|Tenancingo|México|null|52401|15|52401|28|088|6947|Rural|null
52426|Tepoxtepec|Pueblo|Tenancingo|México|null|52401|15|52401|28|088|1932|Rural|null
52427|Guadalupe Victoria|Colonia|Tenancingo|México|null|52401|15|52401|09|088|6755|Rural|null
52427|Santa Cruz Xochiaca|Pueblo|Tenancingo|México|null|52401|15|52401|28|088|7490|Rural|null
52430|Ixpuichiapan|Ejido|Tenancingo|México|null|52401|15|52401|15|088|6752|Rural|null
52430|San José el Cuartel|Colonia|Tenancingo|México|null|52401|15|52401|09|088|7492|Urbano|null
52433|Plan de Guadalupe|Ranchería|Tenancingo|México|null|52401|15|52401|29|088|0007|Rural|null
52433|San José Tenería (Tenería)|Pueblo|Tenancingo|México|null|52401|15|52401|28|088|1926|Rural|null
52433|Cruz Vidriada|Pueblo|Tenancingo|México|null|52401|15|52401|28|088|1939|Rural|null
52433|Ejido de Tenería (El Llano)|Colonia|Tenancingo|México|null|52401|15|52401|09|088|6751|Rural|null
52433|Emiliano Zapata Ejido de Tenancingo|Colonia|Tenancingo|México|null|52401|15|52401|09|088|6753|Rural|null
52433|Valle de Guadalupe|Colonia|Tenancingo|México|null|52401|15|52401|09|088|7488|Rural|null
52434|San José Chalmita|Pueblo|Tenancingo|México|null|52401|15|52401|28|088|1925|Rural|null
52435|Acatzingo (Acatzingo de la Piedra)|Pueblo|Tenancingo|México|null|52401|15|52401|28|088|1920|Rural|null
52435|Ixpuichiapan|Pueblo|Tenancingo|México|null|52401|15|52401|28|088|1923|Rural|null
52435|Tepalcatepec|Pueblo|Tenancingo|México|null|52401|15|52401|28|088|1931|Rural|null
52435|Tepetzingo|Pueblo|Tenancingo|México|null|52401|15|52401|28|088|1936|Rural|null
52435|Quetzalapa|Pueblo|Tenancingo|México|null|52401|15|52401|28|088|1941|Rural|null
52435|Terrenate|Pueblo|Tenancingo|México|null|52401|15|52401|28|088|1942|Rural|null
52435|Santa Teresita Acatzingo|Pueblo|Tenancingo|México|null|52401|15|52401|28|088|1943|Rural|null
52435|La Lagunilla|Pueblo|Tenancingo|México|null|52401|15|52401|28|088|6758|Rural|null
52435|Ejército del Trabajo|Colonia|Tenancingo|México|null|52401|15|52401|09|088|7483|Rural|null
52435|Emiliano Zapata Ejido Tepetzingo|Colonia|Tenancingo|México|null|52401|15|52401|09|088|7484|Rural|null
52435|San Francisco Tepetzingo|Colonia|Tenancingo|México|null|52401|15|52401|09|088|7485|Rural|null
52436|Vimate|Fraccionamiento|Tenancingo|México|null|52401|15|52401|21|088|0006|Urbano|null
52436|El Salitre|Pueblo|Tenancingo|México|null|52401|15|52401|28|088|1922|Rural|null
52436|La Trinidad|Colonia|Tenancingo|México|null|52401|15|52401|09|088|1924|Urbano|null
52436|Pueblo Nuevo|Pueblo|Tenancingo|México|null|52401|15|52401|28|088|1946|Rural|null
52436|La Ciénega|Colonia|Tenancingo|México|null|52401|15|52401|09|088|7491|Rural|null
52436|Las Casuarinas|Colonia|Tenancingo|México|null|52401|15|52401|09|088|9609|Urbano|null
52437|El Carmen (El Desierto del Carmen)|Pueblo|Tenancingo|México|null|52401|15|52401|28|088|1944|Rural|null
52437|San Nicolás|Pueblo|Tenancingo|México|null|52401|15|52401|28|088|1945|Rural|null
52437|Convento del Santo Desierto del Carmen|Pueblo|Tenancingo|México|null|52401|15|52401|28|088|7476|Rural|null
52437|Lázaro Cárdenas Ixpuchiapan|Colonia|Tenancingo|México|null|52401|15|52401|09|088|7486|Rural|null
52437|La Loma|Pueblo|Tenancingo|México|null|52401|15|52401|28|088|7487|Rural|null
52440|La Soledad|Barrio|Malinalco|México|null|52441|15|52441|02|052|0001|Urbano|null
52440|San Guillermo|Barrio|Malinalco|México|null|52441|15|52441|02|052|0002|Urbano|null
52440|San Martín|Barrio|Malinalco|México|null|52441|15|52441|02|052|0003|Urbano|null
52440|San Pedro|Barrio|Malinalco|México|null|52441|15|52441|02|052|0004|Urbano|null
52440|Santa María|Barrio|Malinalco|México|null|52441|15|52441|02|052|0005|Urbano|null
52440|Malinalco|Pueblo|Malinalco|México|null|52441|15|52441|28|052|1947|Urbano|null
52440|Campos de San Martín|Ranchería|Malinalco|México|null|52441|15|52441|29|052|7439|Rural|null
52440|San Juan|Colonia|Malinalco|México|null|52441|15|52441|09|052|8203|Urbano|null
52440|Santa Mónica|Barrio|Malinalco|México|null|52441|15|52441|02|052|8236|Urbano|null
52443|San Nicolás|Pueblo|Malinalco|México|null|52441|15|52441|28|052|1948|Rural|null
52443|Jesús María|Ranchería|Malinalco|México|null|52441|15|52441|29|052|6747|Rural|null
52443|San Sebastián|Ranchería|Malinalco|México|null|52441|15|52441|29|052|6748|Rural|null
52444|San Simón el Alto|Pueblo|Malinalco|México|null|52441|15|52441|28|052|1949|Rural|null
52460|Chalma|Pueblo|Malinalco|México|null|52441|15|52441|28|052|1953|Rural|null
52460|Tepopula|Ranchería|Malinalco|México|null|52441|15|52441|29|052|7433|Rural|null
52463|Pachuquilla|Pueblo|Malinalco|México|null|52441|15|52441|28|052|1954|Rural|null
52463|Palmar de Guadalupe|Pueblo|Malinalco|México|null|52441|15|52441|28|052|1960|Rural|null
52463|El Zapote|Ranchería|Malinalco|México|null|52441|15|52441|29|052|7443|Rural|null
52464|La Ladrillera|Pueblo|Malinalco|México|null|52441|15|52441|28|052|1951|Rural|null
52464|Puente Caporal (La Guancha)|Ranchería|Malinalco|México|null|52441|15|52441|29|052|1955|Rural|null
52464|El Puentecito|Pueblo|Malinalco|México|null|52441|15|52441|28|052|1959|Rural|null
52464|La Loma|Ranchería|Malinalco|México|null|52441|15|52441|29|052|7436|Rural|null
52465|Jalmolonga (La Hacienda)|Pueblo|Malinalco|México|null|52441|15|52441|28|052|1952|Rural|null
52465|Amate Amarillo|Pueblo|Malinalco|México|null|52441|15|52441|28|052|1956|Rural|null
52465|La Huerta|Colonia|Malinalco|México|null|52441|15|52441|09|052|7437|Rural|null
52465|Loma del Cóporo|Ranchería|Malinalco|México|null|52441|15|52441|29|052|7438|Rural|null
52466|Monte Grande|Pueblo|Malinalco|México|null|52441|15|52441|28|052|1957|Rural|null
52466|La Joya Redonda|Ranchería|Malinalco|México|null|52441|15|52441|29|052|7444|Rural|null
52467|Planta Alameda|Pueblo|Malinalco|México|null|52441|15|52441|28|052|1958|Rural|null
52467|Los Tepehuajes (Los Tepeguajes)|Ranchería|Malinalco|México|null|52441|15|52441|29|052|7445|Rural|null
52467|Palo Dulce|Ranchería|Malinalco|México|null|52441|15|52441|29|052|7447|Rural|null
52470|Noxtepec de Zaragoza (El Aguacate)|Ranchería|Malinalco|México|null|52441|15|52441|29|052|1961|Rural|null
52470|Santa María Xoquiac|Pueblo|Malinalco|México|null|52441|15|52441|28|052|1964|Rural|null
52473|San Pedro Chichicasco (San Pedro)|Ranchería|Malinalco|México|null|52441|15|52441|29|052|1962|Rural|null
52473|El Platanar|Pueblo|Malinalco|México|null|52441|15|52441|28|052|1963|Rural|null
52473|Chichicasco el Viejo|Ranchería|Malinalco|México|null|52441|15|52441|29|052|7446|Rural|null
52476|Juárez|Colonia|Malinalco|México|null|52441|15|52441|09|052|1965|Rural|null
52477|Aldama|Colonia|Malinalco|México|null|52441|15|52441|09|052|1966|Rural|null
52477|Hidalgo|Colonia|Malinalco|México|null|52441|15|52441|09|052|1967|Rural|null
52477|San Andrés Nicolás Bravo|Pueblo|Malinalco|México|null|52441|15|52441|28|052|1968|Rural|null
52477|La Angostura|Ranchería|Malinalco|México|null|52441|15|52441|29|052|7440|Rural|null
52477|Emiliano Zapata|Ranchería|Malinalco|México|null|52441|15|52441|29|052|7442|Rural|null
52480|El Cerrito (El Calvario)|Ranchería|Ocuilan|México|null|52441|15|52441|29|063|0001|Rural|null
52480|Ocuilán de Arteaga|Pueblo|Ocuilan|México|null|52441|15|52441|28|063|1971|Urbano|null
52480|Santa María (Tlacutapa)|Ranchería|Ocuilan|México|null|52441|15|52441|29|063|6770|Rural|null
52480|San Sebastían|Pueblo|Ocuilan|México|null|52441|15|52441|28|063|7523|Urbano|null
52483|La Cañada|Pueblo|Ocuilan|México|null|52441|15|52441|28|063|1979|Rural|null
52483|Chalmita|Pueblo|Ocuilan|México|null|52441|15|52441|28|063|1984|Rural|null
52484|El Ahuehuete|Pueblo|Ocuilan|México|null|52441|15|52441|28|063|1969|Rural|null
52484|La Ciénega|Pueblo|Ocuilan|México|null|52441|15|52441|28|063|1970|Rural|null
52484|Santa Cruz Tezontepec (Totoltepec)|Pueblo|Ocuilan|México|null|52441|15|52441|28|063|1973|Rural|null
52484|Santa Mónica|Pueblo|Ocuilan|México|null|52441|15|52441|28|063|1975|Urbano|null
52484|El Picacho (San Antonio el Picacho)|Ranchería|Ocuilan|México|null|52441|15|52441|29|063|1982|Rural|null
52484|Reforma Agraria (El Pedregal)|Ranchería|Ocuilan|México|null|52441|15|52441|29|063|6768|Rural|null
52484|La Haciendita|Ranchería|Ocuilan|México|null|52441|15|52441|29|063|7517|Rural|null
52484|Amola (San Isidro Amola)|Ranchería|Ocuilan|México|null|52441|15|52441|29|063|7521|Rural|null
52484|Tlecuilco|Ranchería|Ocuilan|México|null|52441|15|52441|29|063|7525|Rural|null
52485|La Esperanza (El Arenal)|Pueblo|Ocuilan|México|null|52441|15|52441|28|063|1980|Rural|null
52486|Doctor Gustavo Baz|Colonia|Ocuilan|México|null|52441|15|52441|09|063|1983|Rural|null
52486|Cinco Caminos|Ranchería|Ocuilan|México|null|52441|15|52441|29|063|6763|Rural|null
52487|Coyoltepec|Ranchería|Ocuilan|México|null|52441|15|52441|29|063|1981|Rural|null
52490|La Lagunita|Pueblo|Ocuilan|México|null|52441|15|52441|28|063|1986|Rural|null
52490|Los Manantiales (El Río Chiquito)|Ranchería|Ocuilan|México|null|52441|15|52441|29|063|6766|Rural|null
52490|Plaza Nueva|Ranchería|Ocuilan|México|null|52441|15|52441|29|063|6767|Rural|null
52493|Ahuatenco|Ranchería|Ocuilan|México|null|52441|15|52441|29|063|1987|Rural|null
52493|Ajuchitlán|Ranchería|Ocuilan|México|null|52441|15|52441|29|063|7515|Rural|null
52493|Mexicapa|Ranchería|Ocuilan|México|null|52441|15|52441|29|063|7519|Rural|null
52493|Tlatempa|Ranchería|Ocuilan|México|null|52441|15|52441|29|063|7524|Rural|null
52494|Pastoría (La Pastora)|Pueblo|Ocuilan|México|null|52441|15|52441|28|063|1989|Rural|null
52494|El Puente|Ranchería|Ocuilan|México|null|52441|15|52441|29|063|6764|Rural|null
52494|Santa Ana|Ranchería|Ocuilan|México|null|52441|15|52441|29|063|6769|Rural|null
52494|Tepetzingo (Tepezingo)|Ranchería|Ocuilan|México|null|52441|15|52441|29|063|6772|Rural|null
52494|Las Trojes|Ranchería|Ocuilan|México|null|52441|15|52441|29|063|7518|Rural|null
52495|San Juan Atzingo|Pueblo|Ocuilan|México|null|52441|15|52441|28|063|1972|Rural|null
52495|Santa Lucía|Pueblo|Ocuilan|México|null|52441|15|52441|28|063|1974|Rural|null
52495|Santa Martha|Pueblo|Ocuilan|México|null|52441|15|52441|28|063|1985|Rural|null
52495|Lomas de Teocaltzingo (Loma de Tecalzingo)|Ranchería|Ocuilan|México|null|52441|15|52441|29|063|6765|Rural|null
52495|Santa María Nativitas|Ranchería|Ocuilan|México|null|52441|15|52441|29|063|6771|Rural|null
52496|San José el Tótoc|Ranchería|Ocuilan|México|null|52441|15|52441|29|063|1988|Rural|null
52496|El Capulín|Ranchería|Ocuilan|México|null|52441|15|52441|29|063|7516|Rural|null
52497|Pueblo Nuevo|Ranchería|Ocuilan|México|null|52441|15|52441|29|063|7520|Rural|null
52497|San Isidro|Ranchería|Ocuilan|México|null|52441|15|52441|29|063|7522|Rural|null
52500|Libertad|Colonia|Atizapán|México|null|52541|15|52541|09|012|0001|Rural|null
52500|El Palomar|Colonia|Atizapán|México|null|52541|15|52541|09|012|0003|Rural|null
52500|Santa Cruz Atizapán|Pueblo|Atizapán|México|null|52541|15|52541|28|012|1991|Rural|null
52500|El Tepiolol|Colonia|Atizapán|México|null|52541|15|52541|09|012|8615|Rural|null
52503|Magisterial|Colonia|Atizapán|México|null|52541|15|52541|09|012|8613|Rural|null
52504|Llano Grande|Colonia|Atizapán|México|null|52541|15|52541|09|012|0002|Rural|null
52504|Tepozoco|Colonia|Atizapán|México|null|52541|15|52541|09|012|8614|Rural|null
52506|La Remolacha|Colonia|Atizapán|México|null|52541|15|52541|09|012|8616|Rural|null
52540|Almoloya del Río|Pueblo|Almoloya del Río|México|null|52541|15|52541|28|006|1992|Urbano|null
52540|Loma Linda|Colonia|Almoloya del Río|México|null|52541|15|52541|09|006|6882|Rural|null
52540|Campesina-Emiliano Zapata|Colonia|Almoloya del Río|México|null|52541|15|52541|09|006|7057|Urbano|null
52542|La Puerta|Colonia|Almoloya del Río|México|null|52541|15|52541|09|006|6881|Rural|null
52543|La Florida (El Jagüey)|Colonia|Almoloya del Río|México|null|52541|15|52541|09|006|0001|Rural|null
52570|Mexicapan|Barrio|Texcalyacac|México|null|52301|15|52301|02|098|0002|Rural|null
52570|San Mateo Texcalyacac|Pueblo|Texcalyacac|México|null|52301|15|52301|28|098|1993|Urbano|null
52570|La Joya Maravillas|Colonia|Texcalyacac|México|null|52301|15|52301|09|098|6725|Urbano|null
52574|Las Maravillas|Colonia|Texcalyacac|México|null|52301|15|52301|09|098|0001|Rural|null
52600|El Capulín|Fraccionamiento|Tianguistenco|México|null|52601|15|52601|21|101|0002|Urbano|null
52600|Santiago Tianguistenco de Galeana|Pueblo|Tianguistenco|México|null|52601|15|52601|28|101|1998|Rural|null
52600|Guadalupe Rhon de Hank|Colonia|Tianguistenco|México|null|52601|15|52601|09|101|5512|Rural|null
52600|Izcalli|Unidad habitacional|Tianguistenco|México|null|52601|15|52601|31|101|5514|Rural|null
52600|Parque industrial Santiago Tianguistenco|Zona industrial|Tianguistenco|México|null|52601|15|52601|37|101|5515|Urbano|null
52600|Cipreses|Fraccionamiento|Tianguistenco|México|null|52601|15|52601|21|101|5516|Rural|null
52600|Jardines de Santiago|Fraccionamiento|Tianguistenco|México|null|52601|15|52601|21|101|5517|Urbano|null
52600|La Mora|Fraccionamiento|Tianguistenco|México|null|52601|15|52601|21|101|5518|Urbano|null
52600|San Cayetano|Colonia|Tianguistenco|México|null|52601|15|52601|09|101|5519|Rural|null
52600|20 de Noviembre|Conjunto habitacional|Tianguistenco|México|null|52601|15|52601|12|101|7527|Rural|null
52603|Guadalupe Yancuictlalpan (Gualupita)|Pueblo|Tianguistenco|México|null|52601|15|52601|28|101|0001|Urbano|null
52603|Las Granjas|Colonia|Tianguistenco|México|null|52601|15|52601|09|101|7528|Urbano|null
52604|San Isidro|Ranchería|Tianguistenco|México|null|52601|15|52601|29|101|8608|Rural|null
52607|La Palma|Colonia|Tianguistenco|México|null|52601|15|52601|09|101|5513|Rural|null
52613|San José Mezapa Sección I|Pueblo|Tianguistenco|México|null|52601|15|52601|28|101|1996|Rural|null
52613|San José Mezapa Sección II|Pueblo|Tianguistenco|México|null|52601|15|52601|28|101|6889|Rural|null
52614|San Lorenzo Huehuetitlán|Pueblo|Tianguistenco|México|null|52601|15|52601|28|101|1997|Rural|null
52640|San Pedro Tlaltizapan|Pueblo|Tianguistenco|México|null|52601|15|52601|28|101|2001|Urbano|null
52640|San Miguel (368)|Colonia|Tianguistenco|México|null|52601|15|52601|09|101|8600|Rural|null
52644|El Buen Suceso|Ranchería|Tianguistenco|México|null|52601|15|52601|29|101|8607|Rural|null
52645|Ex-Hacienda de Atenco|Ranchería|Tianguistenco|México|null|52601|15|52601|29|101|2002|Rural|null
52645|San Isidro|Colonia|Tianguistenco|México|null|52601|15|52601|09|101|8602|Urbano|null
52645|El Tejocote|Ranchería|Tianguistenco|México|null|52601|15|52601|29|101|8604|Rural|null
52650|Santiago Tilapa|Pueblo|Tianguistenco|México|null|52681|15|52681|28|101|2005|Urbano|null
52653|Coamilpa de Juárez|Pueblo|Tianguistenco|México|null|52701|15|52701|28|101|5645|Rural|null
52654|El Mirasol|Pueblo|Tianguistenco|México|null|52681|15|52681|28|101|2003|Rural|null
52656|La Magdalena de los Reyes|Pueblo|Tianguistenco|México|null|52681|15|52681|28|101|2004|Rural|null
52656|Santa Cruz de Bravo|Pueblo|Tianguistenco|México|null|52681|15|52681|28|101|6895|Rural|null
52656|El Apilulco|Colonia|Tianguistenco|México|null|52681|15|52681|09|101|8603|Rural|null
52660|Villa de San Nicolás Coatepec de las Bateas|Pueblo|Tianguistenco|México|null|52601|15|52601|28|101|2006|Urbano|null
52664|Tierra Colorada|Colonia|Tianguistenco|México|null|52601|15|52601|09|101|5157|Rural|null
52664|Chiquixpac Sección II|Ranchería|Tianguistenco|México|null|52601|15|52601|29|101|6893|Rural|null
52664|Chiquixpac Sección I|Ranchería|Tianguistenco|México|null|52601|15|52601|29|101|7529|Rural|null
52664|Pueblo Nuevo|Colonia|Tianguistenco|México|null|52601|15|52601|09|101|8606|Rural|null
52664|Techmaninalli|Ranchería|Tianguistenco|México|null|52601|15|52601|29|101|8609|Rural|null
52664|Tzitzicazapa|Colonia|Tianguistenco|México|null|52601|15|52601|09|101|8611|Rural|null
52665|San Bartolo del Progreso (San Bartolo)|Pueblo|Tianguistenco|México|null|52601|15|52601|28|101|2008|Rural|null
52665|La Lagunilla|Pueblo|Tianguistenco|México|null|52601|15|52601|28|101|2009|Rural|null
52665|Tlacuitlapa|Pueblo|Tianguistenco|México|null|52601|15|52601|28|101|2011|Rural|null
52665|Campesina|Colonia|Tianguistenco|México|null|52601|15|52601|09|101|6892|Rural|null
52665|Meztitla|Colonia|Tianguistenco|México|null|52601|15|52601|09|101|8605|Rural|null
52665|Texoconalco|Colonia|Tianguistenco|México|null|52601|15|52601|09|101|8610|Rural|null
52665|Mumana-Átl|Ranchería|Tianguistenco|México|null|52601|15|52601|29|101|8612|Rural|null
52666|Tlacomulco|Pueblo|Tianguistenco|México|null|52601|15|52601|28|101|2010|Rural|null
52666|Antlantlacpac|Ranchería|Tianguistenco|México|null|52601|15|52601|29|101|6891|Rural|null
52667|Ocotenco|Pueblo|Tianguistenco|México|null|52601|15|52601|28|101|2007|Rural|null
52667|Ahuatenco|Pueblo|Tianguistenco|México|null|52601|15|52601|28|101|6890|Rural|null
52667|Tlaminca|Pueblo|Tianguistenco|México|null|52601|15|52601|28|101|6896|Rural|null
52680|Xalatlaco|Pueblo|Xalatlaco|México|null|52681|15|52681|28|043|2012|Rural|null
52680|San Agustín|Barrio|Xalatlaco|México|null|52681|15|52681|02|043|7077|Rural|null
52680|San Bartolo|Barrio|Xalatlaco|México|null|52681|15|52681|02|043|7078|Rural|null
52680|San Francisco|Barrio|Xalatlaco|México|null|52681|15|52681|02|043|7079|Rural|null
52680|San Juan|Barrio|Xalatlaco|México|null|52681|15|52681|02|043|7080|Rural|null
52680|Techichili|Barrio|Xalatlaco|México|null|52681|15|52681|02|043|8624|Rural|null
52683|San Bartolito|Colonia|Xalatlaco|México|null|52681|15|52681|09|043|8617|Rural|null
52683|Coxto|Ranchería|Xalatlaco|México|null|52681|15|52681|29|043|8618|Rural|null
52683|Mezapa la Fábrica|Colonia|Xalatlaco|México|null|52681|15|52681|09|043|8623|Rural|null
52684|Morelos|Pueblo|Xalatlaco|México|null|52681|15|52681|28|043|2014|Rural|null
52684|Tejocotes|Pueblo|Xalatlaco|México|null|52681|15|52681|28|043|6887|Rural|null
52685|Santa Fe Mezapa|Pueblo|Xalatlaco|México|null|52681|15|52681|28|043|2015|Rural|null
52686|Águila (La Mesa)|Pueblo|Xalatlaco|México|null|52681|15|52681|28|043|0001|Rural|null
52686|Coexapa|Pueblo|Xalatlaco|México|null|52681|15|52681|28|043|2016|Rural|null
52686|El Yete|Ranchería|Xalatlaco|México|null|52681|15|52681|29|043|8619|Rural|null
52688|San Juan Tomasquillo|Pueblo|Xalatlaco|México|null|52681|15|52681|28|043|2018|Rural|null
52688|Cruz Larga|Pueblo|Xalatlaco|México|null|52681|15|52681|28|043|6888|Rural|null
52689|Potrero|Pueblo|Xalatlaco|México|null|52681|15|52681|28|043|2019|Rural|null
52689|Escalerillas (Barrio San Francisco)|Ranchería|Xalatlaco|México|null|52681|15|52681|29|043|8620|Rural|null
52690|El Capulín|Pueblo|Xalatlaco|México|null|52681|15|52681|28|043|2020|Rural|null
52693|Jaras Verdes|Ranchería|Xalatlaco|México|null|52681|15|52681|29|043|8621|Rural|null
52693|Las Cocinas|Ranchería|Xalatlaco|México|null|52681|15|52681|29|043|8622|Rural|null
52700|Capulhuac de Mirafuentes Centro|Colonia|Capulhuac|México|Capulhuac|52701|15|52701|09|019|2021|Urbano|28
52700|San Juan Bautista|Colonia|Capulhuac|México|null|52701|15|52701|09|019|7455|Rural|null
52710|San Miguel Almaya|Pueblo|Capulhuac|México|null|52701|15|52701|28|019|2023|Rural|null
52710|San Nicolás Tlazala|Pueblo|Capulhuac|México|null|52701|15|52701|28|019|2024|Rural|null
52710|Lomas de San Juan|Pueblo|Capulhuac|México|null|52701|15|52701|28|019|6884|Rural|null
52710|Agua Blanca|Pueblo|Capulhuac|México|null|52701|15|52701|28|019|6885|Rural|null
52710|La Cuchillla|Ejido|Capulhuac|México|null|52701|15|52701|15|019|7453|Rural|null
52710|Valle de los Sauces|Fraccionamiento|Capulhuac|México|null|52701|15|52701|21|019|8087|Rural|null
52710|Las Chinampas|Ejido|Capulhuac|México|null|52701|15|52701|15|019|8483|Rural|null
52713|Guadalupe Victoria|Pueblo|Capulhuac|México|null|52701|15|52701|28|019|2025|Rural|null
52714|La Lagunilla|Colonia|Capulhuac|México|null|52701|15|52701|09|019|9090|Rural|null
52714|Capetillo|Ranchería|Capulhuac|México|null|52701|15|52701|29|019|9093|Rural|null
52720|San Isidro|Barrio|Capulhuac|México|null|52701|15|52701|02|019|5300|Urbano|null
52723|La Poza|Colonia|Capulhuac|México|null|52701|15|52701|09|019|9091|Rural|null
52723|Hueyutitla|Ranchería|Capulhuac|México|null|52701|15|52701|29|019|9092|Rural|null
52730|San Miguelito|Barrio|Capulhuac|México|null|52701|15|52701|02|019|5301|Urbano|null
52730|Molino de San Cayetano|Colonia|Capulhuac|México|null|52701|15|52701|09|019|7448|Urbano|null
52733|Santa María Coaxusco|Barrio|Capulhuac|México|null|52701|15|52701|02|019|5302|Urbano|null
52733|La Cruz|Colonia|Capulhuac|México|null|52701|15|52701|09|019|6883|Rural|null
52740|Centro Ocoyoacac|Colonia|Ocoyoacac|México|Ocoyoacac|52741|15|52741|09|062|2028|Urbano|40
52740|Santa María|Barrio|Ocoyoacac|México|Ocoyoacac|52741|15|52741|02|062|5162|Urbano|40
52740|San Miguel|Barrio|Ocoyoacac|México|Ocoyoacac|52741|15|52741|02|062|5163|Urbano|40
52740|Coapanoaya|Barrio|Ocoyoacac|México|Ocoyoacac|52741|15|52741|02|062|8228|Urbano|40
52740|Ejido la Campana|Colonia|Ocoyoacac|México|Ocoyoacac|52741|15|52741|09|062|8583|Urbano|40
52743|Bosque de los Encinos|Fraccionamiento|Ocoyoacac|México|null|52741|15|52741|21|062|0002|Rural|null
52743|Hacienda San Martín|Fraccionamiento|Ocoyoacac|México|null|52741|15|52741|21|062|0003|Rural|null
52743|Ejidal Emiliano Zapata|Colonia|Ocoyoacac|México|null|52741|15|52741|09|062|0005|Rural|null
52743|Juárez (Los Chirinos)|Colonia|Ocoyoacac|México|null|52741|15|52741|09|062|2035|Urbano|null
52743|La Marquesa|Ranchería|Ocoyoacac|México|null|52741|15|52741|29|062|2036|Rural|null
52743|Río Hondito|Colonia|Ocoyoacac|México|null|52741|15|52741|09|062|5507|Rural|null
52743|Ortiz Rubio (Jajalpa)|Colonia|Ocoyoacac|México|null|52741|15|52741|09|062|6703|Rural|null
52743|Ex-hacienda Jajalpa|Fraccionamiento|Ocoyoacac|México|null|52741|15|52741|21|062|8249|Rural|null
52743|San Miguel (Posito del Olvido)|Barrio|Ocoyoacac|México|null|52741|15|52741|02|062|8579|Urbano|null
52743|Cañada Honda|Ranchería|Ocoyoacac|México|null|52741|15|52741|29|062|8580|Rural|null
52743|El Bellotal|Colonia|Ocoyoacac|México|null|52741|15|52741|09|062|8581|Urbano|null
52743|El Peñón|Ranchería|Ocoyoacac|México|null|52741|15|52741|29|062|8584|Rural|null
52743|El Portezuelo|Ranchería|Ocoyoacac|México|null|52741|15|52741|29|062|8585|Rural|null
52743|El Zarco (Las Truchas)|Ranchería|Ocoyoacac|México|null|52741|15|52741|29|062|8586|Rural|null
52743|La Conchita|Ranchería|Ocoyoacac|México|null|52741|15|52741|29|062|8588|Rural|null
52750|Loma Bonita|Barrio|Ocoyoacac|México|null|52741|15|52741|02|062|5506|Rural|null
52750|Texcalpa (Ex-hacienda Texcalpa)|Ranchería|Ocoyoacac|México|null|52741|15|52741|29|062|8592|Rural|null
52753|San Jerónimo Acazulco|Pueblo|Ocoyoacac|México|null|52741|15|52741|28|062|2029|Urbano|null
52753|Loma de los Esquiveles|Colonia|Ocoyoacac|México|null|52741|15|52741|09|062|5505|Rural|null
52753|Joquicingo|Ranchería|Ocoyoacac|México|null|52741|15|52741|29|062|8587|Rural|null
52753|La Lomita|Ranchería|Ocoyoacac|México|null|52741|15|52741|29|062|8589|Rural|null
52753|Valle del Silencio [Parque Recreativo]|Ranchería|Ocoyoacac|México|null|52741|15|52741|29|062|8593|Rural|null
52754|San Pedro Atlapulco|Pueblo|Ocoyoacac|México|null|52741|15|52741|28|062|2031|Urbano|null
52754|Cruz de la Misión|Ranchería|Ocoyoacac|México|null|52741|15|52741|29|062|8582|Rural|null
52754|San Isidro Tehualtepec|Ranchería|Ocoyoacac|México|null|52741|15|52741|29|062|8590|Rural|null
52754|San Pedro|Ranchería|Ocoyoacac|México|null|52741|15|52741|29|062|8591|Rural|null
52755|Benevento|Fraccionamiento|Ocoyoacac|México|null|52741|15|52741|21|062|0004|Rural|null
52755|Santiaguito|Barrio|Ocoyoacac|México|null|52741|15|52741|02|062|5160|Urbano|null
52755|Tepexoyuca|Barrio|Ocoyoacac|México|null|52741|15|52741|02|062|5276|Urbano|null
52755|El Llano del Compromiso|Colonia|Ocoyoacac|México|null|52741|15|52741|09|062|7106|Rural|null
52756|El Pedregal de Guadalupe Hidalgo|Pueblo|Ocoyoacac|México|null|52741|15|52741|28|062|2033|Urbano|null
52756|El Pirame|Colonia|Ocoyoacac|México|null|52741|15|52741|09|062|6704|Rural|null
52756|Guadalupe Victoria|Colonia|Ocoyoacac|México|null|52741|15|52741|09|062|6705|Rural|null
52756|Puerta del Carmen|Fraccionamiento|Ocoyoacac|México|null|52741|15|52741|21|062|7101|Rural|null
52757|San Antonio el Llanito|Zona industrial|Ocoyoacac|México|null|52741|15|52741|37|062|0001|Rural|null
52757|San Antonio el Llanito|Pueblo|Ocoyoacac|México|null|52741|15|52741|28|062|2026|Rural|null
52757|San Pedro Cholula|Pueblo|Ocoyoacac|México|null|52741|15|52741|28|062|2034|Urbano|null
52757|Estación Maclovio Herrera|Zona industrial|Ocoyoacac|México|null|52741|15|52741|37|062|5508|Urbano|null
52760|El Cerrito|Ranchería|Huixquilucan|México|Huixquilucan de Degollado|52761|15|52761|29|037|2037|Rural|06
52760|Huixquilucan de Degollado Centro|Colonia|Huixquilucan|México|Huixquilucan de Degollado|52761|15|52761|09|037|2038|Urbano|06
52760|San Ramón|Barrio|Huixquilucan|México|Huixquilucan de Degollado|52761|15|52761|02|037|2051|Rural|06
52760|San Martín|Barrio|Huixquilucan|México|Huixquilucan de Degollado|52761|15|52761|02|037|5557|Urbano|06
52760|San Melchor|Barrio|Huixquilucan|México|Huixquilucan de Degollado|52761|15|52761|02|037|5558|Urbano|06
52760|San Juan Bautista|Barrio|Huixquilucan|México|Huixquilucan de Degollado|52761|15|52761|02|037|5559|Urbano|06
52760|El Plan|Ranchería|Huixquilucan|México|Huixquilucan de Degollado|52761|15|52761|29|037|7818|Rural|06
52760|San Miguel|Barrio|Huixquilucan|México|Huixquilucan de Degollado|52761|15|52761|02|037|8190|Urbano|06
52760|El Retiro|Ranchería|Huixquilucan|México|Huixquilucan de Degollado|52761|15|52761|29|037|8910|Rural|06
52763|Vista Horizonte|Fraccionamiento|Huixquilucan|México|Huixquilucan de Degollado|52762|15|52762|21|037|0003|Urbano|06
52763|Hacienda de las Palmas|Fraccionamiento|Huixquilucan|México|Huixquilucan de Degollado|52762|15|52762|21|037|2041|Urbano|06
52763|Villa Florence|Fraccionamiento|Huixquilucan|México|Huixquilucan de Degollado|52762|15|52762|21|037|2042|Urbano|06
52764|Jesús del Monte|Colonia|Huixquilucan|México|Huixquilucan de Degollado|52762|15|52762|09|037|2043|Urbano|06
52764|La Retama|Colonia|Huixquilucan|México|Huixquilucan de Degollado|52762|15|52762|09|037|2044|Urbano|06
52765|Esfuerzo Obrero|Colonia|Huixquilucan|México|Huixquilucan de Degollado|52762|15|52762|09|037|2045|Urbano|06
52765|Industria Militar y Cove|Colonia|Huixquilucan|México|Huixquilucan de Degollado|52762|15|52762|09|037|2046|Urbano|06
52765|San Fernando|Colonia|Huixquilucan|México|Huixquilucan de Degollado|52762|15|52762|09|037|2048|Urbano|06
52765|San Fernando|Fraccionamiento|Huixquilucan|México|Huixquilucan de Degollado|52762|15|52762|21|037|2049|Urbano|06
52766|San Jacinto|Ranchería|Huixquilucan|México|Huixquilucan de Degollado|52761|15|52761|29|037|2050|Rural|06
52766|Santiago Yancuitlalpan|Pueblo|Huixquilucan|México|Huixquilucan de Degollado|52761|15|52761|28|037|2052|Urbano|06
52766|Zacamulpa|Pueblo|Huixquilucan|México|Huixquilucan de Degollado|52761|15|52761|28|037|2053|Urbano|06
52766|El Mirasol|Ranchería|Huixquilucan|México|Huixquilucan de Degollado|52761|15|52761|29|037|8908|Rural|06
52767|Ignacio Allende|Pueblo|Huixquilucan|México|Huixquilucan de Degollado|52761|15|52761|28|037|2054|Urbano|06
52767|El Palacio|Pueblo|Huixquilucan|México|Huixquilucan de Degollado|52761|15|52761|28|037|5066|Rural|06
52767|El Xiguiro|Barrio|Huixquilucan|México|Huixquilucan de Degollado|52761|15|52761|02|037|8911|Urbano|06
52768|San Juan Yautepec|Pueblo|Huixquilucan|México|Huixquilucan de Degollado|52761|15|52761|28|037|2055|Urbano|06
52769|La Cañada|Ranchería|Huixquilucan|México|Huixquilucan de Degollado|52761|15|52761|29|037|2056|Rural|06
52769|La Cima|Colonia|Huixquilucan|México|Huixquilucan de Degollado|52761|15|52761|09|037|2057|Urbano|06
52769|Agua de Santo|Ranchería|Huixquilucan|México|Huixquilucan de Degollado|52761|15|52761|29|037|8902|Rural|06
52770|Paseos del Bosque|Condominio|Huixquilucan|México|Huixquilucan de Degollado|52761|15|52761|10|037|0001|Urbano|06
52770|Las Canteras|Colonia|Huixquilucan|México|Huixquilucan de Degollado|52761|15|52761|09|037|2076|Urbano|06
52773|Magdalena Chichicaspa|Pueblo|Huixquilucan|México|Huixquilucan de Degollado|52761|15|52761|28|037|2059|Urbano|06
52773|Del Río|Barrio|Huixquilucan|México|Huixquilucan de Degollado|52761|15|52761|02|037|8903|Rural|06
52773|La Manzana (La Rinconada)|Barrio|Huixquilucan|México|Huixquilucan de Degollado|52761|15|52761|02|037|8904|Urbano|06
52773|Magdalena Chichicaspa (Las Campanitas)|Ejido|Huixquilucan|México|Huixquilucan de Degollado|52761|15|52761|15|037|8905|Rural|06
52773|El Escobal|Barrio|Huixquilucan|México|Huixquilucan de Degollado|52761|15|52761|02|037|8906|Rural|06
52773|El Manzano|Barrio|Huixquilucan|México|Huixquilucan de Degollado|52761|15|52761|02|037|8907|Urbano|06
52773|La Capilla|Ranchería|Huixquilucan|México|Huixquilucan de Degollado|52761|15|52761|29|037|8912|Rural|06
52774|El Pedregal|Colonia|Huixquilucan|México|Huixquilucan de Degollado|52761|15|52761|09|037|2060|Urbano|06
52774|Bosque Real|Fraccionamiento|Huixquilucan|México|Huixquilucan de Degollado|52761|15|52761|21|037|5059|Urbano|06
52774|Arenal|Colonia|Huixquilucan|México|Huixquilucan de Degollado|52761|15|52761|09|037|5060|Urbano|06
52775|Constituyentes de 1917|Colonia|Huixquilucan|México|Huixquilucan de Degollado|52762|15|52762|09|037|2061|Urbano|06
52775|Tierra y Libertad|Colonia|Huixquilucan|México|Huixquilucan de Degollado|52762|15|52762|09|037|2063|Urbano|06
52776|Loma del Carmen|Colonia|Huixquilucan|México|Huixquilucan de Degollado|52762|15|52762|09|037|2065|Urbano|06
52776|La Unidad|Colonia|Huixquilucan|México|Huixquilucan de Degollado|52762|15|52762|09|037|5058|Urbano|06
52777|Federal Burocrática|Colonia|Huixquilucan|México|Huixquilucan de Degollado|52762|15|52762|09|037|2066|Urbano|06
52777|El Bosque|Colonia|Huixquilucan|México|Huixquilucan de Degollado|52762|15|52762|09|037|5057|Urbano|06
52777|Paradice|Unidad habitacional|Huixquilucan|México|Huixquilucan de Degollado|52762|15|52762|31|037|5465|Urbano|06
52778|Palo Solo|Colonia|Huixquilucan|México|Huixquilucan de Degollado|52762|15|52762|09|037|2068|Urbano|06
52778|Ampliación Palo Solo|Colonia|Huixquilucan|México|Huixquilucan de Degollado|52762|15|52762|09|037|5056|Urbano|06
52779|Conjunto Urbano Green House|Fraccionamiento|Huixquilucan|México|Huixquilucan de Degollado|52762|15|52762|21|037|2069|Urbano|06
52779|Montón Cuarteles|Colonia|Huixquilucan|México|Huixquilucan de Degollado|52762|15|52762|09|037|2071|Urbano|06
52779|Pirules|Colonia|Huixquilucan|México|Huixquilucan de Degollado|52762|15|52762|09|037|2072|Urbano|06
52779|Lomas Country Club|Fraccionamiento|Huixquilucan|México|Huixquilucan de Degollado|52762|15|52762|21|037|5084|Urbano|06
52780|Bosques de las Lomas|Colonia|Huixquilucan|México|Huixquilucan de Degollado|53831|15|53831|09|037|0005|Urbano|06
52780|Lomas de Tecamachalco Sección Bosques I y II|Fraccionamiento|Huixquilucan|México|Huixquilucan de Degollado|53831|15|53831|21|037|2073|Urbano|06
52780|Lomas de Tecamachalco Sección Cumbres|Colonia|Huixquilucan|México|Huixquilucan de Degollado|53831|15|53831|09|037|2074|Urbano|06
52783|Rinconada de la Herradura|Fraccionamiento|Huixquilucan|México|Huixquilucan de Degollado|11801|15|11801|21|037|2067|Urbano|06
52783|Bosques de la Herradura|Fraccionamiento|Huixquilucan|México|Huixquilucan de Degollado|11801|15|11801|21|037|2075|Urbano|06
52784|La Herradura|Fraccionamiento|Huixquilucan|México|Huixquilucan de Degollado|11801|15|11801|21|037|2077|Urbano|06
52784|La Herradura Sección III|Fraccionamiento|Huixquilucan|México|Huixquilucan de Degollado|11801|15|11801|21|037|2078|Urbano|06
52784|La Herradura Sección II|Fraccionamiento|Huixquilucan|México|Huixquilucan de Degollado|11801|15|11801|21|037|2079|Urbano|06
52784|La Herradura Sección I|Fraccionamiento|Huixquilucan|México|Huixquilucan de Degollado|11801|15|11801|21|037|2080|Urbano|06
52785|Jardines de la Herradura|Colonia|Huixquilucan|México|Huixquilucan de Degollado|11801|15|11801|09|037|0158|Urbano|06
52785|Balcones de la Herradura|Fraccionamiento|Huixquilucan|México|Huixquilucan de Degollado|11801|15|11801|21|037|2081|Urbano|06
52785|Galardón|Conjunto habitacional|Huixquilucan|México|Huixquilucan de Degollado|11801|15|11801|12|037|2082|Urbano|06
52785|Lomas de La Herradura|Fraccionamiento|Huixquilucan|México|Huixquilucan de Degollado|11801|15|11801|21|037|2083|Urbano|06
52786|Lomas Anáhuac|Fraccionamiento|Huixquilucan|México|Huixquilucan de Degollado|11801|15|11801|21|037|2084|Urbano|06
52786|Magnocentro|Fraccionamiento|Huixquilucan|México|Huixquilucan de Degollado|11801|15|11801|21|037|2085|Urbano|06
52786|Parques de la Herradura|Fraccionamiento|Huixquilucan|México|Huixquilucan de Degollado|11801|15|11801|21|037|2086|Urbano|06
52787|Bosques de las Palmas|Fraccionamiento|Huixquilucan|México|Huixquilucan de Degollado|11801|15|11801|21|037|2087|Urbano|06
52787|Paseo de las Palmas|Fraccionamiento|Huixquilucan|México|Huixquilucan de Degollado|11801|15|11801|21|037|2089|Urbano|06
52787|Villa de las Lomas|Colonia|Huixquilucan|México|Huixquilucan de Degollado|11801|15|11801|09|037|2090|Urbano|06
52787|Valle de las Palmas|Fraccionamiento|Huixquilucan|México|Huixquilucan de Degollado|11801|15|11801|21|037|5085|Urbano|06
52787|Interlomas|Colonia|Huixquilucan|México|Huixquilucan de Degollado|11801|15|11801|09|037|5604|Urbano|06
52787|Palmas Altas Residencial|Condominio|Huixquilucan|México|Huixquilucan de Degollado|11801|15|11801|10|037|5605|Urbano|06
52788|Frondoso Torres|Condominio|Huixquilucan|México|Huixquilucan de Degollado|11801|15|11801|10|037|2091|Urbano|06
52788|Lomas de las Palmas|Fraccionamiento|Huixquilucan|México|Huixquilucan de Degollado|11801|15|11801|21|037|2092|Urbano|06
52788|Lomas del Olivo|Fraccionamiento|Huixquilucan|México|Huixquilucan de Degollado|11801|15|11801|21|037|2093|Urbano|06
52788|Privada del Bosque|Fraccionamiento|Huixquilucan|México|Huixquilucan de Degollado|11801|15|11801|21|037|7888|Urbano|06
52789|El Olivo|Colonia|Huixquilucan|México|Huixquilucan de Degollado|52762|15|52762|09|037|2095|Urbano|06
52789|Lomas del Sol|Fraccionamiento|Huixquilucan|México|Huixquilucan de Degollado|52762|15|52762|21|037|2097|Urbano|06
52790|San Francisco Dos Ríos|Pueblo|Huixquilucan|México|Huixquilucan de Degollado|52761|15|52761|28|037|2098|Urbano|06
52790|La Pera|Colonia|Huixquilucan|México|Huixquilucan de Degollado|52761|15|52761|09|037|5062|Urbano|06
52793|San Bartolomé Coatepec|Pueblo|Huixquilucan|México|Huixquilucan de Degollado|52761|15|52761|28|037|2058|Urbano|06
52793|Paraje el Mirador|Colonia|Huixquilucan|México|Huixquilucan de Degollado|52761|15|52761|09|037|2099|Urbano|06
52793|Paraje Trejo (El Chaparral)|Colonia|Huixquilucan|México|Huixquilucan de Degollado|52761|15|52761|09|037|5061|Rural|06
52793|El Obraje|Colonia|Huixquilucan|México|Huixquilucan de Degollado|52761|15|52761|09|037|8909|Urbano|06
52794|La Cumbre|Ranchería|Huixquilucan|México|Huixquilucan de Degollado|52761|15|52761|29|037|0004|Rural|06
52794|La Glorieta|Ranchería|Huixquilucan|México|Huixquilucan de Degollado|52761|15|52761|29|037|2100|Rural|06
52794|El Hielo|Colonia|Huixquilucan|México|Huixquilucan de Degollado|52761|15|52761|09|037|5063|Urbano|06
52794|El Guarda (Puerto el Guarda)|Ranchería|Huixquilucan|México|Huixquilucan de Degollado|52761|15|52761|29|037|5064|Rural|06
52795|Santa Cruz Ayotuxco|Pueblo|Huixquilucan|México|Huixquilucan de Degollado|52761|15|52761|28|037|2101|Urbano|06
52795|Canales|Barrio|Huixquilucan|México|Huixquilucan de Degollado|52761|15|52761|02|037|5065|Urbano|06
52796|San Cristóbal Texcalucan|Pueblo|Huixquilucan|México|Huixquilucan de Degollado|52761|15|52761|28|037|2102|Urbano|06
52797|Huiloteapan (San José Huiloteapan)|Ranchería|Huixquilucan|México|Huixquilucan de Degollado|52761|15|52761|29|037|2103|Rural|06
52798|Cerro de San Francisco|Colonia|Huixquilucan|México|Huixquilucan de Degollado|52761|15|52761|09|037|0002|Urbano|06
52798|San Francisco Ayotuzco|Pueblo|Huixquilucan|México|Huixquilucan de Degollado|52761|15|52761|28|037|2104|Urbano|06
52799|Agua Bendita|Ranchería|Huixquilucan|México|Huixquilucan de Degollado|52761|15|52761|29|037|2105|Rural|06
52799|Agua Blanca|Ranchería|Huixquilucan|México|Huixquilucan de Degollado|52761|15|52761|29|037|2106|Rural|06
52799|El Laurel|Ranchería|Huixquilucan|México|Huixquilucan de Degollado|52761|15|52761|29|037|2107|Rural|06
52799|Llano Grande (San Miguel Llano Grande)|Ranchería|Huixquilucan|México|Huixquilucan de Degollado|52761|15|52761|29|037|2108|Rural|06
52799|Piedra Grande|Ranchería|Huixquilucan|México|Huixquilucan de Degollado|52761|15|52761|29|037|2109|Rural|06
52900|Ciudad Adolfo López Mateos|Colonia|Atizapán de Zaragoza|México|Ciudad Adolfo López Mateos|52901|15|52901|09|013|2110|Urbano|01
52910|Adolfo López Mateos|Colonia|Atizapán de Zaragoza|México|Ciudad Adolfo López Mateos|52901|15|52901|09|013|2114|Urbano|01
52910|Hogares de Atizapán|Fraccionamiento|Atizapán de Zaragoza|México|Ciudad Adolfo López Mateos|52901|15|52901|21|013|2115|Urbano|01
52910|Primero de Septiembre|Colonia|Atizapán de Zaragoza|México|Ciudad Adolfo López Mateos|52901|15|52901|09|013|2116|Urbano|01
52910|Los Álamos|Colonia|Atizapán de Zaragoza|México|Ciudad Adolfo López Mateos|52901|15|52901|09|013|4725|Urbano|01
52910|Ex Hacienda del Pedregal|Fraccionamiento|Atizapán de Zaragoza|México|Ciudad Adolfo López Mateos|52901|15|52901|21|013|4728|Urbano|01
52910|Adolfo López Mateos Ampliación I|Colonia|Atizapán de Zaragoza|México|Ciudad Adolfo López Mateos|52901|15|52901|09|013|4815|Urbano|01
52910|Real del Pedregal|Fraccionamiento|Atizapán de Zaragoza|México|Ciudad Adolfo López Mateos|52901|15|52901|21|013|6556|Urbano|01
52910|Residencial San Mateo|Fraccionamiento|Atizapán de Zaragoza|México|Ciudad Adolfo López Mateos|52901|15|52901|21|013|8166|Urbano|01
52910|Adolfo López Mateos Ampliación II|Colonia|Atizapán de Zaragoza|México|Ciudad Adolfo López Mateos|52901|15|52901|09|013|8182|Urbano|01
52915|El Capulín|Colonia|Atizapán de Zaragoza|México|Ciudad Adolfo López Mateos|52901|15|52901|09|013|2117|Urbano|01
52915|México 86|Colonia|Atizapán de Zaragoza|México|Ciudad Adolfo López Mateos|52901|15|52901|09|013|2119|Urbano|01
52915|Villa de las Torres|Colonia|Atizapán de Zaragoza|México|Ciudad Adolfo López Mateos|52901|15|52901|09|013|2120|Urbano|01
52915|La Nueva Era|Colonia|Atizapán de Zaragoza|México|Ciudad Adolfo López Mateos|52901|15|52901|09|013|2246|Urbano|01
52915|Atizapán 2000|Colonia|Atizapán de Zaragoza|México|Ciudad Adolfo López Mateos|52901|15|52901|09|013|4726|Urbano|01
52915|José María Morelos y Pavón|Colonia|Atizapán de Zaragoza|México|Ciudad Adolfo López Mateos|52901|15|52901|09|013|4727|Urbano|01
52915|El Mirador|Colonia|Atizapán de Zaragoza|México|Ciudad Adolfo López Mateos|52901|15|52901|09|013|8183|Urbano|01
52916|Loma de María Luisa|Colonia|Atizapán de Zaragoza|México|Ciudad Adolfo López Mateos|52901|15|52901|09|013|2123|Urbano|01
52916|Los Olivos|Colonia|Atizapán de Zaragoza|México|Ciudad Adolfo López Mateos|52901|15|52901|09|013|4729|Urbano|01
52916|El Túnel (Sección)|Colonia|Atizapán de Zaragoza|México|Ciudad Adolfo López Mateos|52901|15|52901|09|013|4730|Urbano|01
52918|Hacienda del Pedregal|Fraccionamiento|Atizapán de Zaragoza|México|Ciudad Adolfo López Mateos|52901|15|52901|21|013|0006|Urbano|01
52918|Emiliano Zapata|Colonia|Atizapán de Zaragoza|México|Ciudad Adolfo López Mateos|52901|15|52901|09|013|2125|Urbano|01
52918|Ampliación Emiliano Zapata I|Colonia|Atizapán de Zaragoza|México|Ciudad Adolfo López Mateos|52901|15|52901|09|013|2126|Urbano|01
52918|Miraflores|Colonia|Atizapán de Zaragoza|México|Ciudad Adolfo López Mateos|52901|15|52901|09|013|2127|Urbano|01
52918|Villa de las Palmas|Colonia|Atizapán de Zaragoza|México|Ciudad Adolfo López Mateos|52901|15|52901|09|013|2129|Urbano|01
52918|Sagitario II|Colonia|Atizapán de Zaragoza|México|Ciudad Adolfo López Mateos|52901|15|52901|09|013|2190|Urbano|01
52918|Villa de las Palmas Ampliación|Colonia|Atizapán de Zaragoza|México|Ciudad Adolfo López Mateos|52901|15|52901|09|013|4731|Urbano|01
52918|Lomas de las Torres|Colonia|Atizapán de Zaragoza|México|Ciudad Adolfo López Mateos|52901|15|52901|09|013|4732|Urbano|01
52918|Lomas de Monte María|Colonia|Atizapán de Zaragoza|México|Ciudad Adolfo López Mateos|52901|15|52901|09|013|4733|Urbano|01
52918|Ex-Hacienda el Pedregal|Colonia|Atizapán de Zaragoza|México|Ciudad Adolfo López Mateos|52901|15|52901|09|013|4820|Urbano|01
52918|Ampliación Emiliano Zapata II|Colonia|Atizapán de Zaragoza|México|Ciudad Adolfo López Mateos|52901|15|52901|09|013|8165|Urbano|01
52919|Bosques de Ixtacala|Colonia|Atizapán de Zaragoza|México|Ciudad Adolfo López Mateos|52901|15|52901|09|013|2130|Urbano|01
52919|Revolución|Colonia|Atizapán de Zaragoza|México|Ciudad Adolfo López Mateos|52901|15|52901|09|013|2132|Urbano|01
52919|Universidad Autonoma Metropolitana|Colonia|Atizapán de Zaragoza|México|Ciudad Adolfo López Mateos|52901|15|52901|09|013|2134|Urbano|01
52919|Bosques de Primavera|Colonia|Atizapán de Zaragoza|México|Ciudad Adolfo López Mateos|52901|15|52901|09|013|4823|Urbano|01
52920|Cerro Grande|Colonia|Atizapán de Zaragoza|México|Ciudad Adolfo López Mateos|52901|15|52901|09|013|2135|Urbano|01
52920|Peñitas|Colonia|Atizapán de Zaragoza|México|Ciudad Adolfo López Mateos|52901|15|52901|09|013|2136|Urbano|01
52920|Ampliación Peñitas|Colonia|Atizapán de Zaragoza|México|Ciudad Adolfo López Mateos|52901|15|52901|09|013|2138|Urbano|01
52920|San Mateo Tecoloapan|Pueblo|Atizapán de Zaragoza|México|Ciudad Adolfo López Mateos|52901|15|52901|28|013|2139|Urbano|01
52920|San Antonio Pocitos|Colonia|Atizapán de Zaragoza|México|Ciudad Adolfo López Mateos|52901|15|52901|09|013|4824|Urbano|01
52923|Villa Jardín|Colonia|Atizapán de Zaragoza|México|Ciudad Adolfo López Mateos|52901|15|52901|09|013|2140|Urbano|01
52924|San José el Jaral|Colonia|Atizapán de Zaragoza|México|Ciudad Adolfo López Mateos|52901|15|52901|09|013|2143|Urbano|01
52924|San José el Jaral I|Colonia|Atizapán de Zaragoza|México|Ciudad Adolfo López Mateos|52901|15|52901|09|013|2144|Urbano|01
52925|Lomas de La Hacienda|Fraccionamiento|Atizapán de Zaragoza|México|Ciudad Adolfo López Mateos|52901|15|52901|21|013|2145|Urbano|01
52926|Jardines de Monterrey|Colonia|Atizapán de Zaragoza|México|Ciudad Adolfo López Mateos|52901|15|52901|09|013|2146|Urbano|01
52926|Margarita Maza de Juárez|Colonia|Atizapán de Zaragoza|México|Ciudad Adolfo López Mateos|52901|15|52901|09|013|2147|Urbano|01
52926|Villa San José|Colonia|Atizapán de Zaragoza|México|Ciudad Adolfo López Mateos|52901|15|52901|09|013|4734|Urbano|01
52927|El Cerrito|Colonia|Atizapán de Zaragoza|México|Ciudad Adolfo López Mateos|52901|15|52901|09|013|2148|Urbano|01
52927|San Miguel Xochimanga|Colonia|Atizapán de Zaragoza|México|Ciudad Adolfo López Mateos|52901|15|52901|09|013|2149|Urbano|01
52928|El Campanario|Fraccionamiento|Atizapán de Zaragoza|México|Ciudad Adolfo López Mateos|52901|15|52901|21|013|2150|Urbano|01
52928|Lomas de San Miguel Norte|Colonia|Atizapán de Zaragoza|México|Ciudad Adolfo López Mateos|52901|15|52901|09|013|2151|Urbano|01
52928|Lomas de San Miguel Sur|Colonia|Atizapán de Zaragoza|México|Ciudad Adolfo López Mateos|52901|15|52901|09|013|2152|Urbano|01
52928|Lomas de Tepalcapa|Colonia|Atizapán de Zaragoza|México|Ciudad Adolfo López Mateos|52901|15|52901|09|013|2153|Urbano|01
52928|Prados de Ixtacala I|Colonia|Atizapán de Zaragoza|México|Ciudad Adolfo López Mateos|52901|15|52901|09|013|2154|Urbano|01
52928|General Cárdenas del Río|Colonia|Atizapán de Zaragoza|México|Ciudad Adolfo López Mateos|52901|15|52901|09|013|4735|Urbano|01
52928|San Juan Ixtacala Plano Sur|Colonia|Atizapán de Zaragoza|México|Ciudad Adolfo López Mateos|52901|15|52901|09|013|4826|Urbano|01
52928|San Juan Ixtacala Plano Norte|Colonia|Atizapán de Zaragoza|México|Ciudad Adolfo López Mateos|52901|15|52901|09|013|4827|Urbano|01
52928|Ejidos San Miguel Chalma|Colonia|Atizapán de Zaragoza|México|Ciudad Adolfo López Mateos|52901|15|52901|09|013|4828|Urbano|01
52928|Lomas de Tepalcapa Ampliación|Colonia|Atizapán de Zaragoza|México|Ciudad Adolfo López Mateos|52901|15|52901|09|013|8170|Urbano|01
52928|Capulín Ampliación|Colonia|Atizapán de Zaragoza|México|Ciudad Adolfo López Mateos|52901|15|52901|09|013|8173|Urbano|01
52928|Prados de Ixtacala II|Colonia|Atizapán de Zaragoza|México|Ciudad Adolfo López Mateos|52901|15|52901|09|013|8179|Urbano|01
52929|Hacienda de la Luz|Colonia|Atizapán de Zaragoza|México|Ciudad Adolfo López Mateos|52901|15|52901|09|013|2157|Urbano|01
52929|Villas de la Hacienda|Fraccionamiento|Atizapán de Zaragoza|México|Ciudad Adolfo López Mateos|52901|15|52901|21|013|2158|Urbano|01
52929|Tierra de en Medio|Colonia|Atizapán de Zaragoza|México|Ciudad Adolfo López Mateos|52901|15|52901|09|013|4829|Urbano|01
52930|Lomas de Valle Escondido|Fraccionamiento|Atizapán de Zaragoza|México|Ciudad Adolfo López Mateos|52901|15|52901|21|013|2161|Urbano|01
52930|Residencial Chiluca (Club de Golf Chiluca)|Fraccionamiento|Atizapán de Zaragoza|México|Ciudad Adolfo López Mateos|52901|15|52901|21|013|2162|Urbano|01
52930|La Estadía|Fraccionamiento|Atizapán de Zaragoza|México|Ciudad Adolfo López Mateos|52901|15|52901|21|013|2164|Urbano|01
52930|Plazas del Condado|Fraccionamiento|Atizapán de Zaragoza|México|Ciudad Adolfo López Mateos|52901|15|52901|21|013|4736|Urbano|01
52930|Bosque Esmeralda|Fraccionamiento|Atizapán de Zaragoza|México|Ciudad Adolfo López Mateos|52901|15|52901|21|013|7031|Urbano|01
52930|Chiluca|Pueblo|Atizapán de Zaragoza|México|Ciudad Adolfo López Mateos|52901|15|52901|28|013|8171|Urbano|01
52934|Rancho Blanco Ejido de Espíritu Santo|Ejido|Atizapán de Zaragoza|México|Ciudad Adolfo López Mateos|52901|15|52901|15|013|8176|Urbano|01
52936|Prado Largo|Fraccionamiento|Atizapán de Zaragoza|México|Ciudad Adolfo López Mateos|52901|15|52901|21|013|2163|Urbano|01
52937|Club de Golf Vallescondido|Fraccionamiento|Atizapán de Zaragoza|México|Ciudad Adolfo López Mateos|52901|15|52901|21|013|2165|Urbano|01
52937|Hacienda de Valle Escondido|Fraccionamiento|Atizapán de Zaragoza|México|Ciudad Adolfo López Mateos|52901|15|52901|21|013|2166|Urbano|01
52937|Valle Escondido|Fraccionamiento|Atizapán de Zaragoza|México|Ciudad Adolfo López Mateos|52901|15|52901|21|013|2167|Urbano|01
52938|Condado de Sayavedra|Fraccionamiento|Atizapán de Zaragoza|México|Ciudad Adolfo López Mateos|52901|15|52901|21|013|2168|Urbano|01
52938|Fincas de Sayavedra|Colonia|Atizapán de Zaragoza|México|Ciudad Adolfo López Mateos|52901|15|52901|09|013|5637|Urbano|01
52938|Rancho San Juan|Fraccionamiento|Atizapán de Zaragoza|México|Ciudad Adolfo López Mateos|52901|15|52901|21|013|9681|Urbano|01
52940|Rinconada Bonfil|Colonia|Atizapán de Zaragoza|México|Ciudad Adolfo López Mateos|52901|15|52901|09|013|0005|Urbano|01
52940|Alfredo V. Bonfil|Colonia|Atizapán de Zaragoza|México|Ciudad Adolfo López Mateos|52901|15|52901|09|013|2173|Urbano|01
52940|Ampliación Alfredo V Bonfil|Colonia|Atizapán de Zaragoza|México|Ciudad Adolfo López Mateos|52901|15|52901|09|013|2174|Urbano|01
52940|Prof. Cristóbal Higuera|Colonia|Atizapán de Zaragoza|México|Ciudad Adolfo López Mateos|52901|15|52901|09|013|2176|Urbano|01
52940|Prof. Cristóbal Higuera Ampliación|Colonia|Atizapán de Zaragoza|México|Ciudad Adolfo López Mateos|52901|15|52901|09|013|2177|Urbano|01
52940|Luis Donaldo Colosio|Colonia|Atizapán de Zaragoza|México|Ciudad Adolfo López Mateos|52901|15|52901|09|013|4737|Urbano|01
52945|Atizapán|Ejido|Atizapán de Zaragoza|México|Ciudad Adolfo López Mateos|52901|15|52901|15|013|2178|Urbano|01
52945|Real de Atizapán|Fraccionamiento|Atizapán de Zaragoza|México|Ciudad Adolfo López Mateos|52901|15|52901|21|013|2179|Urbano|01
52945|Rinconada de las Arboledas|Fraccionamiento|Atizapán de Zaragoza|México|Ciudad Adolfo López Mateos|52901|15|52901|21|013|2181|Urbano|01
52945|Vergel de Arboledas|Fraccionamiento|Atizapán de Zaragoza|México|Ciudad Adolfo López Mateos|52901|15|52901|21|013|2183|Urbano|01
52945|La Explanada|Colonia|Atizapán de Zaragoza|México|Ciudad Adolfo López Mateos|52901|15|52901|09|013|4738|Urbano|01
52946|San Juan Bosco|Colonia|Atizapán de Zaragoza|México|Ciudad Adolfo López Mateos|52901|15|52901|09|013|2184|Urbano|01
52947|Lomas Lindas I Sección|Fraccionamiento|Atizapán de Zaragoza|México|Ciudad Adolfo López Mateos|52901|15|52901|21|013|2185|Urbano|01
52947|La Cima|Fraccionamiento|Atizapán de Zaragoza|México|Ciudad Adolfo López Mateos|52901|15|52901|21|013|4739|Urbano|01
52947|Lomas Lindas II Sección|Fraccionamiento|Atizapán de Zaragoza|México|Ciudad Adolfo López Mateos|52901|15|52901|21|013|8178|Urbano|01
52948|Boulevares de Atizapán|Fraccionamiento|Atizapán de Zaragoza|México|Ciudad Adolfo López Mateos|52901|15|52901|21|013|2187|Urbano|01
52948|El Pedregal de Atizapán|Fraccionamiento|Atizapán de Zaragoza|México|Ciudad Adolfo López Mateos|52901|15|52901|21|013|2188|Urbano|01
52948|Central de Abastos|Zona comercial|Atizapán de Zaragoza|México|Ciudad Adolfo López Mateos|52901|15|52901|33|013|4740|Urbano|01
52948|El Riachuelo|Colonia|Atizapán de Zaragoza|México|Ciudad Adolfo López Mateos|52901|15|52901|09|013|4741|Urbano|01
52949|Las Águilas|Colonia|Atizapán de Zaragoza|México|Ciudad Adolfo López Mateos|52901|15|52901|09|013|2189|Urbano|01
52949|Sagitario I|Colonia|Atizapán de Zaragoza|México|Ciudad Adolfo López Mateos|52901|15|52901|09|013|2191|Urbano|01
52949|Seis de Octubre|Colonia|Atizapán de Zaragoza|México|Ciudad Adolfo López Mateos|52901|15|52901|09|013|4742|Urbano|01
52950|Las Arboledas|Fraccionamiento|Atizapán de Zaragoza|México|Ciudad Adolfo López Mateos|52901|15|52901|21|013|2192|Urbano|01
52953|Ahuehuetes|Colonia|Atizapán de Zaragoza|México|Ciudad Adolfo López Mateos|52901|15|52901|09|013|2193|Urbano|01
52953|Las Colonias|Colonia|Atizapán de Zaragoza|México|Ciudad Adolfo López Mateos|52901|15|52901|09|013|2195|Urbano|01
52953|Laureles|Fraccionamiento|Atizapán de Zaragoza|México|Ciudad Adolfo López Mateos|52901|15|52901|21|013|9643|Urbano|01
52953|Torres de Atizapán VI|Fraccionamiento|Atizapán de Zaragoza|México|Ciudad Adolfo López Mateos|52901|15|52901|21|013|9644|Urbano|01
52953|Torres de Atizapán VIII|Colonia|Atizapán de Zaragoza|México|Ciudad Adolfo López Mateos|52901|15|52901|09|013|9645|Urbano|01
52957|Mayorazgos de la Concordia|Fraccionamiento|Atizapán de Zaragoza|México|Ciudad Adolfo López Mateos|52901|15|52901|21|013|2205|Urbano|01
52957|Mayorazgos de los Gigantes|Fraccionamiento|Atizapán de Zaragoza|México|Ciudad Adolfo López Mateos|52901|15|52901|21|013|2206|Urbano|01
52957|Mayorazgos del Bosque|Fraccionamiento|Atizapán de Zaragoza|México|Ciudad Adolfo López Mateos|52901|15|52901|21|013|2207|Urbano|01
52957|Club Hípico San Miguel|Fraccionamiento|Atizapán de Zaragoza|México|Ciudad Adolfo López Mateos|52901|15|52901|21|013|8181|Urbano|01
52959|Club de Golf Hacienda|Fraccionamiento|Atizapán de Zaragoza|México|Ciudad Adolfo López Mateos|52901|15|52901|21|013|2210|Urbano|01
52960|Barrio Norte|Colonia|Atizapán de Zaragoza|México|Ciudad Adolfo López Mateos|52901|15|52901|09|013|2211|Urbano|01
52965|La Condesa|Fraccionamiento|Atizapán de Zaragoza|México|Ciudad Adolfo López Mateos|52901|15|52901|21|013|2212|Urbano|01
52966|México Nuevo|Colonia|Atizapán de Zaragoza|México|Ciudad Adolfo López Mateos|52901|15|52901|09|013|2217|Urbano|01
52966|27 de Septiembre|Unidad habitacional|Atizapán de Zaragoza|México|Ciudad Adolfo López Mateos|52901|15|52901|31|013|2218|Urbano|01
52967|Bosques de Atizapán|Fraccionamiento|Atizapán de Zaragoza|México|Ciudad Adolfo López Mateos|52901|15|52901|21|013|2219|Urbano|01
52967|Coporo|Colonia|Atizapán de Zaragoza|México|Ciudad Adolfo López Mateos|52901|15|52901|09|013|2220|Urbano|01
52967|Rincón de los Bosques|Colonia|Atizapán de Zaragoza|México|Ciudad Adolfo López Mateos|52901|15|52901|09|013|2223|Urbano|01
52967|Rinconada de Atizapán|Fraccionamiento|Atizapán de Zaragoza|México|Ciudad Adolfo López Mateos|52901|15|52901|21|013|2224|Urbano|01
52968|Fraccionamiento Industrial El Pedregal|Zona industrial|Atizapán de Zaragoza|México|Ciudad Adolfo López Mateos|52901|15|52901|37|013|0003|Urbano|01
52968|Zona Industrial 1 (Prof. Cristóbal Higuera)|Zona industrial|Atizapán de Zaragoza|México|Ciudad Adolfo López Mateos|52901|15|52901|37|013|2225|Urbano|01
52968|Zona Industrial 2 (México Nuevo)|Zona industrial|Atizapán de Zaragoza|México|Ciudad Adolfo López Mateos|52901|15|52901|37|013|2226|Urbano|01
52970|San José|Fraccionamiento|Atizapán de Zaragoza|México|Ciudad Adolfo López Mateos|52901|15|52901|21|013|0004|Urbano|01
52970|Valle de México|Fraccionamiento|Atizapán de Zaragoza|México|Ciudad Adolfo López Mateos|52901|15|52901|21|013|2170|Urbano|01
52970|La Ermita|Colonia|Atizapán de Zaragoza|México|Ciudad Adolfo López Mateos|52901|15|52901|09|013|2227|Urbano|01
52970|Las Alamedas|Fraccionamiento|Atizapán de Zaragoza|México|Ciudad Adolfo López Mateos|52901|15|52901|21|013|2228|Urbano|01
52975|El Potrero|Colonia|Atizapán de Zaragoza|México|Ciudad Adolfo López Mateos|52901|15|52901|09|013|2229|Urbano|01
52975|Lomas de San Lorenzo|Colonia|Atizapán de Zaragoza|México|Ciudad Adolfo López Mateos|52901|15|52901|09|013|2230|Urbano|01
52975|Lomas de San Lorenzo Ampliación|Colonia|Atizapán de Zaragoza|México|Ciudad Adolfo López Mateos|52901|15|52901|09|013|8168|Urbano|01
52975|Rincón de la Montaña|Fraccionamiento|Atizapán de Zaragoza|México|Ciudad Adolfo López Mateos|52901|15|52901|21|013|8172|Urbano|01
52976|Atizapán Moderno|Fraccionamiento|Atizapán de Zaragoza|México|Ciudad Adolfo López Mateos|52901|15|52901|21|013|2231|Urbano|01
52977|14 de Diciembre|Unidad habitacional|Atizapán de Zaragoza|México|Ciudad Adolfo López Mateos|52901|15|52901|31|013|2232|Urbano|01
52977|Lomas de Atizapán|Fraccionamiento|Atizapán de Zaragoza|México|Ciudad Adolfo López Mateos|52901|15|52901|21|013|2234|Urbano|01
52977|Lomas de Atizapán II|Fraccionamiento|Atizapán de Zaragoza|México|Ciudad Adolfo López Mateos|52901|15|52901|21|013|2236|Urbano|01
52978|Jardines de Atizapán|Fraccionamiento|Atizapán de Zaragoza|México|Ciudad Adolfo López Mateos|52901|15|52901|21|013|2237|Urbano|01
52978|Las Acacias|Fraccionamiento|Atizapán de Zaragoza|México|Ciudad Adolfo López Mateos|52901|15|52901|21|013|2238|Urbano|01
52979|Alborada|Colonia|Atizapán de Zaragoza|México|Ciudad Adolfo López Mateos|52901|15|52901|09|013|2239|Urbano|01
52979|Lázaro Cárdenas|Colonia|Atizapán de Zaragoza|México|Ciudad Adolfo López Mateos|52901|15|52901|09|013|2240|Urbano|01
52979|Paseos de México|Fraccionamiento|Atizapán de Zaragoza|México|Ciudad Adolfo López Mateos|52901|15|52901|21|013|2241|Urbano|01
52980|Las Flores|Colonia|Atizapán de Zaragoza|México|Ciudad Adolfo López Mateos|52901|15|52901|09|013|2113|Urbano|01
52980|San Martín de Porres|Colonia|Atizapán de Zaragoza|México|Ciudad Adolfo López Mateos|52901|15|52901|09|013|2242|Urbano|01
52980|San Martín de Porres Ampliación|Colonia|Atizapán de Zaragoza|México|Ciudad Adolfo López Mateos|52901|15|52901|09|013|4743|Urbano|01
52980|Demetrio Vallejo|Colonia|Atizapán de Zaragoza|México|Ciudad Adolfo López Mateos|52901|15|52901|09|013|4831|Urbano|01
52980|Demetrio Vallejo Ampliación|Colonia|Atizapán de Zaragoza|México|Ciudad Adolfo López Mateos|52901|15|52901|09|013|8174|Urbano|01
52980|Los Cajones|Colonia|Atizapán de Zaragoza|México|Ciudad Adolfo López Mateos|52901|15|52901|09|013|8175|Urbano|01
52985|La Cruz|Colonia|Atizapán de Zaragoza|México|Ciudad Adolfo López Mateos|52901|15|52901|09|013|2244|Urbano|01
52985|Lomas de Guadalupe|Colonia|Atizapán de Zaragoza|México|Ciudad Adolfo López Mateos|52901|15|52901|09|013|2247|Urbano|01
52985|Morelos|Colonia|Atizapán de Zaragoza|México|Ciudad Adolfo López Mateos|52901|15|52901|09|013|2248|Urbano|01
52985|Rincón de la Charrería|Colonia|Atizapán de Zaragoza|México|Ciudad Adolfo López Mateos|52901|15|52901|09|013|2249|Urbano|01
52986|Ignacio López Rayón|Colonia|Atizapán de Zaragoza|México|Ciudad Adolfo López Mateos|52901|15|52901|09|013|2250|Urbano|01
52987|Conjunto Habitacional Villa Sol|Fraccionamiento|Atizapán de Zaragoza|México|Ciudad Adolfo López Mateos|52901|15|52901|21|013|0002|Urbano|01
52987|Capulín Monte Sol|Colonia|Atizapán de Zaragoza|México|Ciudad Adolfo López Mateos|52901|15|52901|09|013|2251|Urbano|01
52987|La Cañada|Fraccionamiento|Atizapán de Zaragoza|México|Ciudad Adolfo López Mateos|52901|15|52901|21|013|2255|Urbano|01
52987|Lomas de Capistrano|Colonia|Atizapán de Zaragoza|México|Ciudad Adolfo López Mateos|52901|15|52901|09|013|2256|Urbano|01
52987|Bosques de San Martín|Colonia|Atizapán de Zaragoza|México|Ciudad Adolfo López Mateos|52901|15|52901|09|013|4832|Urbano|01
52987|Ex Ejido el Mosco|Colonia|Atizapán de Zaragoza|México|Ciudad Adolfo López Mateos|52901|15|52901|09|013|8169|Urbano|01
52988|Casitas Capistrano|Fraccionamiento|Atizapán de Zaragoza|México|Ciudad Adolfo López Mateos|52901|15|52901|21|013|2258|Urbano|01
52989|Residencial Lago Esmeralda|Fraccionamiento|Atizapán de Zaragoza|México|Ciudad Adolfo López Mateos|52901|15|52901|21|013|0001|Urbano|01
52989|Nuevo Madín|Colonia|Atizapán de Zaragoza|México|Ciudad Adolfo López Mateos|52901|15|52901|09|013|2259|Urbano|01
52989|Viejo Madín|Colonia|Atizapán de Zaragoza|México|Ciudad Adolfo López Mateos|52901|15|52901|09|013|8177|Rural|01
52990|Calacoaya|Pueblo|Atizapán de Zaragoza|México|Ciudad Adolfo López Mateos|52901|15|52901|28|013|2260|Urbano|01
52990|El Chaparral|Colonia|Atizapán de Zaragoza|México|Ciudad Adolfo López Mateos|52901|15|52901|09|013|2261|Urbano|01
52990|El Chaparral Ampliación|Colonia|Atizapán de Zaragoza|México|Ciudad Adolfo López Mateos|52901|15|52901|09|013|2262|Urbano|01
52994|Lomas de Bellavista|Fraccionamiento|Atizapán de Zaragoza|México|Ciudad Adolfo López Mateos|52901|15|52901|21|013|2265|Urbano|01
52995|Club de Golf Bellavista|Fraccionamiento|Atizapán de Zaragoza|México|Ciudad Adolfo López Mateos|52901|15|52901|21|013|2266|Urbano|01
52996|Conjunto Taxco|Colonia|Atizapán de Zaragoza|México|Ciudad Adolfo López Mateos|52901|15|52901|09|013|2268|Urbano|01
52996|Explanada Calacoaya|Fraccionamiento|Atizapán de Zaragoza|México|Ciudad Adolfo López Mateos|52901|15|52901|21|013|2269|Urbano|01
52996|Privada de Las Arboledas|Fraccionamiento|Atizapán de Zaragoza|México|Ciudad Adolfo López Mateos|52901|15|52901|21|013|2270|Urbano|01
52996|Privada las Huertas|Fraccionamiento|Atizapán de Zaragoza|México|Ciudad Adolfo López Mateos|52901|15|52901|21|013|2271|Urbano|01
52996|Calacoaya Residencial|Fraccionamiento|Atizapán de Zaragoza|México|Ciudad Adolfo López Mateos|52901|15|52901|21|013|2272|Urbano|01
52996|Rincón Colonial|Fraccionamiento|Atizapán de Zaragoza|México|Ciudad Adolfo López Mateos|52901|15|52901|21|013|2273|Urbano|01
52996|ISSEMYM|Unidad habitacional|Atizapán de Zaragoza|México|Ciudad Adolfo López Mateos|52901|15|52901|31|013|4744|Urbano|01
52997|Cinco de Mayo|Colonia|Atizapán de Zaragoza|México|Ciudad Adolfo López Mateos|52901|15|52901|09|013|2274|Urbano|01
52997|El Calvario|Colonia|Atizapán de Zaragoza|México|Ciudad Adolfo López Mateos|52901|15|52901|09|013|2275|Urbano|01
52998|Fuentes del Sol|Fraccionamiento|Atizapán de Zaragoza|México|Ciudad Adolfo López Mateos|52901|15|52901|21|013|2278|Urbano|01
52998|Fuentes de Satélite|Fraccionamiento|Atizapán de Zaragoza|México|Ciudad Adolfo López Mateos|52901|15|52901|21|013|2279|Urbano|01
52998|Rancho Castro|Colonia|Atizapán de Zaragoza|México|Ciudad Adolfo López Mateos|52901|15|52901|09|013|8180|Urbano|01
52998|Misión de la Presa|Fraccionamiento|Atizapán de Zaragoza|México|Ciudad Adolfo López Mateos|52901|15|52901|21|013|9680|Urbano|01
53000|San Bartolo Naucalpan (Naucalpan Centro)|Pueblo|Naucalpan de Juárez|México|Naucalpan de Juárez|53001|15|53001|28|057|2280|Urbano|09
53000|Unidad Morelos|Colonia|Naucalpan de Juárez|México|Naucalpan de Juárez|53001|15|53001|09|057|6446|Urbano|09
53010|Conjunto San Miguel|Fraccionamiento|Naucalpan de Juárez|México|Naucalpan de Juárez|53001|15|53001|21|057|2282|Urbano|09
53030|Bosque de los Remedios|Colonia|Naucalpan de Juárez|México|Naucalpan de Juárez|53001|15|53001|09|057|2284|Urbano|09
53040|Las Américas|Fraccionamiento|Naucalpan de Juárez|México|Naucalpan de Juárez|53001|15|53001|21|057|2285|Urbano|09
53050|El Mirador|Fraccionamiento|Naucalpan de Juárez|México|Naucalpan de Juárez|53001|15|53001|21|057|2287|Urbano|09
53060|Loma Taurina|Colonia|Naucalpan de Juárez|México|Naucalpan de Juárez|53001|15|53001|09|057|2288|Urbano|09
53070|Adolfo López Mateos|Colonia|Naucalpan de Juárez|México|Naucalpan de Juárez|53001|15|53001|09|057|2289|Urbano|09
53100|Ciudad Satélite|Fraccionamiento|Naucalpan de Juárez|México|Naucalpan de Juárez|53101|15|53101|21|057|2290|Urbano|09
53100|Club Cuicacalli|Fraccionamiento|Naucalpan de Juárez|México|Naucalpan de Juárez|53101|15|53101|21|057|6438|Urbano|09
53110|Santa Cruz del Monte|Pueblo|Naucalpan de Juárez|México|Naucalpan de Juárez|53121|15|53121|28|057|2295|Urbano|09
53110|Fontana Residencial|Fraccionamiento|Naucalpan de Juárez|México|Naucalpan de Juárez|53121|15|53121|21|057|6442|Urbano|09
53110|Bugambilias|Fraccionamiento|Naucalpan de Juárez|México|Naucalpan de Juárez|53121|15|53121|21|057|9142|Urbano|09
53115|Lomas de Las Fuentes|Fraccionamiento|Naucalpan de Juárez|México|Naucalpan de Juárez|53121|15|53121|21|057|2297|Urbano|09
53116|La Alteza|Fraccionamiento|Naucalpan de Juárez|México|Naucalpan de Juárez|53121|15|53121|21|057|2298|Urbano|09
53117|El Sauzalito|Fraccionamiento|Naucalpan de Juárez|México|Naucalpan de Juárez|53121|15|53121|21|057|2299|Urbano|09
53117|Cristóbal Colón|Fraccionamiento|Naucalpan de Juárez|México|Naucalpan de Juárez|53121|15|53121|21|057|6440|Urbano|09
53119|Colonial Satélite|Fraccionamiento|Naucalpan de Juárez|México|Naucalpan de Juárez|53121|15|53121|21|057|2301|Urbano|09
53120|Lomas Verdes 1a Sección|Fraccionamiento|Naucalpan de Juárez|México|Naucalpan de Juárez|53121|15|53121|21|057|2302|Urbano|09
53120|Lomas Verdes (Conjunto Lomas Verdes)|Fraccionamiento|Naucalpan de Juárez|México|Naucalpan de Juárez|53121|15|53121|21|057|2303|Urbano|09
53124|Bosque Alto|Colonia|Naucalpan de Juárez|México|Naucalpan de Juárez|53121|15|53121|09|057|2307|Urbano|09
53124|Petroquímica Lomas Verdes|Unidad habitacional|Naucalpan de Juárez|México|Naucalpan de Juárez|53121|15|53121|31|057|2308|Urbano|09
53124|La Cuspide|Colonia|Naucalpan de Juárez|México|Naucalpan de Juárez|53121|15|53121|09|057|4844|Urbano|09
53125|Lomas Verdes 3a Sección|Fraccionamiento|Naucalpan de Juárez|México|Naucalpan de Juárez|53121|15|53121|21|057|2309|Urbano|09
53125|Lomas Verdes 4a Sección|Fraccionamiento|Naucalpan de Juárez|México|Naucalpan de Juárez|53121|15|53121|21|057|2310|Urbano|09
53126|Lomas Verdes 5a Sección (La Concordia)|Fraccionamiento|Naucalpan de Juárez|México|Naucalpan de Juárez|53121|15|53121|21|057|2312|Urbano|09
53126|Lomas Verdes 6a Sección|Fraccionamiento|Naucalpan de Juárez|México|Naucalpan de Juárez|53121|15|53121|21|057|5702|Urbano|09
53126|El Cristo|Colonia|Naucalpan de Juárez|México|null|53121|15|53121|09|057|8832|Rural|null
53127|La Alteña I|Fraccionamiento|Naucalpan de Juárez|México|Naucalpan de Juárez|53121|15|53121|21|057|2314|Urbano|09
53127|La Alteña II|Fraccionamiento|Naucalpan de Juárez|México|Naucalpan de Juárez|53121|15|53121|21|057|2315|Urbano|09
53127|La Alteña III|Fraccionamiento|Naucalpan de Juárez|México|Naucalpan de Juárez|53121|15|53121|21|057|2316|Urbano|09
53127|Lomas de Santa Cruz|Fraccionamiento|Naucalpan de Juárez|México|Naucalpan de Juárez|53121|15|53121|21|057|6439|Urbano|09
53128|Conjunto la Ronda|Colonia|Naucalpan de Juárez|México|Naucalpan de Juárez|53121|15|53121|09|057|2317|Urbano|09
53128|Residencial Santa Cruz|Fraccionamiento|Naucalpan de Juárez|México|Naucalpan de Juárez|53121|15|53121|21|057|2318|Urbano|09
53129|Jardines de Satélite|Fraccionamiento|Naucalpan de Juárez|México|Naucalpan de Juárez|53121|15|53121|21|057|2319|Urbano|09
53129|Telefonistas|Unidad habitacional|Naucalpan de Juárez|México|Naucalpan de Juárez|53121|15|53121|31|057|6441|Urbano|09
53130|Jardines de la Florida|Fraccionamiento|Naucalpan de Juárez|México|Naucalpan de Juárez|53101|15|53101|21|057|2322|Urbano|09
53138|Hacienda de Cristo (Exhacienda de Cristo)|Colonia|Naucalpan de Juárez|México|Naucalpan de Juárez|53101|15|53101|09|057|2323|Urbano|09
53140|Boulevares|Fraccionamiento|Naucalpan de Juárez|México|Naucalpan de Juárez|53121|15|53121|21|057|2325|Urbano|09
53140|Misiones|Fraccionamiento|Naucalpan de Juárez|México|Naucalpan de Juárez|53121|15|53121|21|057|2326|Urbano|09
53140|Ampliación Misiones|Fraccionamiento|Naucalpan de Juárez|México|Naucalpan de Juárez|53121|15|53121|21|057|2327|Urbano|09
53140|Jardines de Boulevares|Fraccionamiento|Naucalpan de Juárez|México|Naucalpan de Juárez|53121|15|53121|21|057|6437|Urbano|09
53150|Santa Cruz Acatlán|Pueblo|Naucalpan de Juárez|México|Naucalpan de Juárez|53121|15|53121|28|057|2329|Urbano|09
53160|La Florida|Fraccionamiento|Naucalpan de Juárez|México|Naucalpan de Juárez|53101|15|53101|21|057|2330|Urbano|09
53170|Loma de Cristy|Fraccionamiento|Naucalpan de Juárez|México|Naucalpan de Juárez|53121|15|53121|21|057|2333|Urbano|09
53177|Rinconada Diligencias|Fraccionamiento|Naucalpan de Juárez|México|Naucalpan de Juárez|53121|15|53121|21|057|2335|Urbano|09
53178|La Soledad|Fraccionamiento|Naucalpan de Juárez|México|Naucalpan de Juárez|53121|15|53121|21|057|2336|Urbano|09
53179|Lomas Verdes INFONAVIT|Unidad habitacional|Naucalpan de Juárez|México|Naucalpan de Juárez|53121|15|53121|31|057|2337|Urbano|09
53200|Lomas de San Mateo|Fraccionamiento|Naucalpan de Juárez|México|Naucalpan de Juárez|53001|15|53001|21|057|2339|Urbano|09
53200|La Atalaya|Fraccionamiento|Naucalpan de Juárez|México|Naucalpan de Juárez|53001|15|53001|21|057|9147|Urbano|09
53215|Casas Viejas (La Era)|Colonia|Naucalpan de Juárez|México|Naucalpan de Juárez|53001|15|53001|09|057|4834|Urbano|09
53215|La Huerta San Mateo|Fraccionamiento|Naucalpan de Juárez|México|Naucalpan de Juárez|53001|15|53001|21|057|9148|Urbano|09
53215|La Barranquilla|Fraccionamiento|Naucalpan de Juárez|México|Naucalpan de Juárez|53001|15|53001|21|057|9149|Urbano|09
53216|Santiago Tepatlaxco|Pueblo|Naucalpan de Juárez|México|Naucalpan de Juárez|53001|15|53001|28|057|2342|Urbano|09
53217|La Presa (Tejocote)|Colonia|Naucalpan de Juárez|México|Naucalpan de Juárez|53001|15|53001|09|057|2344|Urbano|09
53217|El Tejocote 2da. Sección|Colonia|Naucalpan de Juárez|México|Naucalpan de Juárez|53001|15|53001|09|057|9154|Urbano|09
53217|El Tejocote|Colonia|Naucalpan de Juárez|México|Naucalpan de Juárez|53001|15|53001|09|057|9155|Urbano|09
53218|Colinas de San Mateo|Colonia|Naucalpan de Juárez|México|Naucalpan de Juárez|53001|15|53001|09|057|2347|Urbano|09
53218|Rancho Colorado|Colonia|Naucalpan de Juárez|México|Naucalpan de Juárez|53001|15|53001|09|057|9150|Urbano|09
53219|Rincón Verde|Colonia|Naucalpan de Juárez|México|Naucalpan de Juárez|53001|15|53001|09|057|2348|Urbano|09
53220|San Mateo Nopala|Pueblo|Naucalpan de Juárez|México|Naucalpan de Juárez|53001|15|53001|28|057|2349|Urbano|09
53220|Rinconada de los Parques|Colonia|Naucalpan de Juárez|México|Naucalpan de Juárez|53001|15|53001|09|057|4837|Urbano|09
53220|Rincón de Las Fuentes|Fraccionamiento|Naucalpan de Juárez|México|Naucalpan de Juárez|53001|15|53001|21|057|6433|Urbano|09
53220|Real San Mateo|Fraccionamiento|Naucalpan de Juárez|México|Naucalpan de Juárez|53001|15|53001|21|057|6434|Urbano|09
53220|La Joya II|Fraccionamiento|Naucalpan de Juárez|México|Naucalpan de Juárez|53001|15|53001|21|057|9143|Urbano|09
53220|La Joya I|Fraccionamiento|Naucalpan de Juárez|México|Naucalpan de Juárez|53001|15|53001|21|057|9144|Urbano|09
53220|La Joyita|Fraccionamiento|Naucalpan de Juárez|México|Naucalpan de Juárez|53001|15|53001|21|057|9145|Urbano|09
53224|San Mateo Nopala Zona Norte|Colonia|Naucalpan de Juárez|México|Naucalpan de Juárez|53001|15|53001|09|057|2351|Urbano|09
53227|Izcalli San Mateo|Fraccionamiento|Naucalpan de Juárez|México|Naucalpan de Juárez|53001|15|53001|21|057|2354|Urbano|09
53227|San Mateo Nopala Zona Sur|Colonia|Naucalpan de Juárez|México|Naucalpan de Juárez|53001|15|53001|09|057|2355|Urbano|09
53227|Rinconada San Mateo|Fraccionamiento|Naucalpan de Juárez|México|Naucalpan de Juárez|53001|15|53001|21|057|6435|Urbano|09
53227|Cumbres de San Mateo|Colonia|Naucalpan de Juárez|México|Naucalpan de Juárez|53001|15|53001|09|057|8974|Urbano|09
53227|Pedregal de San Mateo|Fraccionamiento|Naucalpan de Juárez|México|Naucalpan de Juárez|53001|15|53001|21|057|9152|Urbano|09
53228|Praderas de San Mateo|Colonia|Naucalpan de Juárez|México|Naucalpan de Juárez|53001|15|53001|09|057|2356|Urbano|09
53228|Santa Rosa|Colonia|Naucalpan de Juárez|México|Naucalpan de Juárez|53001|15|53001|09|057|4835|Urbano|09
53228|La Luna (San Mateo Nopala)|Colonia|Naucalpan de Juárez|México|Naucalpan de Juárez|53001|15|53001|09|057|4839|Urbano|09
53228|El Risco|Fraccionamiento|Naucalpan de Juárez|México|Naucalpan de Juárez|53001|15|53001|21|057|6436|Urbano|09
53228|Laderas de la Colmena|Fraccionamiento|Naucalpan de Juárez|México|Naucalpan de Juárez|53001|15|53001|21|057|9146|Urbano|09
53228|Los Emperadores|Fraccionamiento|Naucalpan de Juárez|México|Naucalpan de Juárez|53001|15|53001|21|057|9153|Urbano|09
53229|San Mateo Nopala (Bellavista)|Ejido|Naucalpan de Juárez|México|null|53001|15|53001|15|057|2345|Rural|null
53229|Las Ánimas (Ex-Hacienda las Ánimas)|Colonia|Naucalpan de Juárez|México|null|53001|15|53001|09|057|7921|Rural|null
53229|Pinos II|Colonia|Naucalpan de Juárez|México|null|53001|15|53001|09|057|8836|Rural|null
53229|Jardines del Ojo de Agua|Colonia|Naucalpan de Juárez|México|null|53001|15|53001|09|057|8837|Rural|null
53229|Puente de Piedra|Colonia|Naucalpan de Juárez|México|null|53001|15|53001|09|057|8844|Rural|null
53229|El Cobradero|Colonia|Naucalpan de Juárez|México|null|53001|15|53001|09|057|8849|Rural|null
53229|Cipreses (Las Julianas)|Barrio|Naucalpan de Juárez|México|null|53001|15|53001|02|057|8850|Rural|null
53229|El Puerto|Colonia|Naucalpan de Juárez|México|null|53001|15|53001|09|057|8851|Rural|null
53229|El Chabacano|Colonia|Naucalpan de Juárez|México|Naucalpan de Juárez|53001|15|53001|09|057|8852|Rural|09
53229|Las Arenillas|Barrio|Naucalpan de Juárez|México|null|53001|15|53001|02|057|8853|Rural|null
53229|Córdoba|Colonia|Naucalpan de Juárez|México|null|53001|15|53001|09|057|8854|Rural|null
53229|La Rosa|Colonia|Naucalpan de Juárez|México|null|53001|15|53001|09|057|8855|Rural|null
53229|La Hiedra|Colonia|Naucalpan de Juárez|México|null|53001|15|53001|09|057|8856|Rural|null
53229|Juan Gómez|Barrio|Naucalpan de Juárez|México|null|53001|15|53001|02|057|8858|Rural|null
53229|La Cuesta|Colonia|Naucalpan de Juárez|México|null|53001|15|53001|09|057|8859|Rural|null
53229|Las Peñitas|Barrio|Naucalpan de Juárez|México|null|53001|15|53001|02|057|8862|Rural|null
53229|Tito|Barrio|Naucalpan de Juárez|México|null|53001|15|53001|02|057|8864|Rural|null
53229|Agua Buena|Barrio|Naucalpan de Juárez|México|null|53001|15|53001|02|057|8865|Rural|null
53229|Rancho Viejo|Barrio|Naucalpan de Juárez|México|null|53001|15|53001|02|057|9131|Rural|null
53229|Del Tejocote|Ejido|Naucalpan de Juárez|México|null|53001|15|53001|15|057|9175|Rural|null
53230|Los Álamos|Fraccionamiento|Naucalpan de Juárez|México|Naucalpan de Juárez|53001|15|53001|21|057|2357|Urbano|09
53237|Los Fresnos|Fraccionamiento|Naucalpan de Juárez|México|Naucalpan de Juárez|53001|15|53001|21|057|2359|Urbano|09
53239|Ampliación Los Fresnos|Fraccionamiento|Naucalpan de Juárez|México|Naucalpan de Juárez|53001|15|53001|21|057|4840|Urbano|09
53240|Jardines de San Mateo Sección Colinas|Fraccionamiento|Naucalpan de Juárez|México|Naucalpan de Juárez|53001|15|53001|21|057|2346|Urbano|09
53240|Jardines de San Mateo|Fraccionamiento|Naucalpan de Juárez|México|Naucalpan de Juárez|53001|15|53001|21|057|2361|Urbano|09
53240|Anexo Jardines de San Mateo|Fraccionamiento|Naucalpan de Juárez|México|Naucalpan de Juárez|53001|15|53001|21|057|2362|Urbano|09
53240|Alcanfores|Fraccionamiento|Naucalpan de Juárez|México|Naucalpan de Juárez|53001|15|53001|21|057|2363|Urbano|09
53240|Prado San Mateo|Fraccionamiento|Naucalpan de Juárez|México|Naucalpan de Juárez|53001|15|53001|21|057|2364|Urbano|09
53240|Valle de San Mateo|Fraccionamiento|Naucalpan de Juárez|México|Naucalpan de Juárez|53001|15|53001|21|057|2365|Urbano|09
53247|Lomas de Occipaco|Colonia|Naucalpan de Juárez|México|Naucalpan de Juárez|53001|15|53001|09|057|2367|Urbano|09
53248|Laderas de San Mateo|Fraccionamiento|Naucalpan de Juárez|México|Naucalpan de Juárez|53001|15|53001|21|057|2368|Urbano|09
53250|Santiago Occipaco|Pueblo|Naucalpan de Juárez|México|Naucalpan de Juárez|53001|15|53001|28|057|2370|Urbano|09
53250|La Palma|Fraccionamiento|Naucalpan de Juárez|México|Naucalpan de Juárez|53001|15|53001|21|057|9151|Urbano|09
53260|México 68|Colonia|Naucalpan de Juárez|México|Naucalpan de Juárez|53001|15|53001|09|057|2372|Urbano|09
53270|San Juan Totoltepec|Pueblo|Naucalpan de Juárez|México|Naucalpan de Juárez|53001|15|53001|28|057|2373|Urbano|09
53270|Las Papas|Fraccionamiento|Naucalpan de Juárez|México|Naucalpan de Juárez|53001|15|53001|21|057|9161|Urbano|09
53278|Izcalli del Bosque|Fraccionamiento|Naucalpan de Juárez|México|Naucalpan de Juárez|53001|15|53001|21|057|2377|Urbano|09
53279|Bosques de Moctezuma|Colonia|Naucalpan de Juárez|México|Naucalpan de Juárez|53001|15|53001|09|057|2378|Urbano|09
53279|Tercer Mundo|Colonia|Naucalpan de Juárez|México|Naucalpan de Juárez|53001|15|53001|09|057|4841|Urbano|09
53280|Ciudad Brisa|Fraccionamiento|Naucalpan de Juárez|México|Naucalpan de Juárez|53001|15|53001|21|057|2379|Urbano|09
53283|Pedregal de Echegaray|Fraccionamiento|Naucalpan de Juárez|México|Naucalpan de Juárez|53001|15|53001|21|057|4842|Urbano|09
53283|Tiahui|Fraccionamiento|Naucalpan de Juárez|México|Naucalpan de Juárez|53001|15|53001|21|057|6432|Urbano|09
53290|Balcones de San Mateo|Fraccionamiento|Naucalpan de Juárez|México|Naucalpan de Juárez|53001|15|53001|21|057|2338|Urbano|09
53290|Vista del Valle Sección Electricistas|Fraccionamiento|Naucalpan de Juárez|México|Naucalpan de Juárez|53001|15|53001|21|057|2380|Urbano|09
53296|Vista del Valle II, III, IV y IX|Fraccionamiento|Naucalpan de Juárez|México|Naucalpan de Juárez|53001|15|53001|21|057|2381|Urbano|09
53296|Xalpa de La Huerta|Fraccionamiento|Naucalpan de Juárez|México|Naucalpan de Juárez|53001|15|53001|21|057|6430|Urbano|09
53296|Vista del Valle Sección Bosques|Fraccionamiento|Naucalpan de Juárez|México|Naucalpan de Juárez|53001|15|53001|21|057|6431|Urbano|09
53297|Paseos del Bosque|Fraccionamiento|Naucalpan de Juárez|México|Naucalpan de Juárez|53001|15|53001|21|057|2382|Urbano|09
53297|Ex-Ejido Santiago Occipaco|Colonia|Naucalpan de Juárez|México|Naucalpan de Juárez|53001|15|53001|09|057|9203|Urbano|09
53298|Cumbres de Himalaya|Colonia|Naucalpan de Juárez|México|Naucalpan de Juárez|53001|15|53001|09|057|2383|Urbano|09
53300|Colón Echegaray|Fraccionamiento|Naucalpan de Juárez|México|Naucalpan de Juárez|53311|15|53311|21|057|2384|Urbano|09
53300|Hacienda de Echegaray|Fraccionamiento|Naucalpan de Juárez|México|Naucalpan de Juárez|53311|15|53311|21|057|2385|Urbano|09
53309|Rincón Echegaray|Fraccionamiento|Naucalpan de Juárez|México|Naucalpan de Juárez|53311|15|53311|21|057|2386|Urbano|09
53310|Bosque de Echegaray|Fraccionamiento|Naucalpan de Juárez|México|Naucalpan de Juárez|53311|15|53311|21|057|2387|Urbano|09
53310|Bosque de Echegaray Sección Electricistas|Fraccionamiento|Naucalpan de Juárez|México|Naucalpan de Juárez|53311|15|53311|21|057|6429|Urbano|09
53320|Diez de Abril|Colonia|Naucalpan de Juárez|México|Naucalpan de Juárez|53311|15|53311|09|057|2390|Urbano|09
53329|Rivera de Echegaray|Fraccionamiento|Naucalpan de Juárez|México|Naucalpan de Juárez|53311|15|53311|21|057|2391|Urbano|09
53330|Cervecera Modelo|Colonia|Naucalpan de Juárez|México|Naucalpan de Juárez|53311|15|53311|09|057|2392|Urbano|09
53338|Santa María Nativitas|Pueblo|Naucalpan de Juárez|México|Naucalpan de Juárez|53311|15|53311|28|057|2283|Urbano|09
53338|Conjunto la Huerta|Fraccionamiento|Naucalpan de Juárez|México|Naucalpan de Juárez|53311|15|53311|21|057|2395|Urbano|09
53339|Rincón del Bosque de Echegaray|Fraccionamiento|Naucalpan de Juárez|México|Naucalpan de Juárez|53311|15|53311|21|057|2396|Urbano|09
53340|La Perla|Fraccionamiento|Naucalpan de Juárez|México|Naucalpan de Juárez|53311|15|53311|21|057|2397|Urbano|09
53340|Los Pastores|Fraccionamiento|Naucalpan de Juárez|México|Naucalpan de Juárez|53311|15|53311|21|057|2398|Urbano|09
53348|Industrial La Perla|Zona industrial|Naucalpan de Juárez|México|Naucalpan de Juárez|53311|15|53311|37|057|2400|Urbano|09
53350|Rancho Atenco|Colonia|Naucalpan de Juárez|México|Naucalpan de Juárez|53311|15|53311|09|057|2401|Urbano|09
53370|Industrial Alce Blanco|Zona industrial|Naucalpan de Juárez|México|Naucalpan de Juárez|53311|15|53311|37|057|2402|Urbano|09
53370|Naucalpan|Zona industrial|Naucalpan de Juárez|México|Naucalpan de Juárez|53311|15|53311|37|057|2403|Urbano|09
53378|Ahuizotla (Santiago Ahuizotla)|Colonia|Naucalpan de Juárez|México|Naucalpan de Juárez|53311|15|53311|09|057|2406|Urbano|09
53390|Lomas de Sotelo|Fraccionamiento|Naucalpan de Juárez|México|Naucalpan de Juárez|53311|15|53311|21|057|2409|Urbano|09
53398|El Parque|Fraccionamiento|Naucalpan de Juárez|México|Naucalpan de Juárez|53311|15|53311|21|057|2410|Urbano|09
53400|Los Remedios|Pueblo|Naucalpan de Juárez|México|Naucalpan de Juárez|53001|15|53001|28|057|2412|Urbano|09
53410|Ampliación Los Remedios (El Beato)|Colonia|Naucalpan de Juárez|México|Naucalpan de Juárez|53001|15|53001|09|057|2413|Urbano|09
53410|Padre Figueroa|Colonia|Naucalpan de Juárez|México|Naucalpan de Juárez|53001|15|53001|09|057|2414|Urbano|09
53410|Unión Popular|Colonia|Naucalpan de Juárez|México|Naucalpan de Juárez|53001|15|53001|09|057|9162|Urbano|09
53420|Loma Colorada 1ra. Sección|Colonia|Naucalpan de Juárez|México|Naucalpan de Juárez|53001|15|53001|09|057|2415|Urbano|09
53425|La Universal|Colonia|Naucalpan de Juárez|México|Naucalpan de Juárez|53001|15|53001|09|057|2417|Urbano|09
53425|El Corralito|Colonia|Naucalpan de Juárez|México|Naucalpan de Juárez|53001|15|53001|09|057|2493|Urbano|09
53426|San Lorenzo Totolinga|Pueblo|Naucalpan de Juárez|México|Naucalpan de Juárez|53001|15|53001|28|057|2418|Urbano|09
53426|Emiliano Zapata|Colonia|Naucalpan de Juárez|México|Naucalpan de Juárez|53001|15|53001|09|057|2482|Urbano|09
53426|La Cañada - San Lorenzo Totolinga|Colonia|Naucalpan de Juárez|México|Naucalpan de Juárez|53001|15|53001|09|057|2483|Urbano|09
53426|La Raquelito|Colonia|Naucalpan de Juárez|México|Naucalpan de Juárez|53001|15|53001|09|057|2484|Urbano|09
53426|Cuartos II 1a Sección|Colonia|Naucalpan de Juárez|México|Naucalpan de Juárez|53001|15|53001|09|057|2488|Urbano|09
53426|Cuartos III|Colonia|Naucalpan de Juárez|México|Naucalpan de Juárez|53001|15|53001|09|057|2489|Urbano|09
53426|San Lorenzo Totolinga 2a Sección|Colonia|Naucalpan de Juárez|México|Naucalpan de Juárez|53001|15|53001|09|057|6443|Urbano|09
53426|San Lorenzo Totolinga 1a Sección|Colonia|Naucalpan de Juárez|México|Naucalpan de Juárez|53001|15|53001|09|057|6445|Urbano|09
53426|Casa Blanca|Colonia|Naucalpan de Juárez|México|Naucalpan de Juárez|53001|15|53001|09|057|9137|Urbano|09
53426|Los Cuartos II|Colonia|Naucalpan de Juárez|México|Naucalpan de Juárez|53001|15|53001|09|057|9138|Urbano|09
53427|Las Huertas 1a Secc|Colonia|Naucalpan de Juárez|México|Naucalpan de Juárez|53001|15|53001|09|057|2420|Urbano|09
53427|Las Huertas 2a Sección|Colonia|Naucalpan de Juárez|México|Naucalpan de Juárez|53001|15|53001|09|057|2421|Urbano|09
53427|Las Huertas 3a Sección|Colonia|Naucalpan de Juárez|México|Naucalpan de Juárez|53001|15|53001|09|057|2422|Urbano|09
53427|Luisa Isabel Campos de Jiménez Cantú (Cuartos I)|Colonia|Naucalpan de Juárez|México|Naucalpan de Juárez|53001|15|53001|09|057|2487|Urbano|09
53427|Loma Colorada 2da. Sección|Colonia|Naucalpan de Juárez|México|Naucalpan de Juárez|53001|15|53001|09|057|6444|Urbano|09
53427|El Porvenir|Colonia|Naucalpan de Juárez|México|Naucalpan de Juárez|53001|15|53001|09|057|9156|Urbano|09
53427|Lomas de los Remedios|Colonia|Naucalpan de Juárez|México|Naucalpan de Juárez|53001|15|53001|09|057|9157|Urbano|09
53427|Las Caballerizas|Colonia|Naucalpan de Juárez|México|Naucalpan de Juárez|53001|15|53001|09|057|9158|Urbano|09
53428|México 86 (La Chacona)|Colonia|Naucalpan de Juárez|México|Naucalpan de Juárez|53001|15|53001|09|057|2423|Urbano|09
53430|Los Arcos|Colonia|Naucalpan de Juárez|México|Naucalpan de Juárez|53001|15|53001|09|057|2425|Urbano|09
53430|Reubicación el Torito|Colonia|Naucalpan de Juárez|México|Naucalpan de Juárez|53001|15|53001|09|057|6447|Urbano|09
53440|Sierra Nevada|Colonia|Naucalpan de Juárez|México|Naucalpan de Juárez|53001|15|53001|09|057|2426|Urbano|09
53440|Unión Popular|Unidad habitacional|Naucalpan de Juárez|México|Naucalpan de Juárez|53001|15|53001|31|057|2536|Urbano|09
53440|Predio el Zapote|Colonia|Naucalpan de Juárez|México|Naucalpan de Juárez|53001|15|53001|09|057|9184|Urbano|09
53450|Ciudad de los Niños|Colonia|Naucalpan de Juárez|México|Naucalpan de Juárez|53001|15|53001|09|057|2427|Urbano|09
53458|Bosque de los Remedios|Unidad habitacional|Naucalpan de Juárez|México|Naucalpan de Juárez|53001|15|53001|31|057|2428|Urbano|09
53459|Ampliación Ciudad de los Niños|Colonia|Naucalpan de Juárez|México|Naucalpan de Juárez|53001|15|53001|09|057|2429|Urbano|09
53460|Barrio el Torito|Colonia|Naucalpan de Juárez|México|Naucalpan de Juárez|53001|15|53001|09|057|2430|Urbano|09
53460|La Rivera|Colonia|Naucalpan de Juárez|México|Naucalpan de Juárez|53001|15|53001|09|057|2431|Urbano|09
53460|Los Arcos|Fraccionamiento|Naucalpan de Juárez|México|Naucalpan de Juárez|53001|15|53001|21|057|9163|Urbano|09
53470|Loma de Canteras (Lomas de Cantera)|Fraccionamiento|Naucalpan de Juárez|México|Naucalpan de Juárez|53001|15|53001|21|057|2438|Urbano|09
53489|Parque Industrial Naucalpan|Zona industrial|Naucalpan de Juárez|México|Naucalpan de Juárez|53001|15|53001|37|057|2442|Urbano|09
53490|Lomas de San Agustín|Colonia|Naucalpan de Juárez|México|Naucalpan de Juárez|53001|15|53001|09|057|2444|Urbano|09
53490|Santa Lilia Chamapa|Colonia|Naucalpan de Juárez|México|Naucalpan de Juárez|53001|15|53001|09|057|2476|Urbano|09
53490|Las Tinajas (Predio Las Tinajas)|Colonia|Naucalpan de Juárez|México|Naucalpan de Juárez|53001|15|53001|09|057|2490|Urbano|09
53490|La Monera|Colonia|Naucalpan de Juárez|México|Naucalpan de Juárez|53001|15|53001|09|057|2492|Urbano|09
53500|El Conde|Colonia|Naucalpan de Juárez|México|Naucalpan de Juárez|53001|15|53001|09|057|2445|Urbano|09
53500|San Andrés Atoto|Colonia|Naucalpan de Juárez|México|Naucalpan de Juárez|53001|15|53001|09|057|2446|Urbano|09
53519|Industrial Atoto|Zona industrial|Naucalpan de Juárez|México|Naucalpan de Juárez|53001|15|53001|37|057|2450|Urbano|09
53520|El Olivar|Colonia|Naucalpan de Juárez|México|Naucalpan de Juárez|53001|15|53001|09|057|2451|Urbano|09
53520|Rosa de Castilla|Colonia|Naucalpan de Juárez|México|Naucalpan de Juárez|53001|15|53001|09|057|2453|Urbano|09
53529|Industrial Tlatilco|Zona industrial|Naucalpan de Juárez|México|Naucalpan de Juárez|53001|15|53001|37|057|2454|Urbano|09
53530|El Molinito|Colonia|Naucalpan de Juárez|México|Naucalpan de Juárez|53001|15|53001|09|057|2456|Urbano|09
53530|Jardines del Molinito|Fraccionamiento|Naucalpan de Juárez|México|Naucalpan de Juárez|53001|15|53001|21|057|2457|Urbano|09
53530|Nuevo Molinito|Colonia|Naucalpan de Juárez|México|Naucalpan de Juárez|53001|15|53001|09|057|9141|Urbano|09
53533|Campo Militar 1|Equipamiento|Naucalpan de Juárez|México|Naucalpan de Juárez|53001|15|53001|17|057|0001|Urbano|09
53550|Ampliación San Esteban|Colonia|Naucalpan de Juárez|México|Naucalpan de Juárez|53001|15|53001|09|057|2460|Urbano|09
53550|San Esteban Huitzilacasco|Pueblo|Naucalpan de Juárez|México|Naucalpan de Juárez|53001|15|53001|28|057|2461|Urbano|09
53550|Unidad San Esteban|Colonia|Naucalpan de Juárez|México|Naucalpan de Juárez|53001|15|53001|09|057|2462|Urbano|09
53560|Lázaro Cárdenas|Colonia|Naucalpan de Juárez|México|Naucalpan de Juárez|53001|15|53001|09|057|2463|Urbano|09
53569|San Francisco Cuautlalpan|Pueblo|Naucalpan de Juárez|México|Naucalpan de Juárez|53001|15|53001|28|057|2464|Urbano|09
53570|La Cañada|Colonia|Naucalpan de Juárez|México|Naucalpan de Juárez|53001|15|53001|09|057|2465|Urbano|09
53570|Lomas de la Cañada|Colonia|Naucalpan de Juárez|México|Naucalpan de Juárez|53001|15|53001|09|057|2466|Urbano|09
53570|San Antonio Zomeyucan (Zona Urbana)|Colonia|Naucalpan de Juárez|México|Naucalpan de Juárez|53001|15|53001|09|057|2520|Urbano|09
53570|San Antonio Zomeyucan|Pueblo|Naucalpan de Juárez|México|Naucalpan de Juárez|53001|15|53001|28|057|2533|Urbano|09
53580|Reforma San Luís|Colonia|Naucalpan de Juárez|México|Naucalpan de Juárez|53001|15|53001|09|057|2468|Urbano|09
53580|Loma Linda|Colonia|Naucalpan de Juárez|México|Naucalpan de Juárez|53001|15|53001|09|057|2474|Urbano|09
53580|Ampliación Loma Linda|Colonia|Naucalpan de Juárez|México|Naucalpan de Juárez|53001|15|53001|09|057|2475|Urbano|09
53580|San Luís Tlatilco|Pueblo|Naucalpan de Juárez|México|Naucalpan de Juárez|53001|15|53001|28|057|2477|Urbano|09
53580|La Esperanza|Colonia|Naucalpan de Juárez|México|Naucalpan de Juárez|53001|15|53001|09|057|9135|Urbano|09
53580|Piedras Negras|Colonia|Naucalpan de Juárez|México|Naucalpan de Juárez|53001|15|53001|09|057|9136|Urbano|09
53598|Hidalgo|Colonia|Naucalpan de Juárez|México|Naucalpan de Juárez|53001|15|53001|09|057|2467|Urbano|09
53598|Estado de México (El Tambor)|Colonia|Naucalpan de Juárez|México|Naucalpan de Juárez|53001|15|53001|09|057|2471|Urbano|09
53640|Nueva San Rafael|Colonia|Naucalpan de Juárez|México|Naucalpan de Juárez|53681|15|53681|09|057|2478|Urbano|09
53640|Bosques de Chamapa|Colonia|Naucalpan de Juárez|México|Naucalpan de Juárez|53681|15|53681|09|057|6425|Urbano|09
53650|San Miguel Dextha|Barrio|Naucalpan de Juárez|México|null|53681|15|53681|02|057|0002|Rural|null
53650|San Francisco Chimalpa|Pueblo|Naucalpan de Juárez|México|Naucalpan de Juárez|53681|15|53681|28|057|2480|Urbano|09
53650|Mojonera|Barrio|Naucalpan de Juárez|México|Naucalpan de Juárez|53681|15|53681|02|057|5440|Urbano|09
53650|Dudy|Barrio|Naucalpan de Juárez|México|Naucalpan de Juárez|53681|15|53681|02|057|5441|Urbano|09
53650|Chixtu|Barrio|Naucalpan de Juárez|México|Naucalpan de Juárez|53681|15|53681|02|057|5442|Urbano|09
53650|La Cañada de Boche|Barrio|Naucalpan de Juárez|México|Naucalpan de Juárez|53681|15|53681|02|057|5443|Urbano|09
53650|Donity|Barrio|Naucalpan de Juárez|México|Naucalpan de Juárez|53681|15|53681|02|057|5445|Urbano|09
53650|Cielito|Barrio|Naucalpan de Juárez|México|Naucalpan de Juárez|53681|15|53681|02|057|5446|Urbano|09
53650|Upeny de Gora|Barrio|Naucalpan de Juárez|México|Naucalpan de Juárez|53681|15|53681|02|057|5447|Urbano|09
53650|La Mora|Barrio|Naucalpan de Juárez|México|Naucalpan de Juárez|53681|15|53681|02|057|5449|Urbano|09
53650|Dayu|Barrio|Naucalpan de Juárez|México|Naucalpan de Juárez|53681|15|53681|02|057|5451|Urbano|09
53650|Yongua|Barrio|Naucalpan de Juárez|México|Naucalpan de Juárez|53681|15|53681|02|057|5453|Urbano|09
53650|Arenillas (La Capilla)|Barrio|Naucalpan de Juárez|México|Naucalpan de Juárez|53681|15|53681|02|057|8845|Urbano|09
53650|Las Cruces|Barrio|Naucalpan de Juárez|México|null|53681|15|53681|02|057|8860|Rural|null
53650|Salinas|Barrio|Naucalpan de Juárez|México|Naucalpan de Juárez|53681|15|53681|02|057|8866|Rural|09
53650|Tres Piedras (La Loma)|Barrio|Naucalpan de Juárez|México|null|53681|15|53681|02|057|8867|Rural|null
53650|Chimalpa Viejo|Barrio|Naucalpan de Juárez|México|null|53681|15|53681|02|057|8869|Rural|null
53650|Batha|Barrio|Naucalpan de Juárez|México|null|53681|15|53681|02|057|8871|Rural|null
53650|Las Mesas|Barrio|Naucalpan de Juárez|México|null|53681|15|53681|02|057|9177|Rural|null
53650|Gora|Barrio|Naucalpan de Juárez|México|Naucalpan de Juárez|53681|15|53681|02|057|9185|Urbano|09
53650|De Dorani|Barrio|Naucalpan de Juárez|México|Naucalpan de Juárez|53681|15|53681|02|057|9186|Urbano|09
53650|Juando|Barrio|Naucalpan de Juárez|México|Naucalpan de Juárez|53681|15|53681|02|057|9187|Urbano|09
53650|Depeny|Barrio|Naucalpan de Juárez|México|Naucalpan de Juárez|53681|15|53681|02|057|9188|Urbano|09
53650|Shido|Barrio|Naucalpan de Juárez|México|Naucalpan de Juárez|53681|15|53681|02|057|9189|Urbano|09
53650|Dongu|Barrio|Naucalpan de Juárez|México|Naucalpan de Juárez|53681|15|53681|02|057|9190|Urbano|09
53650|Xoyu|Barrio|Naucalpan de Juárez|México|Naucalpan de Juárez|53681|15|53681|02|057|9191|Urbano|09
53650|Moni|Barrio|Naucalpan de Juárez|México|Naucalpan de Juárez|53681|15|53681|02|057|9192|Urbano|09
53650|Yongua Bosques|Barrio|Naucalpan de Juárez|México|Naucalpan de Juárez|53681|15|53681|02|057|9193|Urbano|09
53650|Boxisda|Barrio|Naucalpan de Juárez|México|Naucalpan de Juárez|53681|15|53681|02|057|9194|Urbano|09
53650|Panthe|Barrio|Naucalpan de Juárez|México|Naucalpan de Juárez|53681|15|53681|02|057|9196|Urbano|09
53650|Boito|Barrio|Naucalpan de Juárez|México|Naucalpan de Juárez|53681|15|53681|02|057|9197|Urbano|09
53650|Chivato|Barrio|Naucalpan de Juárez|México|Naucalpan de Juárez|53681|15|53681|02|057|9198|Urbano|09
53650|Shindo|Barrio|Naucalpan de Juárez|México|Naucalpan de Juárez|53681|15|53681|02|057|9199|Urbano|09
53650|Bandhi|Barrio|Naucalpan de Juárez|México|Naucalpan de Juárez|53681|15|53681|02|057|9200|Urbano|09
53650|Las Trenzonas|Barrio|Naucalpan de Juárez|México|Naucalpan de Juárez|53681|15|53681|02|057|9202|Urbano|09
53658|La Cebada (Barrio la Cebada)|Barrio|Naucalpan de Juárez|México|null|53681|15|53681|02|057|8833|Rural|null
53658|Minas del Tecolote|Colonia|Naucalpan de Juárez|México|null|53681|15|53681|09|057|8835|Rural|null
53658|Las Torres|Colonia|Naucalpan de Juárez|México|null|53681|15|53681|09|057|8840|Rural|null
53658|Paraje las Rosas|Colonia|Naucalpan de Juárez|México|null|53681|15|53681|09|057|8841|Rural|null
53658|La Palma (Pie de la Palma)|Colonia|Naucalpan de Juárez|México|null|53681|15|53681|09|057|8842|Rural|null
53658|La Magnolia|Barrio|Naucalpan de Juárez|México|null|53681|15|53681|02|057|8843|Rural|null
53658|El Castillo|Ejido|Naucalpan de Juárez|México|null|53681|15|53681|15|057|8846|Rural|null
53658|Llano de las Flores (Barrio del Hueso)|Barrio|Naucalpan de Juárez|México|null|53681|15|53681|02|057|8848|Rural|null
53658|La Viga (Cerro Loco)|Barrio|Naucalpan de Juárez|México|null|53681|15|53681|02|057|8861|Rural|null
53659|Villa Alpina|Fraccionamiento|Naucalpan de Juárez|México|null|53681|15|53681|21|057|2481|Rural|null
53659|San Miguel Dorami|Barrio|Naucalpan de Juárez|México|null|53681|15|53681|02|057|5450|Rural|null
53659|La Magueyera|Colonia|Naucalpan de Juárez|México|null|53681|15|53681|09|057|7922|Rural|null
53659|Luis Donaldo Colosio (Piedra de Alesna)|Colonia|Naucalpan de Juárez|México|null|53681|15|53681|09|057|8863|Rural|null
53659|San José Tejamanil|Barrio|Naucalpan de Juárez|México|null|53681|15|53681|02|057|8870|Rural|null
53659|El Guardita|Colonia|Naucalpan de Juárez|México|null|53681|15|53681|09|057|8872|Rural|null
53659|Valle Tranquilo|Colonia|Naucalpan de Juárez|México|null|53681|15|53681|09|057|8873|Rural|null
53660|San Rafael Chamapa|Pueblo|Naucalpan de Juárez|México|Naucalpan de Juárez|53681|15|53681|28|057|2485|Urbano|09
53660|La Presa Chamapa|Colonia|Naucalpan de Juárez|México|Naucalpan de Juárez|53681|15|53681|09|057|6427|Urbano|09
53664|San Rafael Chamapa (Tabiquera 5)|Colonia|Naucalpan de Juárez|México|Naucalpan de Juárez|53681|15|53681|09|057|6416|Urbano|09
53664|San Rafael Chamapa (Tabiquera 6)|Colonia|Naucalpan de Juárez|México|Naucalpan de Juárez|53681|15|53681|09|057|6417|Urbano|09
53664|San Rafael Chamapa (Tabiquera 7)|Colonia|Naucalpan de Juárez|México|Naucalpan de Juárez|53681|15|53681|09|057|6418|Urbano|09
53664|San Rafael Chamapa (Tabiquera 8)|Colonia|Naucalpan de Juárez|México|Naucalpan de Juárez|53681|15|53681|09|057|6419|Urbano|09
53664|San Rafael Chamapa II|Colonia|Naucalpan de Juárez|México|Naucalpan de Juárez|53681|15|53681|09|057|6420|Urbano|09
53664|San Rafael Chamapa (Tabiquera 2)|Colonia|Naucalpan de Juárez|México|Naucalpan de Juárez|53681|15|53681|09|057|6421|Urbano|09
53664|San Rafael Chamapa (Tabiquera 3)|Colonia|Naucalpan de Juárez|México|Naucalpan de Juárez|53681|15|53681|09|057|6422|Urbano|09
53664|San Rafael Chamapa (Tabiquera 4)|Colonia|Naucalpan de Juárez|México|Naucalpan de Juárez|53681|15|53681|09|057|6423|Urbano|09
53664|Cuartos Constitución (San Rafael Chamapa I)|Colonia|Naucalpan de Juárez|México|Naucalpan de Juárez|53681|15|53681|09|057|6424|Urbano|09
53664|San Rafael Chamapa I|Colonia|Naucalpan de Juárez|México|Naucalpan de Juárez|53681|15|53681|09|057|6426|Urbano|09
53670|Los Cuartos (San Rafael Chamapa I)|Colonia|Naucalpan de Juárez|México|Naucalpan de Juárez|53681|15|53681|09|057|2496|Urbano|09
53680|San Rafael Chamapa IV|Colonia|Naucalpan de Juárez|México|Naucalpan de Juárez|53681|15|53681|09|057|4845|Urbano|09
53680|San Rafael Chamapa (Tabiquera 9)|Colonia|Naucalpan de Juárez|México|Naucalpan de Juárez|53681|15|53681|09|057|6411|Urbano|09
53680|La Mora|Colonia|Naucalpan de Juárez|México|Naucalpan de Juárez|53681|15|53681|09|057|9201|Urbano|09
53687|San Rafael Chamapa (Tabiquera 1)|Colonia|Naucalpan de Juárez|México|Naucalpan de Juárez|53681|15|53681|09|057|2499|Urbano|09
53687|Poetas Mexiquenses ( Tabiquera 10 )|Colonia|Naucalpan de Juárez|México|Naucalpan de Juárez|53681|15|53681|09|057|4846|Urbano|09
53688|Las Colonias (Predio Las Colonias)|Colonia|Naucalpan de Juárez|México|Naucalpan de Juárez|53681|15|53681|09|057|2500|Urbano|09
53689|Izcalli Chamapa|Colonia|Naucalpan de Juárez|México|Naucalpan de Juárez|53681|15|53681|09|057|2501|Urbano|09
53689|Isidro Fabela (Tabiqueras 11 y 12)|Colonia|Naucalpan de Juárez|México|Naucalpan de Juárez|53681|15|53681|09|057|4847|Urbano|09
53690|Olimpiada 68 (San Rafael Chamapa III)|Colonia|Naucalpan de Juárez|México|Naucalpan de Juárez|53681|15|53681|09|057|2502|Urbano|09
53690|Olímpica (San Rafael Chamapa V)|Colonia|Naucalpan de Juárez|México|Naucalpan de Juárez|53681|15|53681|09|057|2503|Urbano|09
53690|Ampliación Olímpica (San Rafael Chamapa VII)|Colonia|Naucalpan de Juárez|México|Naucalpan de Juárez|53681|15|53681|09|057|2504|Urbano|09
53690|Valle Dorado (San Rafael Chamapa VI)|Colonia|Naucalpan de Juárez|México|Naucalpan de Juárez|53681|15|53681|09|057|2505|Urbano|09
53690|Lomas de Chamapa|Colonia|Naucalpan de Juárez|México|Naucalpan de Juárez|53681|15|53681|09|057|9159|Urbano|09
53694|Minas El Coyote|Colonia|Naucalpan de Juárez|México|Naucalpan de Juárez|53681|15|53681|09|057|2506|Urbano|09
53695|Minas San Martín|Colonia|Naucalpan de Juárez|México|Naucalpan de Juárez|53681|15|53681|09|057|2507|Urbano|09
53695|La Palma|Colonia|Naucalpan de Juárez|México|Naucalpan de Juárez|53681|15|53681|09|057|9140|Urbano|09
53696|Mina Palacios (Minas Palacio)|Colonia|Naucalpan de Juárez|México|Naucalpan de Juárez|53681|15|53681|09|057|2509|Urbano|09
53697|Minas El Tecolote|Colonia|Naucalpan de Juárez|México|Naucalpan de Juárez|53681|15|53681|09|057|2511|Urbano|09
53697|3 de Mayo|Colonia|Naucalpan de Juárez|México|Naucalpan de Juárez|53681|15|53681|09|057|8973|Urbano|09
53697|El Capulín|Colonia|Naucalpan de Juárez|México|Naucalpan de Juárez|53681|15|53681|09|057|9139|Urbano|09
53697|Jardines de San José|Colonia|Naucalpan de Juárez|México|Naucalpan de Juárez|53681|15|53681|09|057|9160|Urbano|09
53698|Olímpica Radio 2a Sección (El Caracol)|Colonia|Naucalpan de Juárez|México|Naucalpan de Juárez|53681|15|53681|09|057|2512|Urbano|09
53698|Olímpica Radio 1a Sección (San Rafael Chamapa)|Colonia|Naucalpan de Juárez|México|Naucalpan de Juárez|53681|15|53681|09|057|2513|Urbano|09
53698|San José Poza Honda|Colonia|Naucalpan de Juárez|México|Naucalpan de Juárez|53681|15|53681|09|057|6992|Urbano|09
53700|Altamira|Colonia|Naucalpan de Juárez|México|Naucalpan de Juárez|53681|15|53681|09|057|2515|Urbano|09
53700|Ampliación Altamira|Colonia|Naucalpan de Juárez|México|Naucalpan de Juárez|53681|15|53681|09|057|2516|Urbano|09
53700|Torres Zomeyucan (San Antonio Zomeyucan)|Colonia|Naucalpan de Juárez|México|Naucalpan de Juárez|53681|15|53681|09|057|6414|Urbano|09
53708|Balcones de Chamapa|Colonia|Naucalpan de Juárez|México|Naucalpan de Juárez|53681|15|53681|09|057|2517|Urbano|09
53708|Tierra y Libertad|Colonia|Naucalpan de Juárez|México|Naucalpan de Juárez|53681|15|53681|09|057|6415|Urbano|09
53710|Plan de Ayala|Colonia|Naucalpan de Juárez|México|Naucalpan de Juárez|53681|15|53681|09|057|5655|Urbano|09
53713|Vicente Guerrero|Colonia|Naucalpan de Juárez|México|Naucalpan de Juárez|53681|15|53681|09|057|2521|Urbano|09
53714|La Mancha III|Colonia|Naucalpan de Juárez|México|Naucalpan de Juárez|53681|15|53681|09|057|2522|Urbano|09
53716|Alfredo del Mazo Vélez|Colonia|Naucalpan de Juárez|México|Naucalpan de Juárez|53681|15|53681|09|057|2524|Urbano|09
53716|La Punta|Colonia|Naucalpan de Juárez|México|Naucalpan de Juárez|53681|15|53681|09|057|4848|Urbano|09
53717|La Mancha I|Colonia|Naucalpan de Juárez|México|Naucalpan de Juárez|53681|15|53681|09|057|2525|Urbano|09
53717|La Mancha II|Colonia|Naucalpan de Juárez|México|Naucalpan de Juárez|53681|15|53681|09|057|2526|Urbano|09
53718|Alfredo V. Bonfil|Colonia|Naucalpan de Juárez|México|Naucalpan de Juárez|53681|15|53681|09|057|2527|Urbano|09
53719|Lomas del Cadete|Colonia|Naucalpan de Juárez|México|Naucalpan de Juárez|53681|15|53681|09|057|2528|Urbano|09
53730|Capulín Soledad|Colonia|Naucalpan de Juárez|México|Naucalpan de Juárez|53681|15|53681|09|057|2531|Urbano|09
53730|Unidad y Progreso|Colonia|Naucalpan de Juárez|México|Naucalpan de Juárez|53681|15|53681|09|057|8975|Urbano|09
53760|San José de los Leones 3a Sección|Colonia|Naucalpan de Juárez|México|Naucalpan de Juárez|53681|15|53681|09|057|2534|Urbano|09
53760|San José de los Leones 2a Sección|Colonia|Naucalpan de Juárez|México|Naucalpan de Juárez|53681|15|53681|09|057|6412|Urbano|09
53760|San José de los Leones 1a Sección|Colonia|Naucalpan de Juárez|México|Naucalpan de Juárez|53681|15|53681|09|057|6413|Urbano|09
53770|El Chamizal|Colonia|Naucalpan de Juárez|México|Naucalpan de Juárez|53681|15|53681|09|057|2537|Urbano|09
53780|Mártires de Río Blanco|Colonia|Naucalpan de Juárez|México|Naucalpan de Juárez|53681|15|53681|09|057|2538|Urbano|09
53787|Ampliación Mártires de Río Blanco|Colonia|Naucalpan de Juárez|México|Naucalpan de Juárez|53681|15|53681|09|057|2539|Urbano|09
53788|La Tolva|Colonia|Naucalpan de Juárez|México|Naucalpan de Juárez|53681|15|53681|09|057|2540|Urbano|09
53790|Benito Juárez|Colonia|Naucalpan de Juárez|México|Naucalpan de Juárez|53681|15|53681|09|057|2542|Urbano|09
53798|La Radio Benito Juárez|Colonia|Naucalpan de Juárez|México|Naucalpan de Juárez|53681|15|53681|09|057|2543|Urbano|09
53799|Ampliación Benito Juárez|Colonia|Naucalpan de Juárez|México|Naucalpan de Juárez|53681|15|53681|09|057|2544|Urbano|09
53800|Buenavista|Colonia|Naucalpan de Juárez|México|Naucalpan de Juárez|53831|15|53831|09|057|2545|Urbano|09
53800|Lomas del Río|Fraccionamiento|Naucalpan de Juárez|México|Naucalpan de Juárez|53831|15|53831|21|057|6410|Urbano|09
53809|Miramar|Colonia|Naucalpan de Juárez|México|Naucalpan de Juárez|53831|15|53831|09|057|2546|Urbano|09
53810|San José Río Hondo (Río Hondo)|Pueblo|Naucalpan de Juárez|México|Naucalpan de Juárez|53831|15|53831|28|057|2547|Urbano|09
53819|Progreso|Colonia|Naucalpan de Juárez|México|Naucalpan de Juárez|53831|15|53831|09|057|2548|Urbano|09
53820|Ricardo Flores Magón|Colonia|Naucalpan de Juárez|México|Naucalpan de Juárez|53831|15|53831|09|057|2549|Urbano|09
53830|Independencia|Colonia|Naucalpan de Juárez|México|Naucalpan de Juárez|53831|15|53831|09|057|2550|Urbano|09
53830|La Guadalupana|Colonia|Naucalpan de Juárez|México|Naucalpan de Juárez|53831|15|53831|09|057|9134|Urbano|09
53839|Rincones del Bosque|Fraccionamiento|Naucalpan de Juárez|México|Naucalpan de Juárez|53831|15|53831|21|057|2552|Urbano|09
53840|Lomas del Huizachal|Fraccionamiento|Naucalpan de Juárez|México|Naucalpan de Juárez|53831|15|53831|21|057|2553|Urbano|09
53900|Lomas Hipódromo|Fraccionamiento|Naucalpan de Juárez|México|Naucalpan de Juárez|53831|15|53831|21|057|2556|Urbano|09
53909|Explanada de las Fuentes|Fraccionamiento|Naucalpan de Juárez|México|Naucalpan de Juárez|53831|15|53831|21|057|2557|Urbano|09
53910|Lomas Manuel Ávila Camacho|Fraccionamiento|Naucalpan de Juárez|México|Naucalpan de Juárez|53831|15|53831|21|057|2558|Urbano|09
53930|Country Club|Fraccionamiento|Naucalpan de Juárez|México|Naucalpan de Juárez|53831|15|53831|21|057|2560|Urbano|09
53940|Río Escondido|Fraccionamiento|Naucalpan de Juárez|México|Naucalpan de Juárez|53831|15|53831|21|057|2561|Urbano|09
53950|Lomas de Tecamachalco|Fraccionamiento|Naucalpan de Juárez|México|Naucalpan de Juárez|53831|15|53831|21|057|2562|Urbano|09
53960|Reforma Social (Lomas de San Isidro)|Colonia|Naucalpan de Juárez|México|Naucalpan de Juárez|53831|15|53831|09|057|2563|Urbano|09
53970|San Miguel Tecamachalco|Pueblo|Naucalpan de Juárez|México|Naucalpan de Juárez|53831|15|53831|28|057|2564|Urbano|09
54000|Tlalnepantla  Centro|Colonia|Tlalnepantla de Baz|México|Tlalnepantla de Baz|54001|15|54001|09|104|2566|Urbano|14
54000|Alta Vista|Fraccionamiento|Tlalnepantla de Baz|México|Tlalnepantla de Baz|54001|15|54001|21|104|8925|Urbano|14
54009|La Riviera|Fraccionamiento|Tlalnepantla de Baz|México|Tlalnepantla de Baz|54001|15|54001|21|104|2568|Urbano|14
54010|La Azteca|Colonia|Tlalnepantla de Baz|México|Tlalnepantla de Baz|54001|15|54001|09|104|2569|Urbano|14
54010|La Providencia|Colonia|Tlalnepantla de Baz|México|Tlalnepantla de Baz|54001|15|54001|09|104|2570|Urbano|14
54010|San Pedro Barrientos|Colonia|Tlalnepantla de Baz|México|Tlalnepantla de Baz|54001|15|54001|09|104|2571|Urbano|14
54010|Valle Hermoso|Fraccionamiento|Tlalnepantla de Baz|México|Tlalnepantla de Baz|54001|15|54001|21|104|2572|Urbano|14
54010|21 de Marzo|Colonia|Tlalnepantla de Baz|México|Tlalnepantla de Baz|54001|15|54001|09|104|2573|Urbano|14
54010|Barrientos Gustavo Baz|Unidad habitacional|Tlalnepantla de Baz|México|Tlalnepantla de Baz|54001|15|54001|31|104|7896|Urbano|14
54015|Conjunto Urbano Terraze|Condominio|Tlalnepantla de Baz|México|Tlalnepantla de Baz|54001|15|54001|10|104|0001|Urbano|14
54015|Barrientos|Zona industrial|Tlalnepantla de Baz|México|Tlalnepantla de Baz|54001|15|54001|37|104|2575|Urbano|14
54016|José María Velasco|Unidad habitacional|Tlalnepantla de Baz|México|Tlalnepantla de Baz|54001|15|54001|31|104|2576|Urbano|14
54017|Niños Héroes|Zona industrial|Tlalnepantla de Baz|México|Tlalnepantla de Baz|54001|15|54001|37|104|2577|Urbano|14
54017|Comunidad Betania|Fraccionamiento|Tlalnepantla de Baz|México|Tlalnepantla de Baz|54001|15|54001|21|104|7898|Urbano|14
54020|Benito Juárez (Tequex.)|Colonia|Tlalnepantla de Baz|México|Tlalnepantla de Baz|54001|15|54001|09|104|2578|Urbano|14
54020|El Dorado|Fraccionamiento|Tlalnepantla de Baz|México|Tlalnepantla de Baz|54001|15|54001|21|104|2579|Urbano|14
54020|La Joya Chica|Fraccionamiento|Tlalnepantla de Baz|México|Tlalnepantla de Baz|54001|15|54001|21|104|2580|Urbano|14
54020|Lomas Boulevares|Fraccionamiento|Tlalnepantla de Baz|México|Tlalnepantla de Baz|54001|15|54001|21|104|2581|Urbano|14
54020|Tequexquinahuac Parte Alta|Colonia|Tlalnepantla de Baz|México|Tlalnepantla de Baz|54001|15|54001|09|104|2583|Urbano|14
54020|Valle Dorado|Fraccionamiento|Tlalnepantla de Baz|México|Tlalnepantla de Baz|54001|15|54001|21|104|2584|Urbano|14
54020|Condominio Tequexquináhuac|Unidad habitacional|Tlalnepantla de Baz|México|Tlalnepantla de Baz|54001|15|54001|31|104|7899|Urbano|14
54020|Tequexquináhuac|Pueblo|Tlalnepantla de Baz|México|Tlalnepantla de Baz|54001|15|54001|28|104|7914|Urbano|14
54020|El Gran Dorado|Conjunto habitacional|Tlalnepantla de Baz|México|Tlalnepantla de Baz|54001|15|54001|12|104|8928|Urbano|14
54021|Loma Azul|Colonia|Tlalnepantla de Baz|México|Tlalnepantla de Baz|54001|15|54001|09|104|2585|Urbano|14
54022|Robles Patera|Colonia|Tlalnepantla de Baz|México|Tlalnepantla de Baz|54001|15|54001|09|104|2586|Urbano|14
54023|Lomas de Valle Dorado|Fraccionamiento|Tlalnepantla de Baz|México|Tlalnepantla de Baz|54001|15|54001|21|104|2587|Urbano|14
54023|Lomas de Atlaco|Colonia|Tlalnepantla de Baz|México|Tlalnepantla de Baz|54001|15|54001|09|104|7905|Urbano|14
54023|Los Pirules Ampliación|Fraccionamiento|Tlalnepantla de Baz|México|Tlalnepantla de Baz|54001|15|54001|21|104|7907|Urbano|14
54023|Lomas Tulpan|Colonia|Tlalnepantla de Baz|México|Tlalnepantla de Baz|54001|15|54001|09|104|7951|Urbano|14
54025|Cumbres del Valle|Fraccionamiento|Tlalnepantla de Baz|México|Tlalnepantla de Baz|54001|15|54001|21|104|2588|Urbano|14
54026|Las Arboledas|Fraccionamiento|Tlalnepantla de Baz|México|Tlalnepantla de Baz|54001|15|54001|21|104|2589|Urbano|14
54028|Laderas de San Javier|Fraccionamiento|Tlalnepantla de Baz|México|Tlalnepantla de Baz|54001|15|54001|21|104|2591|Urbano|14
54030|Centro Industrial Tlalnepantla|Zona industrial|Tlalnepantla de Baz|México|Tlalnepantla de Baz|54001|15|54001|37|104|2593|Urbano|14
54030|Tlaxcopan|Zona industrial|Tlalnepantla de Baz|México|Tlalnepantla de Baz|54001|15|54001|37|104|2594|Urbano|14
54030|La Romana|Fraccionamiento|Tlalnepantla de Baz|México|Tlalnepantla de Baz|54001|15|54001|21|104|2595|Urbano|14
54030|La Nueva Ferrocarrilera|Colonia|Tlalnepantla de Baz|México|Tlalnepantla de Baz|54001|15|54001|09|104|2596|Urbano|14
54030|San Nicolás|Zona industrial|Tlalnepantla de Baz|México|Tlalnepantla de Baz|54001|15|54001|37|104|2597|Urbano|14
54030|San Javier|Fraccionamiento|Tlalnepantla de Baz|México|Tlalnepantla de Baz|54001|15|54001|21|104|2598|Urbano|14
54030|IMSS Tlalnepantla|Unidad habitacional|Tlalnepantla de Baz|México|Tlalnepantla de Baz|54001|15|54001|31|104|2600|Urbano|14
54030|Jesús Garcia Corona|Unidad habitacional|Tlalnepantla de Baz|México|Tlalnepantla de Baz|54001|15|54001|31|104|5051|Urbano|14
54030|Ampliación San Javier|Colonia|Tlalnepantla de Baz|México|Tlalnepantla de Baz|54001|15|54001|09|104|8926|Urbano|14
54033|San Lorenzo|Zona industrial|Tlalnepantla de Baz|México|Tlalnepantla de Baz|54001|15|54001|37|104|2601|Urbano|14
54033|La Ferrocarrilera El Hoyo|Colonia|Tlalnepantla de Baz|México|Tlalnepantla de Baz|54001|15|54001|09|104|6995|Urbano|14
54037|El Triángulo|Colonia|Tlalnepantla de Baz|México|Tlalnepantla de Baz|54001|15|54001|09|104|2603|Urbano|14
54038|Rivera del Bosque|Fraccionamiento|Tlalnepantla de Baz|México|Tlalnepantla de Baz|54001|15|54001|21|104|2604|Urbano|14
54040|Lomas de San Andrés Atenco|Colonia|Tlalnepantla de Baz|México|Tlalnepantla de Baz|54001|15|54001|09|104|2607|Urbano|14
54040|Los Pirules|Fraccionamiento|Tlalnepantla de Baz|México|Tlalnepantla de Baz|54001|15|54001|21|104|2608|Urbano|14
54040|Rincón del Valle|Fraccionamiento|Tlalnepantla de Baz|México|Tlalnepantla de Baz|54001|15|54001|21|104|2609|Urbano|14
54040|San Andrés Atenco|Pueblo|Tlalnepantla de Baz|México|Tlalnepantla de Baz|54001|15|54001|28|104|2610|Urbano|14
54040|Valle de los Pinos 1ra Sección|Fraccionamiento|Tlalnepantla de Baz|México|Tlalnepantla de Baz|54001|15|54001|21|104|2611|Urbano|14
54040|Valle Verde|Fraccionamiento|Tlalnepantla de Baz|México|Tlalnepantla de Baz|54001|15|54001|21|104|2612|Urbano|14
54040|Leandro Valle|Colonia|Tlalnepantla de Baz|México|Tlalnepantla de Baz|54001|15|54001|09|104|5103|Urbano|14
54040|Lomas de San Andrés Atenco Ampliación|Colonia|Tlalnepantla de Baz|México|Tlalnepantla de Baz|54001|15|54001|09|104|7000|Urbano|14
54040|San Andrés Atenco Ampliación|Colonia|Tlalnepantla de Baz|México|Tlalnepantla de Baz|54001|15|54001|09|104|7911|Urbano|14
54049|Balcones del Valle|Colonia|Tlalnepantla de Baz|México|Tlalnepantla de Baz|54001|15|54001|09|104|2617|Urbano|14
54050|Bosques de México|Fraccionamiento|Tlalnepantla de Baz|México|Tlalnepantla de Baz|54001|15|54001|21|104|2618|Urbano|14
54050|Ex-Hacienda de Santa Mónica|Colonia|Tlalnepantla de Baz|México|Tlalnepantla de Baz|54001|15|54001|09|104|2620|Urbano|14
54050|Jacarandas|Fraccionamiento|Tlalnepantla de Baz|México|Tlalnepantla de Baz|54001|15|54001|21|104|2621|Urbano|14
54050|Jacarandas Ampliación|Fraccionamiento|Tlalnepantla de Baz|México|Tlalnepantla de Baz|54001|15|54001|21|104|2622|Urbano|14
54050|Jardines de Santa Mónica|Fraccionamiento|Tlalnepantla de Baz|México|Tlalnepantla de Baz|54001|15|54001|21|104|2623|Urbano|14
54050|Las Margaritas|Fraccionamiento|Tlalnepantla de Baz|México|Tlalnepantla de Baz|54001|15|54001|21|104|2624|Urbano|14
54050|Magisterial Vista Bella|Fraccionamiento|Tlalnepantla de Baz|México|Tlalnepantla de Baz|54001|15|54001|21|104|2625|Urbano|14
54050|Margaritas Ampliación|Fraccionamiento|Tlalnepantla de Baz|México|Tlalnepantla de Baz|54001|15|54001|21|104|7909|Urbano|14
54054|Bellavista Satélite|Fraccionamiento|Tlalnepantla de Baz|México|Tlalnepantla de Baz|54001|15|54001|21|104|2628|Urbano|14
54054|Jardines Bellavista|Fraccionamiento|Tlalnepantla de Baz|México|Tlalnepantla de Baz|54001|15|54001|21|104|2629|Urbano|14
54054|Residencial Privanza|Fraccionamiento|Tlalnepantla de Baz|México|Tlalnepantla de Baz|54001|15|54001|21|104|5104|Urbano|14
54054|Rincón de Bella Vista|Fraccionamiento|Tlalnepantla de Baz|México|Tlalnepantla de Baz|54001|15|54001|21|104|5592|Urbano|14
54054|Club de Golf Bellavista|Fraccionamiento|Tlalnepantla de Baz|México|Tlalnepantla de Baz|54001|15|54001|21|104|8927|Urbano|14
54055|San Lucas Tepetlacalco|Pueblo|Tlalnepantla de Baz|México|Tlalnepantla de Baz|54001|15|54001|28|104|2630|Urbano|14
54055|San Lucas Tepetlacalco Ampliación|Colonia|Tlalnepantla de Baz|México|Tlalnepantla de Baz|54001|15|54001|09|104|2631|Urbano|14
54057|Valle de Santa Mónica|Fraccionamiento|Tlalnepantla de Baz|México|Tlalnepantla de Baz|54001|15|54001|21|104|2632|Urbano|14
54059|Francisco Villa|Colonia|Tlalnepantla de Baz|México|Tlalnepantla de Baz|54001|15|54001|09|104|2634|Urbano|14
54060|Electra|Fraccionamiento|Tlalnepantla de Baz|México|Tlalnepantla de Baz|54001|15|54001|21|104|2635|Urbano|14
54060|La Loma|Pueblo|Tlalnepantla de Baz|México|Tlalnepantla de Baz|54001|15|54001|28|104|2636|Urbano|14
54060|Arcos Electra|Fraccionamiento|Tlalnepantla de Baz|México|Tlalnepantla de Baz|54001|15|54001|21|104|2637|Urbano|14
54060|Miguel Hidalgo|Colonia|Tlalnepantla de Baz|México|Tlalnepantla de Baz|54001|15|54001|09|104|2638|Urbano|14
54060|La Loma|Zona industrial|Tlalnepantla de Baz|México|Tlalnepantla de Baz|54001|15|54001|37|104|2639|Urbano|14
54060|Valle del Paraíso|Fraccionamiento|Tlalnepantla de Baz|México|Tlalnepantla de Baz|54001|15|54001|21|104|2640|Urbano|14
54060|Viveros del Río|Fraccionamiento|Tlalnepantla de Baz|México|Tlalnepantla de Baz|54001|15|54001|21|104|2641|Urbano|14
54060|Viveros del Valle|Fraccionamiento|Tlalnepantla de Baz|México|Tlalnepantla de Baz|54001|15|54001|21|104|2642|Urbano|14
54060|Valle de los Pinos 2da. Sección|Fraccionamiento|Tlalnepantla de Baz|México|Tlalnepantla de Baz|54001|15|54001|21|104|7916|Urbano|14
54060|Valle Sol|Fraccionamiento|Tlalnepantla de Baz|México|Tlalnepantla de Baz|54001|15|54001|21|104|7917|Urbano|14
54063|Rinconada del Paraíso|Fraccionamiento|Tlalnepantla de Baz|México|Tlalnepantla de Baz|54001|15|54001|21|104|2643|Urbano|14
54067|Tlalcalli|Unidad habitacional|Tlalnepantla de Baz|México|Tlalnepantla de Baz|54001|15|54001|31|104|2646|Urbano|14
54068|Benito Juárez Centro|Colonia|Tlalnepantla de Baz|México|Tlalnepantla de Baz|54001|15|54001|09|104|2647|Urbano|14
54069|Las Rosas|Fraccionamiento|Tlalnepantla de Baz|México|Tlalnepantla de Baz|54001|15|54001|21|104|2648|Urbano|14
54069|Plaza de las Rosas|Colonia|Tlalnepantla de Baz|México|Tlalnepantla de Baz|54001|15|54001|09|104|2649|Urbano|14
54070|El Cortijo|Unidad habitacional|Tlalnepantla de Baz|México|Tlalnepantla de Baz|54001|15|54001|31|104|2650|Urbano|14
54070|San José Puente de Vigas|Zona industrial|Tlalnepantla de Baz|México|Tlalnepantla de Baz|54001|15|54001|37|104|2651|Urbano|14
54070|La Comunidad|Fraccionamiento|Tlalnepantla de Baz|México|Tlalnepantla de Baz|54001|15|54001|21|104|2653|Urbano|14
54070|Adolfo López Mateos|Unidad habitacional|Tlalnepantla de Baz|México|Tlalnepantla de Baz|54001|15|54001|31|104|2655|Urbano|14
54070|Rancho San Antonio|Fraccionamiento|Tlalnepantla de Baz|México|Tlalnepantla de Baz|54001|15|54001|21|104|2658|Urbano|14
54070|Tlalnemex|Colonia|Tlalnepantla de Baz|México|Tlalnepantla de Baz|54001|15|54001|09|104|2659|Urbano|14
54073|Los Reyes|Zona industrial|Tlalnepantla de Baz|México|Tlalnepantla de Baz|54001|15|54001|37|104|2660|Urbano|14
54075|Los Reyes|Pueblo|Tlalnepantla de Baz|México|Tlalnepantla de Baz|54001|15|54001|28|104|2661|Urbano|14
54075|Los Reyes Ixtacala 2da. Sección|Fraccionamiento|Tlalnepantla de Baz|México|Tlalnepantla de Baz|54001|15|54001|21|104|7908|Urbano|14
54076|Los Tejavanes|Unidad habitacional|Tlalnepantla de Baz|México|Tlalnepantla de Baz|54001|15|54001|31|104|2662|Urbano|14
54080|Bellavista Puente de Vigas|Colonia|Tlalnepantla de Baz|México|Tlalnepantla de Baz|54001|15|54001|09|104|2664|Urbano|14
54080|El Mirador|Colonia|Tlalnepantla de Baz|México|Tlalnepantla de Baz|54001|15|54001|09|104|2665|Urbano|14
54080|Las Armas|Zona industrial|Tlalnepantla de Baz|México|Tlalnepantla de Baz|54001|15|54001|37|104|2666|Urbano|14
54080|Plazas de la Colina|Fraccionamiento|Tlalnepantla de Baz|México|Tlalnepantla de Baz|54001|15|54001|21|104|2667|Urbano|14
54080|Residencias del Parque|Fraccionamiento|Tlalnepantla de Baz|México|Tlalnepantla de Baz|54001|15|54001|21|104|2668|Urbano|14
54080|Vista Hermosa|Colonia|Tlalnepantla de Baz|México|Tlalnepantla de Baz|54001|15|54001|09|104|2670|Urbano|14
54080|Ampliación Vista Hermosa|Fraccionamiento|Tlalnepantla de Baz|México|Tlalnepantla de Baz|54001|15|54001|21|104|2671|Urbano|14
54080|Viveros de La Loma|Fraccionamiento|Tlalnepantla de Baz|México|Tlalnepantla de Baz|54001|15|54001|21|104|2672|Urbano|14
54080|Xocoyahualco|Pueblo|Tlalnepantla de Baz|México|Tlalnepantla de Baz|54001|15|54001|28|104|2673|Urbano|14
54080|Condominios Villas Satélite|Unidad habitacional|Tlalnepantla de Baz|México|Tlalnepantla de Baz|54001|15|54001|31|104|7900|Urbano|14
54080|Conjunto Pintores|Fraccionamiento|Tlalnepantla de Baz|México|Tlalnepantla de Baz|54001|15|54001|21|104|7901|Urbano|14
54080|Tepetlacalco A. C.|Unidad habitacional|Tlalnepantla de Baz|México|Tlalnepantla de Baz|54001|15|54001|31|104|7913|Urbano|14
54080|Natura|Fraccionamiento|Tlalnepantla de Baz|México|Tlalnepantla de Baz|54001|15|54001|21|104|8931|Urbano|14
54080|Real del Ocho|Fraccionamiento|Tlalnepantla de Baz|México|Tlalnepantla de Baz|54001|15|54001|21|104|8932|Urbano|14
54090|Rosario 1 Sector CROC II|Unidad habitacional|Tlalnepantla de Baz|México|Tlalnepantla de Baz|54001|15|54001|31|104|2675|Urbano|14
54090|Rosario 1 Sector CROC III-A|Unidad habitacional|Tlalnepantla de Baz|México|Tlalnepantla de Baz|54001|15|54001|31|104|2676|Urbano|14
54090|Hogares Ferrocarrileros|Unidad habitacional|Tlalnepantla de Baz|México|Tlalnepantla de Baz|54001|15|54001|31|104|2678|Urbano|14
54090|La Escuela|Colonia|Tlalnepantla de Baz|México|Tlalnepantla de Baz|54001|15|54001|09|104|2679|Urbano|14
54090|La Mora|Colonia|Tlalnepantla de Baz|México|Tlalnepantla de Baz|54001|15|54001|09|104|2680|Urbano|14
54090|Los Reyes Ixtacala 1ra. Sección|Fraccionamiento|Tlalnepantla de Baz|México|Tlalnepantla de Baz|54001|15|54001|21|104|2682|Urbano|14
54090|Puente de Vigas|Pueblo|Tlalnepantla de Baz|México|Tlalnepantla de Baz|54001|15|54001|28|104|2683|Urbano|14
54090|San Jerónimo Tepetlacalco|Pueblo|Tlalnepantla de Baz|México|Tlalnepantla de Baz|54001|15|54001|28|104|2684|Urbano|14
54090|San José Puente de Vigas|Pueblo|Tlalnepantla de Baz|México|Tlalnepantla de Baz|54001|15|54001|28|104|2685|Urbano|14
54090|San Pablo Xalpa|Pueblo|Tlalnepantla de Baz|México|Tlalnepantla de Baz|54001|15|54001|28|104|2686|Urbano|14
54090|SEDENA|Unidad habitacional|Tlalnepantla de Baz|México|Tlalnepantla de Baz|54001|15|54001|31|104|5052|Urbano|14
54090|Rosario 1 Sector CROC VII|Unidad habitacional|Tlalnepantla de Baz|México|Tlalnepantla de Baz|54001|15|54001|31|104|5053|Urbano|14
54090|Rosario 1 Sector II-CA|Unidad habitacional|Tlalnepantla de Baz|México|Tlalnepantla de Baz|54001|15|54001|31|104|7004|Urbano|14
54090|Rosario 1 Sector II-CB|Unidad habitacional|Tlalnepantla de Baz|México|Tlalnepantla de Baz|54001|15|54001|31|104|7005|Urbano|14
54090|Rosario 1 Sector II-CD|Unidad habitacional|Tlalnepantla de Baz|México|Tlalnepantla de Baz|54001|15|54001|31|104|7006|Urbano|14
54090|Rosario 1 Sector III-A|Unidad habitacional|Tlalnepantla de Baz|México|Tlalnepantla de Baz|54001|15|54001|31|104|7007|Urbano|14
54090|Rosario 1 Sector III-B|Unidad habitacional|Tlalnepantla de Baz|México|Tlalnepantla de Baz|54001|15|54001|31|104|7008|Urbano|14
54090|Rosario 1 Sector III-C|Unidad habitacional|Tlalnepantla de Baz|México|Tlalnepantla de Baz|54001|15|54001|31|104|7009|Urbano|14
54090|San Jerónimo Tepetlacalco|Zona industrial|Tlalnepantla de Baz|México|Tlalnepantla de Baz|54001|15|54001|37|104|7912|Urbano|14
54090|Los Cedros|Unidad habitacional|Tlalnepantla de Baz|México|Tlalnepantla de Baz|54001|15|54001|31|104|7915|Urbano|14
54090|Puente de Vigas|Zona industrial|Tlalnepantla de Baz|México|Tlalnepantla de Baz|54001|15|54001|37|104|7918|Urbano|14
54090|Rosario I Sector CROC III B|Unidad habitacional|Tlalnepantla de Baz|México|Tlalnepantla de Baz|54001|15|54001|31|104|7924|Urbano|14
54090|Rosario II Sector I|Unidad habitacional|Tlalnepantla de Baz|México|Tlalnepantla de Baz|54001|15|54001|31|104|7925|Urbano|14
54090|Rosario II Sector II|Unidad habitacional|Tlalnepantla de Baz|México|Tlalnepantla de Baz|54001|15|54001|31|104|7926|Urbano|14
54090|Rosario II Sector III|Unidad habitacional|Tlalnepantla de Baz|México|Tlalnepantla de Baz|54001|15|54001|31|104|7927|Urbano|14
54092|Rosario 1 Sector CROC V Bugambilias|Unidad habitacional|Tlalnepantla de Baz|México|Tlalnepantla de Baz|54001|15|54001|31|104|2688|Urbano|14
54092|Rosario Ceylán|Fraccionamiento|Tlalnepantla de Baz|México|Tlalnepantla de Baz|54001|15|54001|21|104|2689|Urbano|14
54093|Rosario II Gasera|Unidad habitacional|Tlalnepantla de Baz|México|Tlalnepantla de Baz|54001|15|54001|31|104|2690|Urbano|14
54094|Rosario II Hipódromo Textil|Unidad habitacional|Tlalnepantla de Baz|México|Tlalnepantla de Baz|54001|15|54001|31|104|2691|Urbano|14
54098|Gustavo Baz Prada Los Reyes Ixtacala|Unidad habitacional|Tlalnepantla de Baz|México|Tlalnepantla de Baz|54001|15|54001|31|104|2692|Urbano|14
54100|Las Palomas|Colonia|Tlalnepantla de Baz|México|Tlalnepantla de Baz|54001|15|54001|09|104|2695|Urbano|14
54100|San Lucas Patoni|Pueblo|Tlalnepantla de Baz|México|Tlalnepantla de Baz|54001|15|54001|28|104|2696|Urbano|14
54100|Unbidad CROC Solidaridad|Unidad habitacional|Tlalnepantla de Baz|México|Tlalnepantla de Baz|54001|15|54001|31|104|6999|Urbano|14
54108|La Sideral|Colonia|Tlalnepantla de Baz|México|Tlalnepantla de Baz|54001|15|54001|09|104|2697|Urbano|14
54108|Ampliación La Arboleda|Colonia|Tlalnepantla de Baz|México|Tlalnepantla de Baz|54001|15|54001|09|104|7897|Urbano|14
54109|La Arboleda|Colonia|Tlalnepantla de Baz|México|Tlalnepantla de Baz|54001|15|54001|09|104|2699|Urbano|14
54110|Unidad Barrientos|Unidad habitacional|Tlalnepantla de Baz|México|Tlalnepantla de Baz|54001|15|54001|31|104|2700|Urbano|14
54110|El Olivo I|Colonia|Tlalnepantla de Baz|México|Tlalnepantla de Baz|54001|15|54001|09|104|2702|Urbano|14
54110|Hogar Obrero|Colonia|Tlalnepantla de Baz|México|Tlalnepantla de Baz|54001|15|54001|09|104|2703|Urbano|14
54110|Isidro Fabela|Colonia|Tlalnepantla de Baz|México|Tlalnepantla de Baz|54001|15|54001|09|104|2704|Urbano|14
54110|La Blanca|Colonia|Tlalnepantla de Baz|México|Tlalnepantla de Baz|54001|15|54001|09|104|2705|Urbano|14
54110|Reforma Urbana|Colonia|Tlalnepantla de Baz|México|Tlalnepantla de Baz|54001|15|54001|09|104|2706|Urbano|14
54110|Santa María Tlayacampa|Pueblo|Tlalnepantla de Baz|México|Tlalnepantla de Baz|54001|15|54001|28|104|2707|Urbano|14
54110|Franja Municipal|Colonia|Tlalnepantla de Baz|México|Tlalnepantla de Baz|54001|15|54001|09|104|5591|Urbano|14
54110|Nuevo México|Fraccionamiento|Tlalnepantla de Baz|México|Tlalnepantla de Baz|54001|15|54001|21|104|6994|Urbano|14
54110|Lomas del Calvario|Colonia|Tlalnepantla de Baz|México|Tlalnepantla de Baz|54001|15|54001|09|104|7906|Urbano|14
54110|Cooperativa La Romana|Colonia|Tlalnepantla de Baz|México|Tlalnepantla de Baz|54001|15|54001|09|104|7929|Urbano|14
54118|Franja Férrea|Colonia|Tlalnepantla de Baz|México|Tlalnepantla de Baz|54001|15|54001|09|104|2709|Urbano|14
54119|El Olivo II Parte Alta Carlos Pichardo Cruz|Fraccionamiento|Tlalnepantla de Baz|México|Tlalnepantla de Baz|54001|15|54001|21|104|2710|Urbano|14
54119|El Olivo II Parte Baja|Fraccionamiento|Tlalnepantla de Baz|México|Tlalnepantla de Baz|54001|15|54001|21|104|6993|Urbano|14
54120|Gustavo Baz Prada|Colonia|Tlalnepantla de Baz|México|Tlalnepantla de Baz|54001|15|54001|09|104|2712|Urbano|14
54120|Gustavo Baz Prada Ampliación|Colonia|Tlalnepantla de Baz|México|Tlalnepantla de Baz|54001|15|54001|09|104|2713|Urbano|14
54120|Loma Bonita|Fraccionamiento|Tlalnepantla de Baz|México|Tlalnepantla de Baz|54001|15|54001|21|104|2714|Urbano|14
54120|Los Parajes|Colonia|Tlalnepantla de Baz|México|Tlalnepantla de Baz|54001|15|54001|09|104|2715|Urbano|14
54120|San Rafael|Pueblo|Tlalnepantla de Baz|México|Tlalnepantla de Baz|54001|15|54001|28|104|2716|Urbano|14
54120|Tlayapa|Colonia|Tlalnepantla de Baz|México|Tlalnepantla de Baz|54001|15|54001|09|104|2717|Urbano|14
54120|Rancho San Rafael Amates|Colonia|Tlalnepantla de Baz|México|Tlalnepantla de Baz|54001|15|54001|09|104|7910|Urbano|14
54120|San Rafael|Fraccionamiento|Tlalnepantla de Baz|México|Tlalnepantla de Baz|54001|15|54001|21|104|7923|Urbano|14
54120|La Cañada|Fraccionamiento|Tlalnepantla de Baz|México|Tlalnepantla de Baz|54001|15|54001|21|104|8929|Urbano|14
54124|Cuauhtémoc|Colonia|Tlalnepantla de Baz|México|Tlalnepantla de Baz|54001|15|54001|09|104|2718|Urbano|14
54126|Tabla Honda|Colonia|Tlalnepantla de Baz|México|Tlalnepantla de Baz|54001|15|54001|09|104|2720|Urbano|14
54126|Tabla Honda|Zona industrial|Tlalnepantla de Baz|México|Tlalnepantla de Baz|54001|15|54001|37|104|7903|Urbano|14
54126|Río San Javier|Colonia|Tlalnepantla de Baz|México|Tlalnepantla de Baz|54001|15|54001|09|104|7928|Urbano|14
54127|Ferrocarrilera San Rafael|Colonia|Tlalnepantla de Baz|México|Tlalnepantla de Baz|54001|15|54001|09|104|2721|Urbano|14
54128|Condominios San Rafael|Unidad habitacional|Tlalnepantla de Baz|México|Tlalnepantla de Baz|54001|15|54001|31|104|2722|Urbano|14
54130|El Rosal|Colonia|Tlalnepantla de Baz|México|Tlalnepantla de Baz|54001|15|54001|09|104|2723|Urbano|14
54130|Ex Ejido de Santa Cecilia|Colonia|Tlalnepantla de Baz|México|Tlalnepantla de Baz|54001|15|54001|09|104|2724|Urbano|14
54130|Independencia|Colonia|Tlalnepantla de Baz|México|Tlalnepantla de Baz|54001|15|54001|09|104|2725|Urbano|14
54130|Independencia Ampliación|Colonia|Tlalnepantla de Baz|México|Tlalnepantla de Baz|54001|15|54001|09|104|2726|Urbano|14
54130|Izcalli del Río|Fraccionamiento|Tlalnepantla de Baz|México|Tlalnepantla de Baz|54001|15|54001|21|104|2727|Urbano|14
54130|Los Ángeles|Colonia|Tlalnepantla de Baz|México|Tlalnepantla de Baz|54001|15|54001|09|104|2728|Urbano|14
54130|Santa Cecilia|Fraccionamiento|Tlalnepantla de Baz|México|Tlalnepantla de Baz|54001|15|54001|21|104|2730|Urbano|14
54130|Santa Cecilia Acatitlán|Pueblo|Tlalnepantla de Baz|México|Tlalnepantla de Baz|54001|15|54001|28|104|2731|Urbano|14
54130|Valle de las Pirámides|Fraccionamiento|Tlalnepantla de Baz|México|Tlalnepantla de Baz|54001|15|54001|21|104|5105|Urbano|14
54130|Jardines de la Cañada|Unidad habitacional|Tlalnepantla de Baz|México|Tlalnepantla de Baz|54001|15|54001|31|104|6996|Urbano|14
54130|Media Luna|Colonia|Tlalnepantla de Baz|México|Tlalnepantla de Baz|54001|15|54001|09|104|6997|Urbano|14
54130|Jardines Santa Cecilia INFONAVIT|Unidad habitacional|Tlalnepantla de Baz|México|Tlalnepantla de Baz|54001|15|54001|31|104|7904|Urbano|14
54134|Jardines de Santa Cecilia|Fraccionamiento|Tlalnepantla de Baz|México|Tlalnepantla de Baz|54001|15|54001|21|104|2732|Urbano|14
54135|San Buenaventura|Zona industrial|Tlalnepantla de Baz|México|Tlalnepantla de Baz|54001|15|54001|37|104|2733|Urbano|14
54136|San Buenaventura|Unidad habitacional|Tlalnepantla de Baz|México|Tlalnepantla de Baz|54001|15|54001|31|104|2734|Urbano|14
54140|El Puerto|Colonia|Tlalnepantla de Baz|México|Tlalnepantla de Baz|54001|15|54001|09|104|2735|Urbano|14
54140|Izcalli Acatitlán|Fraccionamiento|Tlalnepantla de Baz|México|Tlalnepantla de Baz|54001|15|54001|21|104|2736|Urbano|14
54140|Izcalli Pirámide|Fraccionamiento|Tlalnepantla de Baz|México|Tlalnepantla de Baz|54001|15|54001|21|104|2737|Urbano|14
54140|Izcalli Pirámide II|Unidad habitacional|Tlalnepantla de Baz|México|Tlalnepantla de Baz|54001|15|54001|31|104|2738|Urbano|14
54140|La Cantera|Colonia|Tlalnepantla de Baz|México|Tlalnepantla de Baz|54001|15|54001|09|104|2739|Urbano|14
54140|Ex-Ejido de San Lucas Patoni|Colonia|Tlalnepantla de Baz|México|Tlalnepantla de Baz|54001|15|54001|09|104|2741|Urbano|14
54140|San Miguel Chalma|Pueblo|Tlalnepantla de Baz|México|Tlalnepantla de Baz|54001|15|54001|28|104|2742|Urbano|14
54140|El Tenayo Centro|Colonia|Tlalnepantla de Baz|México|Tlalnepantla de Baz|54001|15|54001|09|104|2743|Urbano|14
54140|El Tenayo Norte|Colonia|Tlalnepantla de Baz|México|Tlalnepantla de Baz|54001|15|54001|09|104|2744|Urbano|14
54140|FFCC Cecilia Mora Viuda de Gómez|Colonia|Tlalnepantla de Baz|México|Tlalnepantla de Baz|54001|15|54001|09|104|5589|Urbano|14
54140|El Tenayo Sur|Colonia|Tlalnepantla de Baz|México|Tlalnepantla de Baz|54001|15|54001|09|104|6998|Urbano|14
54142|Chalma La Unión|Fraccionamiento|Tlalnepantla de Baz|México|Tlalnepantla de Baz|54001|15|54001|21|104|2745|Urbano|14
54143|Chalma La Barranca|Fraccionamiento|Tlalnepantla de Baz|México|Tlalnepantla de Baz|54001|15|54001|21|104|2746|Urbano|14
54145|Tabla Honda|Unidad habitacional|Tlalnepantla de Baz|México|Tlalnepantla de Baz|54001|15|54001|31|104|2747|Urbano|14
54146|La Cuchilla|Colonia|Tlalnepantla de Baz|México|Tlalnepantla de Baz|54001|15|54001|09|104|2748|Urbano|14
54147|El Tenayo|Unidad habitacional|Tlalnepantla de Baz|México|Tlalnepantla de Baz|54001|15|54001|31|104|2749|Urbano|14
54147|Valle del Tenayo|Unidad habitacional|Tlalnepantla de Baz|México|Tlalnepantla de Baz|54001|15|54001|31|104|2750|Urbano|14
54149|Hugo Cervantes del Río|Fraccionamiento|Tlalnepantla de Baz|México|Tlalnepantla de Baz|54001|15|54001|21|104|2752|Urbano|14
54150|Acueducto Tenayuca|Colonia|Tlalnepantla de Baz|México|Tlalnepantla de Baz|54001|15|54001|09|104|2753|Urbano|14
54150|Ahuehuetes|Colonia|Tlalnepantla de Baz|México|Tlalnepantla de Baz|54001|15|54001|09|104|2754|Urbano|14
54150|Arenal Tenayuca|Colonia|Tlalnepantla de Baz|México|Tlalnepantla de Baz|54001|15|54001|09|104|2755|Urbano|14
54150|Loma Escondida|Unidad habitacional|Tlalnepantla de Baz|México|Tlalnepantla de Baz|54001|15|54001|31|104|2757|Urbano|14
54150|San Bartolo Tenayuca|Pueblo|Tlalnepantla de Baz|México|Tlalnepantla de Baz|54001|15|54001|28|104|2758|Urbano|14
54150|Valle Ceylán|Fraccionamiento|Tlalnepantla de Baz|México|Tlalnepantla de Baz|54001|15|54001|21|104|2759|Urbano|14
54150|Ampliación Valle Ceylán|Fraccionamiento|Tlalnepantla de Baz|México|Tlalnepantla de Baz|54001|15|54001|21|104|7919|Urbano|14
54152|La Purísima|Colonia|Tlalnepantla de Baz|México|Tlalnepantla de Baz|54001|15|54001|09|104|2760|Urbano|14
54158|Poder de Dios|Colonia|Tlalnepantla de Baz|México|Tlalnepantla de Baz|54001|15|54001|09|104|2762|Urbano|14
54160|Artemisa|Unidad habitacional|Tlalnepantla de Baz|México|Tlalnepantla de Baz|54001|15|54001|31|104|2764|Urbano|14
54160|La Joya Ixtacala|Colonia|Tlalnepantla de Baz|México|Tlalnepantla de Baz|54001|15|54001|09|104|2765|Urbano|14
54160|Miraflores|Fraccionamiento|Tlalnepantla de Baz|México|Tlalnepantla de Baz|54001|15|54001|21|104|2766|Urbano|14
54160|Nueva Ixtacala|Fraccionamiento|Tlalnepantla de Baz|México|Tlalnepantla de Baz|54001|15|54001|21|104|2767|Urbano|14
54160|P.I.P.S.A.|Unidad habitacional|Tlalnepantla de Baz|México|Tlalnepantla de Baz|54001|15|54001|31|104|2768|Urbano|14
54160|Prado Ixtacala|Colonia|Tlalnepantla de Baz|México|Tlalnepantla de Baz|54001|15|54001|09|104|2769|Urbano|14
54160|San Antonio Ixtacala|Colonia|Tlalnepantla de Baz|México|Tlalnepantla de Baz|54001|15|54001|09|104|2770|Urbano|14
54160|San Felipe Ixtacala|Colonia|Tlalnepantla de Baz|México|Tlalnepantla de Baz|54001|15|54001|09|104|2771|Urbano|14
54160|San Juan Ixtacala|Pueblo|Tlalnepantla de Baz|México|Tlalnepantla de Baz|54001|15|54001|28|104|2772|Urbano|14
54160|El Tejocote|Unidad habitacional|Tlalnepantla de Baz|México|Tlalnepantla de Baz|54001|15|54001|31|104|7902|Urbano|14
54162|Ceylán Ixtacala|Colonia|Tlalnepantla de Baz|México|Tlalnepantla de Baz|54001|15|54001|09|104|2773|Urbano|14
54168|San Juan Ixtacala Ampliación Norte|Colonia|Tlalnepantla de Baz|México|Tlalnepantla de Baz|54001|15|54001|09|104|2779|Urbano|14
54170|Parque industrial San Pablo Xalpa|Zona industrial|Tlalnepantla de Baz|México|Tlalnepantla de Baz|54001|15|54001|37|104|2780|Urbano|14
54170|Prado Vallejo|Fraccionamiento|Tlalnepantla de Baz|México|Tlalnepantla de Baz|54001|15|54001|21|104|2782|Urbano|14
54170|Prensa Nacional|Colonia|Tlalnepantla de Baz|México|Tlalnepantla de Baz|54001|15|54001|09|104|2783|Urbano|14
54170|Venustiano Carranza|Colonia|Tlalnepantla de Baz|México|Tlalnepantla de Baz|54001|15|54001|09|104|2785|Urbano|14
54170|Bosques de Ceylán|Colonia|Tlalnepantla de Baz|México|Tlalnepantla de Baz|54001|15|54001|09|104|5588|Urbano|14
54172|Ex Hacienda de En Medio|Unidad habitacional|Tlalnepantla de Baz|México|Tlalnepantla de Baz|54001|15|54001|31|104|2787|Urbano|14
54173|Maravillas Ceylán|Unidad habitacional|Tlalnepantla de Baz|México|Tlalnepantla de Baz|54001|15|54001|31|104|2788|Urbano|14
54180|Lomas de San Juan Ixhuatepec|Colonia|Tlalnepantla de Baz|México|Tlalnepantla de Baz|54182|15|54182|09|104|2791|Urbano|14
54180|San José Ixhuatepec|Colonia|Tlalnepantla de Baz|México|Tlalnepantla de Baz|54182|15|54182|09|104|2792|Urbano|14
54180|San Juan Ixhuatepec|Pueblo|Tlalnepantla de Baz|México|Tlalnepantla de Baz|54182|15|54182|28|104|2793|Urbano|14
54180|Atrás del Tequiquil|Colonia|Tlalnepantla de Baz|México|Tlalnepantla de Baz|54182|15|54182|09|104|7001|Urbano|14
54187|La Presa|Zona industrial|Tlalnepantla de Baz|México|Tlalnepantla de Baz|54182|15|54182|37|104|2798|Urbano|14
54187|Ecuestre Residencial San José|Colonia|Tlalnepantla de Baz|México|Tlalnepantla de Baz|54182|15|54182|09|104|4748|Urbano|14
54187|Magisterial Siglo XXI|Unidad habitacional|Tlalnepantla de Baz|México|Tlalnepantla de Baz|54182|15|54182|31|104|4749|Urbano|14
54189|Lázaro Cárdenas 1ra. Sección|Colonia|Tlalnepantla de Baz|México|Tlalnepantla de Baz|54182|15|54182|09|104|2801|Urbano|14
54189|Lázaro Cárdenas 2da. Sección|Colonia|Tlalnepantla de Baz|México|Tlalnepantla de Baz|54182|15|54182|09|104|7002|Urbano|14
54189|Lázaro Cárdenas 3ra. Sección|Colonia|Tlalnepantla de Baz|México|Tlalnepantla de Baz|54182|15|54182|09|104|7003|Urbano|14
54190|FFCC Concepción Zepeda Viuda de Gómez Z.|Colonia|Tlalnepantla de Baz|México|Tlalnepantla de Baz|54182|15|54182|09|104|2803|Urbano|14
54190|Constitución de 1917|Colonia|Tlalnepantla de Baz|México|Tlalnepantla de Baz|54182|15|54182|09|104|2804|Urbano|14
54190|Constituyentes de 1857|Colonia|Tlalnepantla de Baz|México|Tlalnepantla de Baz|54182|15|54182|09|104|2805|Urbano|14
54190|División del Norte|Colonia|Tlalnepantla de Baz|México|Tlalnepantla de Baz|54182|15|54182|09|104|2806|Urbano|14
54190|Dr. Jorge Jiménez Cantú|Colonia|Tlalnepantla de Baz|México|Tlalnepantla de Baz|54182|15|54182|09|104|2808|Urbano|14
54190|La Laguna|Colonia|Tlalnepantla de Baz|México|Tlalnepantla de Baz|54182|15|54182|09|104|2809|Urbano|14
54190|Marina Nacional|Colonia|Tlalnepantla de Baz|México|Tlalnepantla de Baz|54182|15|54182|09|104|2814|Urbano|14
54190|La Petrolera|Colonia|Tlalnepantla de Baz|México|Tlalnepantla de Baz|54182|15|54182|09|104|5106|Urbano|14
54193|Ex-Ejido de Tepeolulco|Colonia|Tlalnepantla de Baz|México|Tlalnepantla de Baz|54182|15|54182|09|104|2815|Urbano|14
54195|Santa Virginia|Fraccionamiento|Tlalnepantla de Baz|México|Tlalnepantla de Baz|54182|15|54182|21|104|0002|Urbano|14
54195|Colinas de San José|Fraccionamiento|Tlalnepantla de Baz|México|Tlalnepantla de Baz|54182|15|54182|21|104|8934|Urbano|14
54196|Bahía del Copal|Unidad habitacional|Tlalnepantla de Baz|México|Tlalnepantla de Baz|54182|15|54182|31|104|2816|Urbano|14
54196|Angeles San José|Conjunto habitacional|Tlalnepantla de Baz|México|Tlalnepantla de Baz|54182|15|54182|12|104|8933|Urbano|14
54197|San Isidro Ixhuatepec|Colonia|Tlalnepantla de Baz|México|Tlalnepantla de Baz|54182|15|54182|09|104|2817|Urbano|14
54198|Lomas de Lindavista El Copal|Fraccionamiento|Tlalnepantla de Baz|México|Tlalnepantla de Baz|54182|15|54182|21|104|2818|Urbano|14
54198|Los Ángeles|Fraccionamiento|Tlalnepantla de Baz|México|Tlalnepantla de Baz|54182|15|54182|21|104|8930|Urbano|14
54200|Polotitlán de la Ilustración|Pueblo|Polotitlán|México|null|54201|15|54201|28|071|2823|Urbano|null
54203|Loma Bonita|Colonia|Polotitlán|México|null|54201|15|54201|09|071|8935|Urbano|null
54204|El Álamo|Colonia|Polotitlán|México|null|54201|15|54201|09|071|2820|Rural|null
54220|San Francisco Acazuchitlaltongo|Pueblo|Polotitlán|México|null|54201|15|54201|28|071|2829|Rural|null
54223|Tildío|Ranchería|Polotitlán|México|null|54201|15|54201|29|071|0002|Rural|null
54223|Ruano|Pueblo|Polotitlán|México|null|54201|15|54201|28|071|2824|Rural|null
54223|La Loma del Pino (Pachuquilla)|Ranchería|Polotitlán|México|null|54201|15|54201|29|071|8937|Rural|null
54224|Encinillas|Ejido|Polotitlán|México|null|54201|15|54201|15|071|2821|Rural|null
54225|El Panal|Ranchería|Polotitlán|México|null|54201|15|54201|29|071|8704|Rural|null
54225|Ranchito de Ruano|Ranchería|Polotitlán|México|null|54201|15|54201|29|071|8705|Rural|null
54225|San Isidro|Ranchería|Polotitlán|México|null|54201|15|54201|29|071|8706|Rural|null
54225|San Isidro el Chico|Ranchería|Polotitlán|México|null|54201|15|54201|29|071|8707|Rural|null
54225|San Isidrito|Ranchería|Polotitlán|México|null|54201|15|54201|29|071|8936|Rural|null
54226|San Antonio el Viejo|Pueblo|Polotitlán|México|null|54201|15|54201|28|071|2828|Rural|null
54227|Estación Polotitlán (Casas Viejas)|Pueblo|Polotitlán|México|null|54201|15|54201|28|071|7329|Rural|null
54227|Cerro Gordo|Pueblo|Polotitlán|México|null|54201|15|54201|28|071|7330|Rural|null
54227|Satélite|Ranchería|Polotitlán|México|null|54201|15|54201|29|071|8709|Rural|null
54233|El Gavillero de la Trinidad (La Curva)|Pueblo|Polotitlán|México|null|54201|15|54201|28|071|7326|Rural|null
54233|La Magdalena|Ranchería|Polotitlán|México|null|54201|15|54201|29|071|7327|Rural|null
54234|Lázaro Cárdenas (San Rafael)|Barrio|Polotitlán|México|null|54201|15|54201|02|071|2822|Rural|null
54234|La Purísima (Buenavista)|Pueblo|Polotitlán|México|null|54201|15|54201|28|071|7328|Rural|null
54235|San Nicolás de los Cerritos|Pueblo|Polotitlán|México|null|54201|15|54201|28|071|2830|Rural|null
54235|San Antonio Polotitlán|Ranchería|Polotitlán|México|null|54201|15|54201|29|071|8708|Rural|null
54236|San Antonio Escobedo|Pueblo|Polotitlán|México|null|54201|15|54201|28|071|2826|Rural|null
54236|Taxhie|Pueblo|Polotitlán|México|null|54201|15|54201|28|071|2831|Rural|null
54236|Pueblo Nuevo|Ranchería|Polotitlán|México|null|54201|15|54201|29|071|8710|Rural|null
54237|Celayita (San José Celayita)|Colonia|Polotitlán|México|null|54201|15|54201|09|071|2819|Rural|null
54237|San Agustín el Cuervo|Pueblo|Polotitlán|México|null|54201|15|54201|28|071|2825|Rural|null
54237|El Tesoro|Pueblo|Polotitlán|México|null|54201|15|54201|28|071|6886|Rural|null
54239|San Antonio Escobedo Norte|Ranchería|Polotitlán|México|null|54201|15|54201|29|071|0001|Rural|null
54240|Jilotepec de Molina Enríquez|Pueblo|Jilotepec|México|null|54241|15|54241|28|045|2842|Urbano|null
54240|La Cruz de Dendho|Colonia|Jilotepec|México|null|54241|15|54241|09|045|8491|Rural|null
54246|Vista Hermosa|Colonia|Jilotepec|México|null|54241|15|54241|09|045|8141|Urbano|null
54246|Magisterio Estatal|Unidad habitacional|Jilotepec|México|null|54241|15|54241|31|045|8530|Urbano|null
54250|Potrero Nuevo|Ranchería|Jilotepec|México|null|54241|15|54241|29|045|0005|Rural|null
54250|San Pablo Huantepec|Pueblo|Jilotepec|México|null|54241|15|54241|28|045|2847|Rural|null
54250|Ojo de Agua|Ranchería|Jilotepec|México|null|54241|15|54241|29|045|6787|Rural|null
54253|Coscomate del Progreso|Pueblo|Jilotepec|México|null|54241|15|54241|28|045|2835|Rural|null
54253|Dexcani Alto|Pueblo|Jilotepec|México|null|54241|15|54241|28|045|2836|Rural|null
54253|Dexcani Bajo|Ranchería|Jilotepec|México|null|54241|15|54241|29|045|2837|Rural|null
54253|La Merced|Colonia|Jilotepec|México|null|54241|15|54241|09|045|5143|Urbano|null
54253|La Manzanilla (Tercera Manzana de Dexcani Bajo)|Ranchería|Jilotepec|México|null|54241|15|54241|29|045|6791|Rural|null
54253|El Huisache (Tercera Manzana de Dexcani Alto)|Ranchería|Jilotepec|México|null|54241|15|54241|29|045|6793|Rural|null
54253|Ejido de Coscomate del Progreso|Ranchería|Jilotepec|México|null|54241|15|54241|29|045|6803|Rural|null
54253|Denjhi|Ranchería|Jilotepec|México|null|54241|15|54241|29|045|6805|Rural|null
54254|Doxhicho|Pueblo|Jilotepec|México|null|54241|15|54241|28|045|2838|Rural|null
54254|Ejido de Jilotepec|Ranchería|Jilotepec|México|null|54241|15|54241|29|045|6802|Rural|null
54254|Danxho|Ranchería|Jilotepec|México|null|54241|15|54241|29|045|6806|Rural|null
54255|Las Manzanas|Pueblo|Jilotepec|México|null|54241|15|54241|28|045|2843|Rural|null
54255|San Lorenzo Octeyuco|Pueblo|Jilotepec|México|null|54241|15|54241|28|045|2845|Rural|null
54255|Xhimójay|Pueblo|Jilotepec|México|null|54241|15|54241|28|045|2849|Rural|null
54255|El Durazno de Cuauhtémoc|Pueblo|Jilotepec|México|null|54241|15|54241|28|045|2852|Rural|null
54255|Magueycitos|Ranchería|Jilotepec|México|null|54241|15|54241|29|045|2853|Rural|null
54255|Octeyuco 2000|Ranchería|Jilotepec|México|null|54241|15|54241|29|045|6788|Rural|null
54255|El Magueyal|Ranchería|Jilotepec|México|null|54241|15|54241|29|045|6792|Rural|null
54255|Ejido de San Lorenzo Octeyuco|Ranchería|Jilotepec|México|null|54241|15|54241|29|045|6801|Rural|null
54255|El Barrete|Ranchería|Jilotepec|México|null|54241|15|54241|29|045|6941|Rural|null
54256|Xhixhata|Pueblo|Jilotepec|México|null|54241|15|54241|28|045|2850|Rural|null
54256|Agua Escondida|Pueblo|Jilotepec|México|null|54241|15|54241|28|045|2857|Rural|null
54256|Las Huertas|Pueblo|Jilotepec|México|null|54241|15|54241|28|045|2861|Rural|null
54256|Santa Martha de la Cruz|Ranchería|Jilotepec|México|null|54241|15|54241|29|045|6781|Rural|null
54257|Parque Industrial Jilotepec|Zona industrial|Jilotepec|México|null|54241|15|54241|37|045|0001|Urbano|null
54257|El Quichi|Colonia|Jilotepec|México|null|54241|15|54241|09|045|0006|Rural|null
54257|Javier Barrios|Colonia|Jilotepec|México|null|54241|15|54241|09|045|5142|Urbano|null
54257|El Xhitey|Ranchería|Jilotepec|México|null|54241|15|54241|29|045|6782|Rural|null
54260|Bosque de Canalejas (Manzana Sexta Canalejas)|Colonia|Jilotepec|México|null|54241|15|54241|09|045|0004|Rural|null
54260|Buenavista|Pueblo|Jilotepec|México|null|54241|15|54241|28|045|2858|Rural|null
54260|Canalejas|Pueblo|Jilotepec|México|null|54241|15|54241|28|045|2859|Urbano|null
54263|Aldama|Pueblo|Jilotepec|México|null|54241|15|54241|28|045|2833|Rural|null
54263|El Rincón|Ranchería|Jilotepec|México|null|54241|15|54241|29|045|2839|Rural|null
54263|Teupan (Piedras Negras)|Ranchería|Jilotepec|México|null|54241|15|54241|29|045|6783|Rural|null
54263|Llano Grande|Ranchería|Jilotepec|México|null|54241|15|54241|29|045|6789|Rural|null
54263|La Huaracha|Ranchería|Jilotepec|México|null|54241|15|54241|29|045|8142|Rural|null
54264|El Saltillo|Pueblo|Jilotepec|México|null|54241|15|54241|28|045|2841|Rural|null
54265|El Saltillito (Calpulalpan Cuarta Manzana)|Ranchería|Jilotepec|México|null|54241|15|54241|29|045|0002|Rural|null
54265|Las Jaras (Calpulalpan Segunda Manzana)|Ranchería|Jilotepec|México|null|54241|15|54241|29|045|0003|Rural|null
54265|El Fresno|Ranchería|Jilotepec|México|null|54241|15|54241|29|045|0007|Rural|null
54265|Calpulalpan (Primera Manzana Centro)|Pueblo|Jilotepec|México|null|54241|15|54241|28|045|2834|Rural|null
54265|La Comunidad|Pueblo|Jilotepec|México|null|54241|15|54241|28|045|2860|Rural|null
54265|San Vicente (Calpulalpan Tercera Manzana)|Ranchería|Jilotepec|México|null|54241|15|54241|29|045|6786|Rural|null
54265|El Majuay|Pueblo|Jilotepec|México|null|54241|15|54241|28|045|7281|Rural|null
54270|San Martín Tuchicuitlapilco|Pueblo|Jilotepec|México|null|54241|15|54241|28|045|2846|Rural|null
54270|San Miguel de La Victoria|Pueblo|Jilotepec|México|null|54241|15|54241|28|045|2863|Rural|null
54270|Tecolapan|Ranchería|Jilotepec|México|null|54241|15|54241|29|045|2864|Rural|null
54273|El Rosal|Pueblo|Jilotepec|México|null|54241|15|54241|28|045|2840|Rural|null
54273|San Lorenzo Nenamicoyan|Pueblo|Jilotepec|México|null|54241|15|54241|28|045|2844|Rural|null
54273|Dedeni Dolores|Ranchería|Jilotepec|México|null|54241|15|54241|29|045|2854|Rural|null
54273|Mataxhi|Ranchería|Jilotepec|México|null|54241|15|54241|29|045|2855|Rural|null
54273|La Maqueda (Ejido de San Lorenzo Nenamicoyan)|Ranchería|Jilotepec|México|null|54241|15|54241|29|045|6790|Rural|null
54273|San Ignacio de Loyola (San Ignacio)|Pueblo|Jilotepec|México|null|54241|15|54241|28|045|7282|Rural|null
54274|San Juan Acazuchitlán (San Juanico)|Pueblo|Jilotepec|México|null|54241|15|54241|28|045|2856|Rural|null
54275|Santiago Oxthoc|Pueblo|Jilotepec|México|null|54241|15|54241|28|045|2862|Rural|null
54275|Emiliano Zapata|Pueblo|Jilotepec|México|null|54241|15|54241|28|045|7280|Rural|null
54275|El Durazno de Guerrero|Pueblo|Jilotepec|México|null|54241|15|54241|28|045|7283|Rural|null
54276|Ejido Acazuchitlán (Ejido San Juan Bautista)|Ranchería|Jilotepec|México|null|54241|15|54241|29|045|6804|Rural|null
54280|El Progreso|Colonia|Soyaniquilpan de Juárez|México|null|54241|15|54241|09|079|0001|Urbano|null
54280|El Ventorillo|Colonia|Soyaniquilpan de Juárez|México|null|54241|15|54241|09|079|0002|Urbano|null
54280|La Providencia|Colonia|Soyaniquilpan de Juárez|México|null|54241|15|54241|09|079|0003|Urbano|null
54280|Rancho Jesús María|Colonia|Soyaniquilpan de Juárez|México|null|54241|15|54241|09|079|0004|Urbano|null
54280|San Francisco Soyaniquilpan|Pueblo|Soyaniquilpan de Juárez|México|null|54241|15|54241|28|079|2869|Urbano|null
54280|Loma del Perdón|Colonia|Soyaniquilpan de Juárez|México|null|54241|15|54241|09|079|7162|Urbano|null
54280|El Atorón|Colonia|Soyaniquilpan de Juárez|México|null|54241|15|54241|09|079|7163|Urbano|null
54280|El Chiquinte|Colonia|Soyaniquilpan de Juárez|México|null|54241|15|54241|09|079|7164|Urbano|null
54283|El Capulín|Pueblo|Soyaniquilpan de Juárez|México|null|54241|15|54241|28|079|7159|Urbano|null
54283|El Quinte|Colonia|Soyaniquilpan de Juárez|México|null|54241|15|54241|09|079|7165|Urbano|null
54284|San Agustín Buenavista|Pueblo|Soyaniquilpan de Juárez|México|null|54241|15|54241|28|079|2866|Rural|null
54285|El Divisadero Fresno (El Divisadero)|Pueblo|Soyaniquilpan de Juárez|México|null|54241|15|54241|28|079|2865|Rural|null
54285|El Divisadero de Zapata|Pueblo|Soyaniquilpan de Juárez|México|null|54241|15|54241|28|079|2870|Rural|null
54285|San Juan del Cuervo (El Cuervo)|Ranchería|Soyaniquilpan de Juárez|México|null|54241|15|54241|29|079|7158|Rural|null
54285|Gavillero de Santa Ana|Ranchería|Soyaniquilpan de Juárez|México|null|54241|15|54241|29|079|7160|Rural|null
54285|San Isidro|Colonia|Soyaniquilpan de Juárez|México|null|54241|15|54241|09|079|7161|Rural|null
54290|Ignacio Zaragoza (Zaragoza)|Pueblo|Soyaniquilpan de Juárez|México|null|54241|15|54241|28|079|2871|Rural|null
54290|La Goleta|Ranchería|Soyaniquilpan de Juárez|México|null|54241|15|54241|29|079|2873|Rural|null
54290|Santa Cruz (Ejido de Palos Altos)|Ranchería|Soyaniquilpan de Juárez|México|null|54241|15|54241|29|079|7155|Rural|null
54293|Quinta Manzana de San José Deguedó|Ranchería|Soyaniquilpan de Juárez|México|null|54241|15|54241|29|079|0005|Rural|null
54294|Vistahermosa (Vista Hermosa)|Ranchería|Soyaniquilpan de Juárez|México|null|54241|15|54241|29|079|7156|Rural|null
54295|Palos Altos|Ranchería|Soyaniquilpan de Juárez|México|null|54241|15|54241|29|079|2872|Rural|null
54296|San José Deguedó|Pueblo|Soyaniquilpan de Juárez|México|null|54241|15|54241|28|079|2867|Rural|null
54297|San Juan Daxthi|Pueblo|Soyaniquilpan de Juárez|México|null|54241|15|54241|28|079|2868|Rural|null
54300|Villa del Carbón|Pueblo|Villa del Carbón|México|null|54301|15|54301|28|112|2885|Rural|null
54310|San Jeronimo Zacapexco|Pueblo|Villa del Carbón|México|null|54301|15|54301|28|112|2881|Rural|null
54313|La Capilla|Pueblo|Villa del Carbón|México|null|54301|15|54301|28|112|2892|Rural|null
54313|Palo Hueco (Kilómetro 5)|Ranchería|Villa del Carbón|México|null|54301|15|54301|29|112|6796|Rural|null
54313|Loma de la Hacienda|Hacienda|Villa del Carbón|México|null|54301|15|54301|24|112|7219|Rural|null
54313|Bocanegra|Pueblo|Villa del Carbón|México|null|54301|15|54301|28|112|7220|Rural|null
54313|Los Domínguez|Barrio|Villa del Carbón|México|null|54301|15|54301|02|112|7221|Rural|null
54313|El Plan Zacapexco|Barrio|Villa del Carbón|México|null|54301|15|54301|02|112|7229|Rural|null
54314|Magisterial|Fraccionamiento|Villa del Carbón|México|null|54301|15|54301|21|112|0001|Urbano|null
54314|Los Gutiérrez|Barrio|Villa del Carbón|México|null|54301|15|54301|02|112|7225|Rural|null
54314|La Bellota|Barrio|Villa del Carbón|México|null|54301|15|54301|02|112|7226|Rural|null
54314|Club Campestre Villa del Actor|Fraccionamiento|Villa del Carbón|México|null|54301|15|54301|21|112|7233|Rural|null
54315|Monte de Peña|Pueblo|Villa del Carbón|México|null|54301|15|54301|28|112|2880|Rural|null
54315|El Plan Villa|Barrio|Villa del Carbón|México|null|54301|15|54301|02|112|7228|Rural|null
54320|La Cañada|Pueblo|Villa del Carbón|México|null|54301|15|54301|28|112|2887|Rural|null
54320|San Salvador de la Laguna|Pueblo|Villa del Carbón|México|null|54301|15|54301|28|112|2890|Rural|null
54320|La Arrastradera|Fraccionamiento|Villa del Carbón|México|null|54301|15|54301|21|112|7205|Rural|null
54324|La Cruz y Carrizal|Pueblo|Villa del Carbón|México|null|54301|15|54301|28|112|2876|Rural|null
54324|Loma Alta Taxhimay|Pueblo|Villa del Carbón|México|null|54301|15|54301|28|112|2882|Rural|null
54324|El Arenal|Ranchería|Villa del Carbón|México|null|54301|15|54301|29|112|6798|Rural|null
54324|El Palomar|Pueblo|Villa del Carbón|México|null|54301|15|54301|28|112|7201|Rural|null
54325|San Luis Taxhimay|Pueblo|Villa del Carbón|México|null|54301|15|54301|28|112|2883|Rural|null
54326|San Luis Anáhuac (Toriles)|Pueblo|Villa del Carbón|México|null|54301|15|54301|28|112|2874|Rural|null
54326|Las Moras|Pueblo|Villa del Carbón|México|null|54301|15|54301|28|112|2888|Rural|null
54326|Los Oratorios|Pueblo|Villa del Carbón|México|null|54301|15|54301|28|112|2889|Rural|null
54326|Xajay (Loma del Xajay)|Ranchería|Villa del Carbón|México|null|54301|15|54301|29|112|6794|Rural|null
54326|La Escalera|Pueblo|Villa del Carbón|México|null|54301|15|54301|28|112|7200|Rural|null
54326|Potrero Largo (Villa del Potrero)|Pueblo|Villa del Carbón|México|null|54301|15|54301|28|112|7202|Rural|null
54327|Santa Catarina|Ranchería|Villa del Carbón|México|null|54301|15|54301|29|112|6800|Rural|null
54327|Los Madroños|Rancho|Villa del Carbón|México|null|54301|15|54301|48|112|7203|Rural|null
54327|Villa del Carbón|Fraccionamiento|Villa del Carbón|México|null|54301|15|54301|21|112|7232|Rural|null
54330|El Ocotal|Pueblo|Villa del Carbón|México|null|54301|15|54301|28|112|2875|Rural|null
54330|Llano de Zacapexco|Pueblo|Villa del Carbón|México|null|54301|15|54301|28|112|2879|Rural|null
54330|San Lucas|Ranchería|Villa del Carbón|México|null|54301|15|54301|29|112|6795|Rural|null
54333|Loma Alta|Pueblo|Villa del Carbón|México|null|54301|15|54301|28|112|2877|Rural|null
54333|San Martín Cachihuapan|Pueblo|Villa del Carbón|México|null|54301|15|54301|28|112|2884|Rural|null
54333|Loma de Don Juan|Pueblo|Villa del Carbón|México|null|54301|15|54301|28|112|7207|Rural|null
54333|Loma de Trojes|Pueblo|Villa del Carbón|México|null|54301|15|54301|28|112|7208|Rural|null
54333|Los Platitos (Colonia los Platitos)|Barrio|Villa del Carbón|México|null|54301|15|54301|02|112|7209|Rural|null
54333|La Ciénega|Colonia|Villa del Carbón|México|null|54301|15|54301|09|112|7210|Rural|null
54334|El Varal|Ranchería|Villa del Carbón|México|null|54301|15|54301|29|112|0002|Rural|null
54334|La Cruz del Arenal|Ranchería|Villa del Carbón|México|null|54301|15|54301|29|112|6799|Rural|null
54334|La Centinela|Pueblo|Villa del Carbón|México|null|54301|15|54301|28|112|7211|Rural|null
54334|Molinitos (Comunidad de los Molinitos)|Pueblo|Villa del Carbón|México|null|54301|15|54301|28|112|7212|Rural|null
54334|Piequexhimo|Pueblo|Villa del Carbón|México|null|54301|15|54301|28|112|7214|Rural|null
54335|Temanacoya (Barrio de Temanacoya)|Ranchería|Villa del Carbón|México|null|54301|15|54301|29|112|7215|Rural|null
54336|Santa María|Pueblo|Villa del Carbón|México|null|54301|15|54301|28|112|7213|Rural|null
54337|Los Barbechos|Pueblo|Villa del Carbón|México|null|54301|15|54301|28|112|2893|Rural|null
54337|San Isidro del Bosque|Pueblo|Villa del Carbón|México|null|54301|15|54301|28|112|2894|Rural|null
54337|Las Vigas|Pueblo|Villa del Carbón|México|null|54301|15|54301|28|112|2895|Rural|null
54337|Los Rueda|Pueblo|Villa del Carbón|México|null|54301|15|54301|28|112|7217|Rural|null
54340|Pueblo Nuevo|Pueblo|Villa del Carbón|México|null|54301|15|54301|28|112|2896|Rural|null
54345|Los Arana|Pueblo|Villa del Carbón|México|null|54301|15|54301|28|112|2878|Rural|null
54346|La Esperanza|Pueblo|Villa del Carbón|México|null|54301|15|54301|28|112|2891|Rural|null
54346|El Cerrito|Ranchería|Villa del Carbón|México|null|54301|15|54301|29|112|6797|Rural|null
54346|El Águila|Pueblo|Villa del Carbón|México|null|54301|15|54301|28|112|7216|Rural|null
54346|Llano Grande|Pueblo|Villa del Carbón|México|null|54301|15|54301|28|112|7218|Rural|null
54350|Chapa de Mota|Pueblo|Chapa de Mota|México|null|54241|15|54241|28|026|2897|Urbano|null
54360|Macavaca (Santa Ana Macavaca)|Hacienda|Chapa de Mota|México|null|54241|15|54241|24|026|2902|Rural|null
54360|Barajas (Hacienda Vieja)|Ejido|Chapa de Mota|México|null|54241|15|54241|15|026|7262|Rural|null
54360|Ventey|Barrio|Chapa de Mota|México|null|54241|15|54241|02|026|7265|Rural|null
54363|Barajas|Pueblo|Chapa de Mota|México|null|54241|15|54241|28|026|2904|Rural|null
54363|Damate|Pueblo|Chapa de Mota|México|null|54241|15|54241|28|026|2905|Rural|null
54363|La Soledad (El Mogote)|Barrio|Chapa de Mota|México|null|54241|15|54241|02|026|7259|Rural|null
54364|San José Ampabi|Ranchería|Chapa de Mota|México|null|54241|15|54241|29|026|0002|Rural|null
54364|San Francisco de las Tablas|Pueblo|Chapa de Mota|México|null|54241|15|54241|28|026|2900|Rural|null
54364|Las Ánimas|Pueblo|Chapa de Mota|México|null|54241|15|54241|28|026|2914|Rural|null
54364|El Chabacano|Barrio|Chapa de Mota|México|null|54241|15|54241|02|026|7268|Rural|null
54365|Xhoñe|Barrio|Chapa de Mota|México|null|54241|15|54241|02|026|7263|Rural|null
54365|Venú|Barrio|Chapa de Mota|México|null|54241|15|54241|02|026|7264|Rural|null
54366|Mefi|Barrio|Chapa de Mota|México|null|54241|15|54241|02|026|7261|Rural|null
54367|Santa María|Ranchería|Chapa de Mota|México|null|54241|15|54241|29|026|2906|Rural|null
54367|Xhote|Ranchería|Chapa de Mota|México|null|54241|15|54241|29|026|6743|Rural|null
54373|Tenjay|Ranchería|Chapa de Mota|México|null|54241|15|54241|29|026|2915|Rural|null
54373|Los Limones|Ranchería|Chapa de Mota|México|null|54241|15|54241|29|026|9433|Rural|null
54374|La Palma|Ranchería|Chapa de Mota|México|null|54241|15|54241|29|026|2913|Rural|null
54374|La Concepción|Barrio|Chapa de Mota|México|null|54241|15|54241|02|026|7269|Rural|null
54375|Cadenqui|Pueblo|Chapa de Mota|México|null|54241|15|54241|28|026|2911|Rural|null
54375|El Salto|Barrio|Chapa de Mota|México|null|54241|15|54241|02|026|7266|Rural|null
54375|La Alameda (Las Lajas)|Barrio|Chapa de Mota|México|null|54241|15|54241|02|026|7267|Rural|null
54380|Dhalle (Ejido de Dongu)|Ranchería|Chapa de Mota|México|null|54241|15|54241|29|026|0001|Rural|null
54380|Santa Elena|Pueblo|Chapa de Mota|México|null|54241|15|54241|28|026|2901|Rural|null
54380|Danxho|Barrio|Chapa de Mota|México|null|54241|15|54241|02|026|7258|Rural|null
54383|La Ladera|Barrio|Chapa de Mota|México|null|54241|15|54241|02|026|2910|Rural|null
54384|La Esperanza|Pueblo|Chapa de Mota|México|null|54241|15|54241|28|026|2912|Rural|null
54384|La Loma|Ranchería|Chapa de Mota|México|null|54241|15|54241|29|026|9432|Rural|null
54385|Dongu|Pueblo|Chapa de Mota|México|null|54241|15|54241|28|026|2898|Urbano|null
54385|San Felipe Coamango|Pueblo|Chapa de Mota|México|null|54241|15|54241|28|026|2899|Urbano|null
54386|San Juan Tuxtepec|Pueblo|Chapa de Mota|México|null|54241|15|54241|28|026|2903|Urbano|null
54386|San Gabriel|Pueblo|Chapa de Mota|México|null|54241|15|54241|28|026|2907|Rural|null
54386|El Puerto|Pueblo|Chapa de Mota|México|null|54241|15|54241|28|026|2908|Rural|null
54387|El Quinte|Pueblo|Chapa de Mota|México|null|54241|15|54241|28|026|2909|Rural|null
54387|San Felipe Coamango|Ejido|Chapa de Mota|México|null|54241|15|54241|15|026|9434|Rural|null
54400|Benito Juárez 1a. Sección (Cabecera Municipal)|Colonia|Nicolás Romero|México|Ciudad Nicolás Romero|54401|15|54401|09|060|2917|Urbano|11
54402|Barrón|Pueblo|Nicolás Romero|México|Ciudad Nicolás Romero|54401|15|54401|28|060|2919|Urbano|11
54405|Benito Juárez|Colonia|Nicolás Romero|México|Ciudad Nicolás Romero|54401|15|54401|09|060|2920|Urbano|11
54407|Ampliación el Rosario|Colonia|Nicolás Romero|México|Ciudad Nicolás Romero|54401|15|54401|09|060|0006|Rural|11
54407|Libertad 1a. Sección|Colonia|Nicolás Romero|México|Ciudad Nicolás Romero|54401|15|54401|09|060|2923|Urbano|11
54407|Libertad 2a Sección|Colonia|Nicolás Romero|México|Ciudad Nicolás Romero|54401|15|54401|09|060|6900|Urbano|11
54407|Aquiles Córdova Morán|Colonia|Nicolás Romero|México|Ciudad Nicolás Romero|54401|15|54401|09|060|9276|Urbano|11
54408|Jorge Jiménez Cantú|Colonia|Nicolás Romero|México|Ciudad Nicolás Romero|54401|15|54401|09|060|2925|Urbano|11
54409|Independencia 1a. Sección|Colonia|Nicolás Romero|México|Ciudad Nicolás Romero|54401|15|54401|09|060|2926|Urbano|11
54409|Independencia 2a. Sección|Colonia|Nicolás Romero|México|Ciudad Nicolás Romero|54401|15|54401|09|060|2927|Urbano|11
54409|San Marcos|Fraccionamiento|Nicolás Romero|México|Ciudad Nicolás Romero|54401|15|54401|21|060|5144|Urbano|11
54409|Torres Peregrina|Fraccionamiento|Nicolás Romero|México|Ciudad Nicolás Romero|54401|15|54401|21|060|5145|Urbano|11
54410|El Globo|Fraccionamiento|Nicolás Romero|México|Ciudad Nicolás Romero|54401|15|54401|21|060|2929|Urbano|11
54413|Cinco de Febrero|Colonia|Nicolás Romero|México|Ciudad Nicolás Romero|54401|15|54401|09|060|2931|Urbano|11
54413|Guadalupe San Ildefonso|Colonia|Nicolás Romero|México|Ciudad Nicolás Romero|54401|15|54401|09|060|2932|Urbano|11
54413|San Juan|Colonia|Nicolás Romero|México|Ciudad Nicolás Romero|54401|15|54401|09|060|2933|Urbano|11
54414|Buenavista|Colonia|Nicolás Romero|México|Ciudad Nicolás Romero|54401|15|54401|09|060|2934|Urbano|11
54414|Vista Hermosa 1a. Sección|Colonia|Nicolás Romero|México|Ciudad Nicolás Romero|54401|15|54401|09|060|2935|Urbano|11
54414|Vista Hermosa 2a. Sección|Colonia|Nicolás Romero|México|Ciudad Nicolás Romero|54401|15|54401|09|060|8130|Urbano|11
54414|Ampliación Vista Hermosa|Colonia|Nicolás Romero|México|Ciudad Nicolás Romero|54401|15|54401|09|060|8131|Urbano|11
54416|Rinconada Lago de Guadalupe|Fraccionamiento|Nicolás Romero|México|Ciudad Nicolás Romero|54401|15|54401|21|060|0001|Urbano|11
54416|Santa Anita la Bolsa|Colonia|Nicolás Romero|México|Ciudad Nicolás Romero|54401|15|54401|09|060|2936|Urbano|11
54416|Cantaros III|Fraccionamiento|Nicolás Romero|México|Ciudad Nicolás Romero|54401|15|54401|21|060|6172|Urbano|11
54416|Cumbres|Fraccionamiento|Nicolás Romero|México|Ciudad Nicolás Romero|54401|15|54401|21|060|8968|Urbano|11
54417|Azotlán Parte Alta|Colonia|Nicolás Romero|México|Ciudad Nicolás Romero|54401|15|54401|09|060|2937|Urbano|11
54417|Lomas de Guadalupe|Colonia|Nicolás Romero|México|Ciudad Nicolás Romero|54401|15|54401|09|060|5128|Urbano|11
54417|Azotlán Parte Baja|Colonia|Nicolás Romero|México|Ciudad Nicolás Romero|54401|15|54401|09|060|8127|Urbano|11
54420|Los Manantiales|Fraccionamiento|Nicolás Romero|México|Ciudad Nicolás Romero|54401|15|54401|21|060|2939|Urbano|11
54424|San Miguel Hila|Pueblo|Nicolás Romero|México|Ciudad Nicolás Romero|54401|15|54401|28|060|2916|Urbano|11
54425|Vicente Guerrero 2a. Sección|Colonia|Nicolás Romero|México|Ciudad Nicolás Romero|54401|15|54401|09|060|2942|Urbano|11
54425|Vicente Guerrero 1a. Sección|Colonia|Nicolás Romero|México|Ciudad Nicolás Romero|54401|15|54401|09|060|2943|Urbano|11
54426|Vicente Guerrero Barrón|Colonia|Nicolás Romero|México|Ciudad Nicolás Romero|54401|15|54401|09|060|2944|Urbano|11
54430|San José los Barbechos (Los Barbechos)|Colonia|Nicolás Romero|México|Ciudad Nicolás Romero|54401|15|54401|09|060|0007|Rural|11
54430|Quinto Barrio (Ejido Cahuacán)|Colonia|Nicolás Romero|México|Ciudad Nicolás Romero|54401|15|54401|09|060|2946|Urbano|11
54430|Miranda|Colonia|Nicolás Romero|México|Ciudad Nicolás Romero|54401|15|54401|09|060|6876|Urbano|11
54430|Puentecillas Cahuacán|Colonia|Nicolás Romero|México|Ciudad Nicolás Romero|54401|15|54401|09|060|6877|Urbano|11
54430|Santa María Magdalena Cahuacán|Pueblo|Nicolás Romero|México|Ciudad Nicolás Romero|54401|15|54401|28|060|6878|Urbano|11
54430|Loma de Chapultepec|Barrio|Nicolás Romero|México|Ciudad Nicolás Romero|54401|15|54401|02|060|9010|Urbano|11
54434|Hidalgo|Colonia|Nicolás Romero|México|Ciudad Nicolás Romero|54401|15|54401|09|060|2947|Urbano|11
54434|Ignacio Capetillo|Colonia|Nicolás Romero|México|Ciudad Nicolás Romero|54401|15|54401|09|060|2948|Urbano|11
54434|Santa Anita|Colonia|Nicolás Romero|México|Ciudad Nicolás Romero|54401|15|54401|09|060|8138|Urbano|11
54435|Llano Grande Atzacaputzaltongo|Colonia|Nicolás Romero|México|Ciudad Nicolás Romero|54401|15|54401|09|060|0008|Rural|11
54435|El Trafico|Colonia|Nicolás Romero|México|Ciudad Nicolás Romero|54401|15|54401|09|060|2949|Urbano|11
54435|Himno Nacional|Colonia|Nicolás Romero|México|Ciudad Nicolás Romero|54401|15|54401|09|060|2950|Urbano|11
54435|Veintidós de Febrero|Colonia|Nicolás Romero|México|Ciudad Nicolás Romero|54401|15|54401|09|060|6879|Urbano|11
54435|Ciudad Campestre|Fraccionamiento|Nicolás Romero|México|Ciudad Nicolás Romero|54401|15|54401|21|060|9072|Urbano|11
54439|Transfiguración|Pueblo|Nicolás Romero|México|Ciudad Nicolás Romero|54401|15|54401|28|060|2951|Urbano|11
54439|La Estancia|Barrio|Nicolás Romero|México|Ciudad Nicolás Romero|54401|15|54401|02|060|9006|Urbano|11
54440|San José|Colonia|Nicolás Romero|México|Ciudad Nicolás Romero|54401|15|54401|09|060|0004|Rural|11
54440|San Francisco Magú|Pueblo|Nicolás Romero|México|Ciudad Nicolás Romero|54401|15|54401|28|060|2952|Urbano|11
54447|San Juan de las Tablas|Pueblo|Nicolás Romero|México|null|54401|15|54401|28|060|2940|Rural|null
54448|Puerto Magú|Pueblo|Nicolás Romero|México|null|54401|15|54401|28|060|2953|Rural|null
54448|De la Luz|Barrio|Nicolás Romero|México|null|54401|15|54401|02|060|6869|Rural|null
54448|El Mirador|Colonia|Nicolás Romero|México|null|54401|15|54401|09|060|6870|Rural|null
54448|El Esclavo|Colonia|Nicolás Romero|México|null|54401|15|54401|09|060|6872|Rural|null
54448|Pueblo Nuevo|Barrio|Nicolás Romero|México|null|54401|15|54401|02|060|9009|Rural|null
54449|Bosques de San Nicolás|Fraccionamiento|Nicolás Romero|México|Ciudad Nicolás Romero|54401|15|54401|21|060|0005|Rural|11
54449|San José el Vidrio|Pueblo|Nicolás Romero|México|Ciudad Nicolás Romero|54401|15|54401|28|060|2954|Urbano|11
54449|San Miguel|Colonia|Nicolás Romero|México|Ciudad Nicolás Romero|54401|15|54401|09|060|9003|Rural|11
54449|Loma de Guadalupe (La Biznaga)|Barrio|Nicolás Romero|México|Ciudad Nicolás Romero|54401|15|54401|02|060|9007|Rural|11
54455|Morelos|Colonia|Nicolás Romero|México|Ciudad Nicolás Romero|54401|15|54401|09|060|2956|Rural|11
54455|Loma de San José|Fraccionamiento|Nicolás Romero|México|Ciudad Nicolás Romero|54401|15|54401|21|060|6874|Rural|11
54457|Ignacio Zaragoza|Colonia|Nicolás Romero|México|Ciudad Nicolás Romero|54401|15|54401|09|060|2957|Urbano|11
54459|El Gavillero|Colonia|Nicolás Romero|México|Ciudad Nicolás Romero|54401|15|54401|09|060|2958|Urbano|11
54459|Loma Larga|Colonia|Nicolás Romero|México|Ciudad Nicolás Romero|54401|15|54401|09|060|6875|Rural|11
54460|Progreso Industrial|Pueblo|Nicolás Romero|México|Ciudad Nicolás Romero|54401|15|54401|28|060|2959|Urbano|11
54460|Caja de Agua|Colonia|Nicolás Romero|México|Ciudad Nicolás Romero|54401|15|54401|09|060|5626|Rural|11
54460|"Y" Griega|Colonia|Nicolás Romero|México|Ciudad Nicolás Romero|54401|15|54401|09|060|5630|Urbano|11
54460|La Concepción|Colonia|Nicolás Romero|México|Ciudad Nicolás Romero|54401|15|54401|09|060|5631|Urbano|11
54460|Los Tubos|Colonia|Nicolás Romero|México|Ciudad Nicolás Romero|54401|15|54401|09|060|6599|Rural|11
54460|Joya del Tejocote|Colonia|Nicolás Romero|México|Ciudad Nicolás Romero|54401|15|54401|09|060|6873|Urbano|11
54460|San Pablo de la Cruz|Colonia|Nicolás Romero|México|Ciudad Nicolás Romero|54401|15|54401|09|060|6880|Urbano|11
54460|Villas del Bosque|Fraccionamiento|Nicolás Romero|México|Ciudad Nicolás Romero|54401|15|54401|21|060|9011|Urbano|11
54463|Loma del Río|Fraccionamiento|Nicolás Romero|México|Ciudad Nicolás Romero|54401|15|54401|21|060|2960|Rural|11
54463|Llano Grande (Nuevo Ejido)|Colonia|Nicolás Romero|México|Ciudad Nicolás Romero|54401|15|54401|09|060|6871|Rural|11
54463|El Tanque|Barrio|Nicolás Romero|México|Ciudad Nicolás Romero|54401|15|54401|02|060|9005|Urbano|11
54464|La Concepción (El Escobal)|Ranchería|Nicolás Romero|México|Ciudad Nicolás Romero|54401|15|54401|29|060|9008|Rural|11
54466|San Juan Tlihuaca|Colonia|Nicolás Romero|México|Ciudad Nicolás Romero|54401|15|54401|09|060|2961|Urbano|11
54466|Paseo de San Carlos|Fraccionamiento|Nicolás Romero|México|Ciudad Nicolás Romero|54401|15|54401|21|060|5627|Urbano|11
54466|San Carlos|Fraccionamiento|Nicolás Romero|México|Ciudad Nicolás Romero|54401|15|54401|21|060|5628|Urbano|11
54466|Cantaros I|Fraccionamiento|Nicolás Romero|México|Ciudad Nicolás Romero|54401|15|54401|21|060|6174|Urbano|11
54466|Cantaros II|Fraccionamiento|Nicolás Romero|México|Ciudad Nicolás Romero|54401|15|54401|21|060|6175|Urbano|11
54466|Fuentes de San José|Conjunto habitacional|Nicolás Romero|México|Ciudad Nicolás Romero|54401|15|54401|12|060|7030|Urbano|11
54466|Unidad Magisterial|Unidad habitacional|Nicolás Romero|México|Ciudad Nicolás Romero|54401|15|54401|31|060|8136|Urbano|11
54467|Elsa Córdova Morán|Colonia|Nicolás Romero|México|Ciudad Nicolás Romero|54401|15|54401|09|060|0003|Urbano|11
54467|Arcoiris|Fraccionamiento|Nicolás Romero|México|Ciudad Nicolás Romero|54401|15|54401|21|060|2962|Urbano|11
54467|Francisco I. Madero 1a. Sección|Colonia|Nicolás Romero|México|Ciudad Nicolás Romero|54401|15|54401|09|060|2963|Urbano|11
54467|Francisco I. Madero Sección 20|Colonia|Nicolás Romero|México|Ciudad Nicolás Romero|54401|15|54401|09|060|8134|Urbano|11
54467|Mirador del Conde|Unidad habitacional|Nicolás Romero|México|Ciudad Nicolás Romero|54401|15|54401|31|060|8137|Urbano|11
54469|Benito Juárez Barrón|Colonia|Nicolás Romero|México|Ciudad Nicolás Romero|54401|15|54401|09|060|2965|Urbano|11
54470|San Ildefonso|Pueblo|Nicolás Romero|México|Ciudad Nicolás Romero|54401|15|54401|28|060|2966|Urbano|11
54473|Campestre Liberación|Colonia|Nicolás Romero|México|Ciudad Nicolás Romero|54401|15|54401|09|060|2121|Urbano|11
54473|Francisco Sarabia 1a. Sección|Colonia|Nicolás Romero|México|Ciudad Nicolás Romero|54401|15|54401|09|060|2968|Urbano|11
54473|Bulevares del Lago|Fraccionamiento|Nicolás Romero|México|Ciudad Nicolás Romero|54401|15|54401|21|060|5097|Urbano|11
54473|Francisco Sarabia 2a. Sección|Colonia|Nicolás Romero|México|Ciudad Nicolás Romero|54401|15|54401|09|060|8139|Urbano|11
54474|Granjas de Guadalupe 1a. Sección|Colonia|Nicolás Romero|México|Ciudad Nicolás Romero|54401|15|54401|09|060|2969|Urbano|11
54474|Clara Córdova Morán|Colonia|Nicolás Romero|México|Ciudad Nicolás Romero|54401|15|54401|09|060|5147|Urbano|11
54474|Vista Verde|Fraccionamiento|Nicolás Romero|México|Ciudad Nicolás Romero|54401|15|54401|21|060|5629|Urbano|11
54474|Ampliación Granjas de Guadalupe|Colonia|Nicolás Romero|México|Ciudad Nicolás Romero|54401|15|54401|09|060|8135|Urbano|11
54475|La Colmena|Pueblo|Nicolás Romero|México|Ciudad Nicolás Romero|54401|15|54401|28|060|2970|Urbano|11
54475|Loma de la Cruz 1a. Sección|Colonia|Nicolás Romero|México|Ciudad Nicolás Romero|54401|15|54401|09|060|2971|Urbano|11
54476|Hacienda Santo Tomas|Fraccionamiento|Nicolás Romero|México|Ciudad Nicolás Romero|54401|15|54401|21|060|0002|Urbano|11
54476|Lomas del Lago|Colonia|Nicolás Romero|México|Ciudad Nicolás Romero|54401|15|54401|09|060|2972|Urbano|11
54476|Sitio 217|Unidad habitacional|Nicolás Romero|México|Ciudad Nicolás Romero|54401|15|54401|31|060|2973|Urbano|11
54476|Bosques de la Colmena|Colonia|Nicolás Romero|México|Ciudad Nicolás Romero|54401|15|54401|09|060|5148|Urbano|11
54476|Pueblo Viejo|Colonia|Nicolás Romero|México|Ciudad Nicolás Romero|54401|15|54401|09|060|5149|Urbano|11
54476|Ricardo Flores Magón|Colonia|Nicolás Romero|México|Ciudad Nicolás Romero|54401|15|54401|09|060|5150|Urbano|11
54476|Colonial del Lago|Fraccionamiento|Nicolás Romero|México|Ciudad Nicolás Romero|54401|15|54401|21|060|5774|Urbano|11
54477|San Isidro La Paz 1a. Sección|Colonia|Nicolás Romero|México|Ciudad Nicolás Romero|54401|15|54401|09|060|2974|Urbano|11
54477|San Isidro La Paz 2a. Sección|Colonia|Nicolás Romero|México|Ciudad Nicolás Romero|54401|15|54401|09|060|8132|Urbano|11
54477|San Isidro La Paz 3a. Sección|Colonia|Nicolás Romero|México|Ciudad Nicolás Romero|54401|15|54401|09|060|8133|Urbano|11
54480|Tlazala de Fabela|Pueblo|Isidro Fabela|México|null|54481|15|54481|28|038|2975|Urbano|null
54480|Tlazala|Colonia|Isidro Fabela|México|null|54481|15|54481|09|038|5127|Urbano|null
54483|Laureles|Colonia|Isidro Fabela|México|null|54481|15|54481|09|038|2977|Rural|null
54484|Miraflores|Colonia|Isidro Fabela|México|null|54481|15|54481|09|038|2978|Rural|null
54485|La Palma|Colonia|Isidro Fabela|México|null|54481|15|54481|09|038|2979|Rural|null
54486|Aurora|Colonia|Isidro Fabela|México|null|54481|15|54481|09|038|6866|Rural|null
54487|Endeguido|Ranchería|Isidro Fabela|México|null|54481|15|54481|29|038|0003|Rural|null
54488|Presa Iturbide|Ranchería|Isidro Fabela|México|null|54481|15|54481|29|038|0004|Rural|null
54489|Las Palomas (Los Tachos)|Ranchería|Isidro Fabela|México|null|54481|15|54481|29|038|0005|Rural|null
54490|Miraflores|Ejido|Isidro Fabela|México|null|54481|15|54481|15|038|0002|Rural|null
54493|Palma (Ejido San Francisco)|Ejido|Isidro Fabela|México|null|54481|15|54481|15|038|0001|Rural|null
54494|Los Jarros|Ejido|Isidro Fabela|México|null|54481|15|54481|15|038|6868|Rural|null
54495|Cañada de Onofres|Ejido|Isidro Fabela|México|null|54481|15|54481|15|038|6867|Rural|null
54530|Guadalupe|Barrio|Nicolás Romero|México|null|54401|15|54401|02|060|9004|Rural|null
54570|Espíritu Santo|Pueblo|Jilotzingo|México|null|54572|15|54572|28|046|2980|Rural|null
54570|San Luis Ayucan|Pueblo|Jilotzingo|México|null|54572|15|54572|28|046|2981|Urbano|null
54570|Santa Ana Jilotzingo|Pueblo|Jilotzingo|México|null|54572|15|54572|28|046|2982|Urbano|null
54570|Santa María Mazatla|Pueblo|Jilotzingo|México|null|54572|15|54572|28|046|2983|Urbano|null
54570|Endonica|Barrio|Jilotzingo|México|null|54572|15|54572|02|046|6692|Rural|null
54570|Ensido|Barrio|Jilotzingo|México|null|54572|15|54572|02|046|6693|Rural|null
54570|Monfi|Barrio|Jilotzingo|México|null|54572|15|54572|02|046|6694|Rural|null
54570|La Cuesta|Barrio|Jilotzingo|México|null|54572|15|54572|02|046|6698|Rural|null
54571|San Miguel Tecpan|Pueblo|Jilotzingo|México|null|54572|15|54572|28|046|2984|Rural|null
54573|Doditay|Ranchería|Jilotzingo|México|null|54572|15|54572|29|046|6696|Rural|null
54573|Quishiguada|Ranchería|Jilotzingo|México|null|54572|15|54572|29|046|6699|Rural|null
54574|San José de las Manzanas|Ranchería|Jilotzingo|México|null|54572|15|54572|29|046|6697|Rural|null
54575|Dangú|Pueblo|Jilotzingo|México|null|54572|15|54572|28|046|6695|Rural|null
54600|San Mateo Xoloc|Pueblo|Tepotzotlán|México|Tepotzotlán|54601|15|54601|28|095|2986|Urbano|13
54600|Tepotzotlán Centro|Colonia|Tepotzotlán|México|Tepotzotlán|54601|15|54601|09|095|2987|Urbano|13
54600|San Martín|Barrio|Tepotzotlán|México|Tepotzotlán|54601|15|54601|02|095|2997|Urbano|13
54602|San José|Barrio|Tepotzotlán|México|Tepotzotlán|54601|15|54601|02|095|2989|Urbano|13
54602|El Refugio|Barrio|Tepotzotlán|México|Tepotzotlán|54601|15|54601|02|095|2990|Urbano|13
54602|Guadalupe|Barrio|Tepotzotlán|México|Tepotzotlán|54601|15|54601|02|095|2991|Urbano|13
54602|La Palmita|Colonia|Tepotzotlán|México|Tepotzotlán|54601|15|54601|09|095|7960|Urbano|13
54602|El Tejocote|Ranchería|Tepotzotlán|México|Tepotzotlán|54601|15|54601|29|095|7976|Urbano|13
54603|Capula|Barrio|Tepotzotlán|México|Tepotzotlán|54601|15|54601|02|095|3003|Urbano|13
54604|Ejido Santiago|Colonia|Tepotzotlán|México|Tepotzotlán|54601|15|54601|09|095|0006|Rural|13
54604|Santa Cruz|Pueblo|Tepotzotlán|México|Tepotzotlán|54601|15|54601|28|095|2995|Urbano|13
54605|Texcacoa|Barrio|Tepotzotlán|México|Tepotzotlán|54601|15|54601|02|095|2998|Urbano|13
54605|Tlacateco|Barrio|Tepotzotlán|México|Tepotzotlán|54601|15|54601|02|095|2999|Urbano|13
54605|Villas del Convento|Fraccionamiento|Tepotzotlán|México|Tepotzotlán|54601|15|54601|21|095|3000|Urbano|13
54605|Parque industrial Cedros|Zona industrial|Tepotzotlán|México|Tepotzotlán|54601|15|54601|37|095|7962|Urbano|13
54607|Ricardo Flores Magón|Colonia|Tepotzotlán|México|Tepotzotlán|54601|15|54601|09|095|3002|Urbano|13
54607|San José la Teja|Exhacienda|Tepotzotlán|México|Tepotzotlán|54601|15|54601|18|095|3012|Urbano|13
54607|Loma Bonita|Colonia|Tepotzotlán|México|Tepotzotlán|54601|15|54601|09|095|4849|Urbano|13
54607|Ampliación Los Potros (Tres Piedras)|Colonia|Tepotzotlán|México|Tepotzotlán|54601|15|54601|09|095|4850|Rural|13
54607|El Arroyo|Rancho|Tepotzotlán|México|Tepotzotlán|54601|15|54601|48|095|7977|Rural|13
54607|La Lumbrera|Colonia|Tepotzotlán|México|Tepotzotlán|54601|15|54601|09|095|8220|Urbano|13
54608|Los Álamos|Fraccionamiento|Tepotzotlán|México|Tepotzotlán|54601|15|54601|21|095|3004|Urbano|13
54608|Paseo los Virreyes|Fraccionamiento|Tepotzotlán|México|Tepotzotlán|54601|15|54601|21|095|3005|Urbano|13
54610|Industrial el Trébol|Fraccionamiento|Tepotzotlán|México|Tepotzotlán|54601|15|54601|21|095|3006|Urbano|13
54610|Puente Grande|Colonia|Tepotzotlán|México|Tepotzotlán|54601|15|54601|09|095|5593|Urbano|13
54610|Parque industrial El Convento|Zona industrial|Tepotzotlán|México|Tepotzotlán|54601|15|54601|37|095|7959|Urbano|13
54610|Reserva Ecológica Xochitla|Equipamiento|Tepotzotlán|México|Tepotzotlán|54601|15|54601|17|095|8223|Urbano|13
54614|El Trébol|Unidad habitacional|Tepotzotlán|México|Tepotzotlán|54601|15|54601|31|095|3008|Urbano|13
54615|La Tecla|Barrio|Tepotzotlán|México|Tepotzotlán|54601|15|54601|02|095|0002|Urbano|13
54615|Lumbrera II|Colonia|Tepotzotlán|México|Tepotzotlán|54601|15|54601|09|095|0003|Urbano|13
54615|Axotlán II|Colonia|Tepotzotlán|México|Tepotzotlán|54601|15|54601|09|095|0004|Rural|13
54615|San Sebastián|Colonia|Tepotzotlán|México|Tepotzotlán|54601|15|54601|09|095|0005|Rural|13
54616|Arboleda|Conjunto habitacional|Tepotzotlán|México|Tepotzotlán|54601|15|54601|12|095|3009|Urbano|13
54616|Las Animas|Barrio|Tepotzotlán|México|Tepotzotlán|54601|15|54601|02|095|3010|Urbano|13
54640|Los Dolores (Ex-hacienda los Dolores)|Colonia|Tepotzotlán|México|Tepotzotlán|54601|15|54601|09|095|3013|Urbano|13
54640|El Gavillero|Colonia|Tepotzotlán|México|Tepotzotlán|54601|15|54601|09|095|6368|Urbano|13
54645|Arcos del Sitio|Colonia|Tepotzotlán|México|Tepotzotlán|54601|15|54601|09|095|3014|Urbano|13
54650|Santiago el Alto|Ejido|Tepotzotlán|México|Tepotzotlán|54601|15|54601|15|095|0001|Rural|13
54650|Tierras Blancas del Sur|Colonia|Tepotzotlán|México|Tepotzotlán|54601|15|54601|09|095|0007|Rural|13
54650|Cañada de Cisneros|Pueblo|Tepotzotlán|México|Tepotzotlán|54601|15|54601|28|095|3016|Urbano|13
54650|Santiago Cuautlalpan Centro|Colonia|Tepotzotlán|México|Tepotzotlán|54601|15|54601|09|095|3019|Urbano|13
54650|Club Virreyes|Fraccionamiento|Tepotzotlán|México|Tepotzotlán|54601|15|54601|21|095|3021|Urbano|13
54650|El Mirador|Fraccionamiento|Tepotzotlán|México|Tepotzotlán|54601|15|54601|21|095|3022|Urbano|13
54650|Granjas Hogar y Petrohuertos Delegación|Fraccionamiento|Tepotzotlán|México|Tepotzotlán|54601|15|54601|21|095|3023|Rural|13
54650|De la Luz|Barrio|Tepotzotlán|México|Tepotzotlán|54601|15|54601|02|095|3026|Rural|13
54650|San Vicente|Barrio|Tepotzotlán|México|Tepotzotlán|54601|15|54601|02|095|3027|Urbano|13
54650|Santiago|Barrio|Tepotzotlán|México|Tepotzotlán|54601|15|54601|02|095|3029|Urbano|13
54650|Hacienda la Concepción|Fraccionamiento|Tepotzotlán|México|Tepotzotlán|54601|15|54601|21|095|3030|Urbano|13
54650|Titini|Barrio|Tepotzotlán|México|Tepotzotlán|54601|15|54601|02|095|3032|Urbano|13
54650|La Luz|Barrio|Tepotzotlán|México|Tepotzotlán|54601|15|54601|02|095|6363|Urbano|13
54650|San José|Barrio|Tepotzotlán|México|Tepotzotlán|54601|15|54601|02|095|6365|Urbano|13
54650|Santa Rita|Barrio|Tepotzotlán|México|Tepotzotlán|54601|15|54601|02|095|6366|Urbano|13
54650|San Bartolo|Barrio|Tepotzotlán|México|Tepotzotlán|54601|15|54601|02|095|6367|Urbano|13
54650|Lanzarote|Exhacienda|Tepotzotlán|México|Tepotzotlán|54601|15|54601|18|095|7974|Urbano|13
54650|Hacienda la Concepción (Ex-Rancho la Joya)|Fraccionamiento|Tepotzotlán|México|Tepotzotlán|54601|15|54601|21|095|7975|Rural|13
54650|Las Lechuguillas|Barrio|Tepotzotlán|México|Tepotzotlán|54601|15|54601|02|095|8901|Rural|13
54655|La Concepción|Barrio|Tepotzotlán|México|Tepotzotlán|54601|15|54601|02|095|3031|Rural|13
54655|El Jagüey|Colonia|Tepotzotlán|México|Tepotzotlán|54601|15|54601|09|095|8898|Urbano|13
54655|La Pedrera (La Mina)|Colonia|Tepotzotlán|México|Tepotzotlán|54601|15|54601|09|095|8899|Urbano|13
54655|El Puerto de los Huizaches|Colonia|Tepotzotlán|México|Tepotzotlán|54601|15|54601|09|095|8900|Urbano|13
54656|San Miguel Cañadas|Pueblo|Tepotzotlán|México|Tepotzotlán|54601|15|54601|28|095|3028|Urbano|13
54658|Las Cabañas|Fraccionamiento|Tepotzotlán|México|Tepotzotlán|54601|15|54601|21|095|3034|Urbano|13
54660|Coyotepec|Pueblo|Coyotepec|México|null|54661|15|54661|28|023|3035|Urbano|null
54665|La Renda|Ranchería|Coyotepec|México|null|54661|15|54661|29|023|0001|Rural|null
54665|La Planada|Barrio|Coyotepec|México|null|54661|15|54661|02|023|5783|Rural|null
54665|Santa Bárbara|Barrio|Coyotepec|México|null|54661|15|54661|02|023|5784|Urbano|null
54665|Reyes|Barrio|Coyotepec|México|null|54661|15|54661|02|023|5786|Urbano|null
54665|Caltenco|Barrio|Coyotepec|México|null|54661|15|54661|02|023|5787|Urbano|null
54665|El Gavillero (Barrio Caltenco)|Ejido|Coyotepec|México|null|54661|15|54661|15|023|9012|Rural|null
54666|Cimapan|Barrio|Coyotepec|México|null|54661|15|54661|02|023|5777|Urbano|null
54666|Ixtapacalco|Barrio|Coyotepec|México|null|54661|15|54661|02|023|5778|Urbano|null
54666|San Francisco|Barrio|Coyotepec|México|null|54661|15|54661|02|023|5782|Urbano|null
54667|Acoacalco|Barrio|Coyotepec|México|null|54661|15|54661|02|023|5779|Urbano|null
54667|Chautonco|Barrio|Coyotepec|México|null|54661|15|54661|02|023|5780|Urbano|null
54667|Santiago|Barrio|Coyotepec|México|null|54661|15|54661|02|023|5781|Urbano|null
54667|La Bolsa|Colonia|Coyotepec|México|null|54661|15|54661|09|023|7590|Rural|null
54668|Lomas de Guadalupe|Colonia|Coyotepec|México|null|54661|15|54661|09|023|0002|Rural|null
54668|Pueblo Nuevo|Barrio|Coyotepec|México|null|54661|15|54661|02|023|5785|Urbano|null
54668|San Juan|Barrio|Coyotepec|México|null|54661|15|54661|02|023|5788|Urbano|null
54680|Huehuetoca|Pueblo|Huehuetoca|México|null|54681|15|54681|28|035|3037|Rural|null
54683|San Bartolo|Pueblo|Huehuetoca|México|null|54681|15|54681|28|035|3040|Rural|null
54683|San Pedro Xalpa|Pueblo|Huehuetoca|México|null|54681|15|54681|28|035|3047|Rural|null
54683|Ex-Hacienda de Xalpa|Fraccionamiento|Huehuetoca|México|null|54681|15|54681|21|035|9584|Urbano|null
54684|Puente Grande|Pueblo|Huehuetoca|México|null|54681|15|54681|28|035|3038|Rural|null
54684|Jardines de Huehuetoca|Fraccionamiento|Huehuetoca|México|null|54681|15|54681|21|035|5131|Rural|null
54684|Real de Huehuetoca|Fraccionamiento|Huehuetoca|México|null|54681|15|54681|21|035|7678|Rural|null
54685|Paseos del Prado|Fraccionamiento|Huehuetoca|México|null|54681|15|54681|21|035|0002|Urbano|null
54685|Salitrillo|Pueblo|Huehuetoca|México|null|54681|15|54681|28|035|3039|Rural|null
54685|La Cañada|Barrio|Huehuetoca|México|null|54681|15|54681|02|035|3049|Rural|null
54685|Casa Nueva|Fraccionamiento|Huehuetoca|México|null|54681|15|54681|21|035|5130|Rural|null
54685|Portal del Sol|Fraccionamiento|Huehuetoca|México|null|54681|15|54681|21|035|7679|Rural|null
54685|Arboledas de Huehuetoca|Fraccionamiento|Huehuetoca|México|null|54681|15|54681|21|035|7680|Rural|null
54685|Huehuetoca del Maurel|Fraccionamiento|Huehuetoca|México|null|54681|15|54681|21|035|9582|Rural|null
54685|Galaxia Huehuetoca|Fraccionamiento|Huehuetoca|México|null|54681|15|54681|21|035|9586|Rural|null
54687|Parque Industrial O Donnell Intermodal Huehuetoca|Zona industrial|Huehuetoca|México|null|54681|15|54681|37|035|0001|Rural|null
54687|Santa María|Pueblo|Huehuetoca|México|null|54681|15|54681|28|035|3042|Rural|null
54687|Barranca Prieta|Barrio|Huehuetoca|México|null|54681|15|54681|02|035|5129|Rural|null
54687|Hacienda las Misiones|Conjunto habitacional|Huehuetoca|México|null|54681|15|54681|12|035|7840|Urbano|null
54690|El Sitio (Ejido de Jalpa)|Ejido|Huehuetoca|México|null|54681|15|54681|15|035|9583|Rural|null
54693|San Miguel de los Jagüeyes|Pueblo|Huehuetoca|México|null|54681|15|54681|28|035|3041|Rural|null
54693|URBI Villa del Rey|Conjunto habitacional|Huehuetoca|México|null|54681|15|54681|12|035|7687|Rural|null
54693|Privadas del Valle|Fraccionamiento|Huehuetoca|México|null|54681|15|54681|21|035|9585|Urbano|null
54694|Santa Teresa|Conjunto habitacional|Huehuetoca|México|null|54681|15|54681|12|035|7681|Rural|null
54694|La Guadalupana Bicentenario Huehuetoca|Colonia|Huehuetoca|México|null|54681|15|54681|09|035|8490|Urbano|null
54696|El Dorado Huehuetoca|Fraccionamiento|Huehuetoca|México|null|54681|15|54681|21|035|7688|Urbano|null
54696|CITARA|Fraccionamiento|Huehuetoca|México|null|54681|15|54681|21|035|9646|Urbano|null
54697|Loma Bonita|Barrio|Huehuetoca|México|null|54681|15|54681|02|035|7689|Rural|null
54697|Jorobas|Barrio|Huehuetoca|México|null|54681|15|54681|02|035|7690|Rural|null
54697|Campo Militar San Miguel Jagueyes|Zona federal|Huehuetoca|México|null|54681|15|54681|34|035|7692|Rural|null
54697|Lumbrera 13|Barrio|Huehuetoca|México|null|54681|15|54681|02|035|9587|Rural|null
54697|Lumbrera 14 A|Barrio|Huehuetoca|México|null|54681|15|54681|02|035|9588|Rural|null
54700|Cuautitlán Izcalli Centro Urbano|Colonia|Cuautitlán Izcalli|México|Cuautitlán Izcalli|54701|15|54701|09|121|3050|Urbano|04
54700|Elite Plaza|Unidad habitacional|Cuautitlán Izcalli|México|Cuautitlán Izcalli|54701|15|54701|31|121|6522|Urbano|04
54710|El Cerrito|Colonia|Cuautitlán Izcalli|México|Cuautitlán Izcalli|54701|15|54701|09|121|0007|Rural|04
54710|Las Tinajas|Colonia|Cuautitlán Izcalli|México|Cuautitlán Izcalli|54701|15|54701|09|121|0008|Rural|04
54710|Bellavista|Colonia|Cuautitlán Izcalli|México|Cuautitlán Izcalli|54701|15|54701|09|121|3054|Urbano|04
54710|San José Buenavista|Colonia|Cuautitlán Izcalli|México|Cuautitlán Izcalli|54701|15|54701|09|121|3055|Urbano|04
54710|El Rosario|Pueblo|Cuautitlán Izcalli|México|Cuautitlán Izcalli|54701|15|54701|28|121|3056|Urbano|04
54710|San José Huilango|Pueblo|Cuautitlán Izcalli|México|Cuautitlán Izcalli|54701|15|54701|28|121|3058|Urbano|04
54710|San Pablo de los Gallos|Colonia|Cuautitlán Izcalli|México|Cuautitlán Izcalli|54701|15|54701|09|121|3059|Urbano|04
54710|Santa María Tianguistengo|Pueblo|Cuautitlán Izcalli|México|Cuautitlán Izcalli|54701|15|54701|28|121|3060|Urbano|04
54710|Lomas de los Angeles|Colonia|Cuautitlán Izcalli|México|Cuautitlán Izcalli|54701|15|54701|09|121|6496|Urbano|04
54710|Ejido Santa María Tianguistengo|Colonia|Cuautitlán Izcalli|México|Cuautitlán Izcalli|54701|15|54701|09|121|6505|Urbano|04
54710|La Era|Unidad habitacional|Cuautitlán Izcalli|México|Cuautitlán Izcalli|54701|15|54701|31|121|6520|Urbano|04
54710|Ejido Santiago Cuautlalpan|Colonia|Cuautitlán Izcalli|México|Cuautitlán Izcalli|54701|15|54701|09|121|6521|Rural|04
54712|Bosques de Xhala|Colonia|Cuautitlán Izcalli|México|Cuautitlán Izcalli|54801|15|54801|09|121|3061|Urbano|04
54712|San Mateo Ixtacalco Fracción la Capilla|Colonia|Cuautitlán Izcalli|México|Cuautitlán Izcalli|54801|15|54801|09|121|3062|Urbano|04
54712|Las Animas|Colonia|Cuautitlán Izcalli|México|Cuautitlán Izcalli|54801|15|54801|09|121|6501|Urbano|04
54713|San Lorenzo Río Tenco|Pueblo|Cuautitlán Izcalli|México|Cuautitlán Izcalli|54801|15|54801|28|121|3064|Urbano|04
54713|San Mateo Ixtacalco|Pueblo|Cuautitlán Izcalli|México|Cuautitlán Izcalli|54801|15|54801|28|121|3066|Urbano|04
54713|Santa Bárbara|Pueblo|Cuautitlán Izcalli|México|Cuautitlán Izcalli|54801|15|54801|28|121|3067|Urbano|04
54713|El Sabino|Colonia|Cuautitlán Izcalli|México|Cuautitlán Izcalli|54801|15|54801|09|121|6527|Urbano|04
54714|El Socorro|Colonia|Cuautitlán Izcalli|México|Cuautitlán Izcalli|54801|15|54801|09|121|3068|Urbano|04
54714|San Sebastián Xhala|Pueblo|Cuautitlán Izcalli|México|Cuautitlán Izcalli|54801|15|54801|28|121|3069|Urbano|04
54714|Parque industrial Xhala|Zona industrial|Cuautitlán Izcalli|México|Cuautitlán Izcalli|54801|15|54801|37|121|3070|Urbano|04
54715|Adolfo López Mateos|Unidad habitacional|Cuautitlán Izcalli|México|Cuautitlán Izcalli|54701|15|54701|31|121|3071|Urbano|04
54715|Bosques de la Hacienda 1a Sección|Fraccionamiento|Cuautitlán Izcalli|México|Cuautitlán Izcalli|54701|15|54701|21|121|3072|Urbano|04
54715|Valle de la Hacienda|Fraccionamiento|Cuautitlán Izcalli|México|Cuautitlán Izcalli|54701|15|54701|21|121|3074|Urbano|04
54715|Ex-Hacienda San Miguel|Fraccionamiento|Cuautitlán Izcalli|México|Cuautitlán Izcalli|54701|15|54701|21|121|4654|Urbano|04
54715|Jardines de San Miguel|Fraccionamiento|Cuautitlán Izcalli|México|Cuautitlán Izcalli|54701|15|54701|21|121|4706|Urbano|04
54715|Cofradía de San Miguel|Fraccionamiento|Cuautitlán Izcalli|México|Cuautitlán Izcalli|54701|15|54701|21|121|4707|Urbano|04
54715|Cofradía II|Fraccionamiento|Cuautitlán Izcalli|México|Cuautitlán Izcalli|54701|15|54701|21|121|4708|Urbano|04
54715|Arboledas de San Miguel|Fraccionamiento|Cuautitlán Izcalli|México|Cuautitlán Izcalli|54701|15|54701|21|121|4853|Urbano|04
54715|Bosques de la Hacienda 3a Sección|Unidad habitacional|Cuautitlán Izcalli|México|Cuautitlán Izcalli|54701|15|54701|31|121|4854|Urbano|04
54715|Bosques de la Hacienda 2a Sección|Fraccionamiento|Cuautitlán Izcalli|México|Cuautitlán Izcalli|54701|15|54701|21|121|4855|Urbano|04
54715|Cofradía III|Fraccionamiento|Cuautitlán Izcalli|México|Cuautitlán Izcalli|54701|15|54701|21|121|5561|Urbano|04
54715|Cofradía IV|Fraccionamiento|Cuautitlán Izcalli|México|Cuautitlán Izcalli|54701|15|54701|21|121|5562|Urbano|04
54715|Rinconada Cuautitlán|Fraccionamiento|Cuautitlán Izcalli|México|Cuautitlán Izcalli|54701|15|54701|21|121|8972|Urbano|04
54715|Jardines de San Miguel lll|Unidad habitacional|Cuautitlán Izcalli|México|Cuautitlán Izcalli|54701|15|54701|31|121|9690|Urbano|04
54716|Residencial la Luz|Fraccionamiento|Cuautitlán Izcalli|México|Cuautitlán Izcalli|54801|15|54801|21|121|3075|Urbano|04
54716|Parque industrial La Luz|Zona industrial|Cuautitlán Izcalli|México|Cuautitlán Izcalli|54801|15|54801|37|121|3076|Urbano|04
54716|San Lorenzo Río Tenco|Ejido|Cuautitlán Izcalli|México|Cuautitlán Izcalli|54801|15|54801|15|121|6497|Urbano|04
54719|Claustros de San Miguel|Fraccionamiento|Cuautitlán Izcalli|México|Cuautitlán Izcalli|54701|15|54701|21|121|4709|Urbano|04
54719|Paseos de Izcalli|Fraccionamiento|Cuautitlán Izcalli|México|Cuautitlán Izcalli|54701|15|54701|21|121|5565|Urbano|04
54719|Paseos del Encanto|Colonia|Cuautitlán Izcalli|México|Cuautitlán Izcalli|54701|15|54701|09|121|5566|Urbano|04
54719|URBI Quinta Montecarlo|Fraccionamiento|Cuautitlán Izcalli|México|Cuautitlán Izcalli|54701|15|54701|21|121|5571|Urbano|04
54719|Axotlán|Pueblo|Cuautitlán Izcalli|México|Cuautitlán Izcalli|54701|15|54701|28|121|6518|Urbano|04
54720|INFONAVIT Norte|Unidad habitacional|Cuautitlán Izcalli|México|Cuautitlán Izcalli|54701|15|54701|31|121|3079|Urbano|04
54720|Sección Parques|Fraccionamiento|Cuautitlán Izcalli|México|Cuautitlán Izcalli|54701|15|54701|21|121|3080|Urbano|04
54720|Jardines de la Hacienda Sur|Fraccionamiento|Cuautitlán Izcalli|México|Cuautitlán Izcalli|54701|15|54701|21|121|3081|Urbano|04
54720|La Piedad|Colonia|Cuautitlán Izcalli|México|Cuautitlán Izcalli|54701|15|54701|09|121|3082|Urbano|04
54720|CTM NR1 Núcleos|Unidad habitacional|Cuautitlán Izcalli|México|Cuautitlán Izcalli|54701|15|54701|31|121|3084|Urbano|04
54720|INFONAVIT Norte Consorcio|Unidad habitacional|Cuautitlán Izcalli|México|Cuautitlán Izcalli|54701|15|54701|31|121|4856|Urbano|04
54720|Ferrocarrilera|Unidad habitacional|Cuautitlán Izcalli|México|Cuautitlán Izcalli|54701|15|54701|31|121|4858|Urbano|04
54720|México|Unidad habitacional|Cuautitlán Izcalli|México|Cuautitlán Izcalli|54701|15|54701|31|121|4859|Urbano|04
54720|La Piedad|Unidad habitacional|Cuautitlán Izcalli|México|Cuautitlán Izcalli|54701|15|54701|31|121|5564|Urbano|04
54720|Lomas de San Francisco Tepojaco|Fraccionamiento|Cuautitlán Izcalli|México|Cuautitlán Izcalli|54701|15|54701|21|121|5568|Urbano|04
54720|Viveros II|Unidad habitacional|Cuautitlán Izcalli|México|Cuautitlán Izcalli|54701|15|54701|31|121|6498|Urbano|04
54720|Del Río|Unidad habitacional|Cuautitlán Izcalli|México|Cuautitlán Izcalli|54701|15|54701|31|121|6500|Urbano|04
54720|San Marcos Cuamatla|Colonia|Cuautitlán Izcalli|México|Cuautitlán Izcalli|54701|15|54701|09|121|6510|Urbano|04
54725|La Aurora|Colonia|Cuautitlán Izcalli|México|Cuautitlán Izcalli|54701|15|54701|09|121|3085|Urbano|04
54725|Las Auroritas|Colonia|Cuautitlán Izcalli|México|Cuautitlán Izcalli|54701|15|54701|09|121|3087|Urbano|04
54725|San Antonio|Unidad habitacional|Cuautitlán Izcalli|México|Cuautitlán Izcalli|54701|15|54701|31|121|3089|Urbano|04
54725|Rinconada San Miguel|Fraccionamiento|Cuautitlán Izcalli|México|Cuautitlán Izcalli|54701|15|54701|21|121|6514|Urbano|04
54729|Jardines de la Hacienda Norte|Fraccionamiento|Cuautitlán Izcalli|México|Cuautitlán Izcalli|54701|15|54701|21|121|3091|Urbano|04
54729|San Juan Atlamica|Pueblo|Cuautitlán Izcalli|México|Cuautitlán Izcalli|54701|15|54701|28|121|3092|Urbano|04
54730|San Isidro|Colonia|Cuautitlán Izcalli|México|Cuautitlán Izcalli|54701|15|54701|09|121|0004|Urbano|04
54730|Arcos de la Hacienda|Fraccionamiento|Cuautitlán Izcalli|México|Cuautitlán Izcalli|54701|15|54701|21|121|3093|Urbano|04
54730|Complejo Industrial Cuamatla|Zona industrial|Cuautitlán Izcalli|México|Cuautitlán Izcalli|54701|15|54701|37|121|3094|Urbano|04
54730|Rincón Colonial|Fraccionamiento|Cuautitlán Izcalli|México|Cuautitlán Izcalli|54701|15|54701|21|121|3097|Urbano|04
54730|Ejidos de San Isidro|Colonia|Cuautitlán Izcalli|México|Cuautitlán Izcalli|54701|15|54701|09|121|3098|Urbano|04
54730|El Cerrito|Unidad habitacional|Cuautitlán Izcalli|México|Cuautitlán Izcalli|54701|15|54701|31|121|4860|Urbano|04
54730|Parque industrial Cuamatla|Zona industrial|Cuautitlán Izcalli|México|Cuautitlán Izcalli|54701|15|54701|37|121|6511|Urbano|04
54730|Parque industrial La Joya|Zona industrial|Cuautitlán Izcalli|México|Cuautitlán Izcalli|54701|15|54701|37|121|6512|Urbano|04
54740|Atlanta|Fraccionamiento|Cuautitlán Izcalli|México|Cuautitlán Izcalli|54701|15|54701|21|121|3099|Urbano|04
54740|Cumbria|Fraccionamiento|Cuautitlán Izcalli|México|Cuautitlán Izcalli|54701|15|54701|21|121|3100|Urbano|04
54740|Ensueños|Fraccionamiento|Cuautitlán Izcalli|México|Cuautitlán Izcalli|54701|15|54701|21|121|3101|Urbano|04
54740|La Perla|Colonia|Cuautitlán Izcalli|México|Cuautitlán Izcalli|54701|15|54701|09|121|3102|Urbano|04
54740|Residencial los Lirios|Unidad habitacional|Cuautitlán Izcalli|México|Cuautitlán Izcalli|54701|15|54701|31|121|3110|Urbano|04
54740|Santa Rosa de Lima|Colonia|Cuautitlán Izcalli|México|Cuautitlán Izcalli|54701|15|54701|09|121|3111|Urbano|04
54740|Urbi Hacienda Balboa|Fraccionamiento|Cuautitlán Izcalli|México|Cuautitlán Izcalli|54701|15|54701|21|121|7950|Urbano|04
54743|Fuentes del Tepeyac|Fraccionamiento|Cuautitlán Izcalli|México|Cuautitlán Izcalli|54701|15|54701|21|121|0002|Urbano|04
54743|Colonial Taxco|Fraccionamiento|Cuautitlán Izcalli|México|Cuautitlán Izcalli|54701|15|54701|21|121|0003|Urbano|04
54743|Tulipanes|Unidad habitacional|Cuautitlán Izcalli|México|Cuautitlán Izcalli|54701|15|54701|31|121|3104|Urbano|04
54743|Fidel Velázquez|Unidad habitacional|Cuautitlán Izcalli|México|Cuautitlán Izcalli|54701|15|54701|31|121|3122|Urbano|04
54743|Francisco Villa|Colonia|Cuautitlán Izcalli|México|Cuautitlán Izcalli|54701|15|54701|09|121|3124|Urbano|04
54743|Plaza Dorada|Unidad habitacional|Cuautitlán Izcalli|México|Cuautitlán Izcalli|54701|15|54701|31|121|3131|Urbano|04
54743|Santa María Guadalupe las Torres|Colonia|Cuautitlán Izcalli|México|Cuautitlán Izcalli|54701|15|54701|09|121|3132|Urbano|04
54743|Valle de San Lucas|Colonia|Cuautitlán Izcalli|México|Cuautitlán Izcalli|54701|15|54701|09|121|3133|Urbano|04
54743|Santiago Tepalcapa|Pueblo|Cuautitlán Izcalli|México|Cuautitlán Izcalli|54701|15|54701|28|121|3161|Urbano|04
54743|INFONAVIT Centro|Unidad habitacional|Cuautitlán Izcalli|México|Cuautitlán Izcalli|54701|15|54701|31|121|4861|Urbano|04
54743|INFONAVIT Tepalcapa|Unidad habitacional|Cuautitlán Izcalli|México|Cuautitlán Izcalli|54701|15|54701|31|121|5570|Urbano|04
54743|Campo 1|Unidad habitacional|Cuautitlán Izcalli|México|Cuautitlán Izcalli|54701|15|54701|31|121|6507|Urbano|04
54744|Colinas del Lago|Fraccionamiento|Cuautitlán Izcalli|México|Cuautitlán Izcalli|54701|15|54701|21|121|3107|Urbano|04
54744|Nopaltepec|Unidad habitacional|Cuautitlán Izcalli|México|Cuautitlán Izcalli|54701|15|54701|31|121|3108|Urbano|04
54744|Jorge Jiménez Cantú|Colonia|Cuautitlán Izcalli|México|Cuautitlán Izcalli|54701|15|54701|09|121|3153|Urbano|04
54744|La Joyita|Colonia|Cuautitlán Izcalli|México|Cuautitlán Izcalli|54701|15|54701|09|121|3156|Urbano|04
54744|Valle de las Flores|Colonia|Cuautitlán Izcalli|México|Cuautitlán Izcalli|54701|15|54701|09|121|3158|Urbano|04
54745|Los Ailes|Colonia|Cuautitlán Izcalli|México|Cuautitlán Izcalli|54701|15|54701|09|121|0001|Rural|04
54745|Ejido de Guadalupe|Colonia|Cuautitlán Izcalli|México|Cuautitlán Izcalli|54701|15|54701|09|121|0009|Rural|04
54745|San Francisco Tepojaco|Pueblo|Cuautitlán Izcalli|México|Cuautitlán Izcalli|54701|15|54701|28|121|3109|Urbano|04
54745|Los Pinos|Colonia|Cuautitlán Izcalli|México|Cuautitlán Izcalli|54701|15|54701|09|121|6499|Urbano|04
54745|La Conasupo|Fraccionamiento|Cuautitlán Izcalli|México|Cuautitlán Izcalli|54701|15|54701|21|121|7990|Urbano|04
54750|Arcos del Alba|Fraccionamiento|Cuautitlán Izcalli|México|Cuautitlán Izcalli|54701|15|54701|21|121|3112|Urbano|04
54750|Jardines del Alba|Fraccionamiento|Cuautitlán Izcalli|México|Cuautitlán Izcalli|54701|15|54701|21|121|3113|Urbano|04
54750|Las Conchitas|Colonia|Cuautitlán Izcalli|México|Cuautitlán Izcalli|54701|15|54701|09|121|3117|Urbano|04
54750|Generalísimo José María Morelos y Pavón Sección Norte|Unidad habitacional|Cuautitlán Izcalli|México|Cuautitlán Izcalli|54701|15|54701|31|121|3159|Urbano|04
54750|Generalísimo José María Morelos y Pavón Sección Sur|Unidad habitacional|Cuautitlán Izcalli|México|Cuautitlán Izcalli|54701|15|54701|31|121|6502|Urbano|04
54753|Residencial Bosques del Alba|Unidad habitacional|Cuautitlán Izcalli|México|Cuautitlán Izcalli|54701|15|54701|31|121|0005|Urbano|04
54753|Joyas del Alba|Fraccionamiento|Cuautitlán Izcalli|México|Cuautitlán Izcalli|54701|15|54701|21|121|0006|Urbano|04
54753|Bosques del Alba I|Unidad habitacional|Cuautitlán Izcalli|México|Cuautitlán Izcalli|54701|15|54701|31|121|3115|Urbano|04
54753|Luis Echeverría|Colonia|Cuautitlán Izcalli|México|Cuautitlán Izcalli|54701|15|54701|09|121|3127|Urbano|04
54753|Fuentes del Bosque|Fraccionamiento|Cuautitlán Izcalli|México|Cuautitlán Izcalli|54701|15|54701|21|121|5563|Urbano|04
54753|Bosques del Alba II|Unidad habitacional|Cuautitlán Izcalli|México|Cuautitlán Izcalli|54701|15|54701|31|121|6503|Urbano|04
54759|Loma Bonita|Colonia|Cuautitlán Izcalli|México|Cuautitlán Izcalli|54801|15|54801|09|121|3119|Urbano|04
54760|Bosques de Morelos|Colonia|Cuautitlán Izcalli|México|Cuautitlán Izcalli|54761|15|54761|09|121|3120|Urbano|04
54760|Lago de Guadalupe|Fraccionamiento|Cuautitlán Izcalli|México|Cuautitlán Izcalli|54761|15|54761|21|121|3126|Urbano|04
54760|Plan de Guadalupe|Colonia|Cuautitlán Izcalli|México|Cuautitlán Izcalli|54761|15|54761|09|121|3129|Urbano|04
54760|Tres de Mayo|Colonia|Cuautitlán Izcalli|México|Cuautitlán Izcalli|54761|15|54761|09|121|3134|Urbano|04
54760|Rincón del Bosque|Fraccionamiento|Cuautitlán Izcalli|México|Cuautitlán Izcalli|54761|15|54761|21|121|8484|Urbano|04
54763|La Presita|Colonia|Cuautitlán Izcalli|México|Cuautitlán Izcalli|54801|15|54801|09|121|3137|Urbano|04
54763|Ampliación Ejidal San Isidro|Colonia|Cuautitlán Izcalli|México|Cuautitlán Izcalli|54801|15|54801|09|121|3138|Urbano|04
54763|INFONAVIT Sur "Niños Héroes"|Unidad habitacional|Cuautitlán Izcalli|México|Cuautitlán Izcalli|54801|15|54801|31|121|3139|Urbano|04
54763|Ejidal San Isidro|Colonia|Cuautitlán Izcalli|México|Cuautitlán Izcalli|54801|15|54801|09|121|3140|Urbano|04
54763|San Martín Tepetlixpa|Pueblo|Cuautitlán Izcalli|México|Cuautitlán Izcalli|54801|15|54801|28|121|3141|Urbano|04
54763|Unidad Cívica Bacardi|Fraccionamiento|Cuautitlán Izcalli|México|Cuautitlán Izcalli|54801|15|54801|21|121|3142|Urbano|04
54763|Los Pájaros|Unidad habitacional|Cuautitlán Izcalli|México|Cuautitlán Izcalli|54801|15|54801|31|121|4862|Urbano|04
54763|Las Gaviotas|Unidad habitacional|Cuautitlán Izcalli|México|Cuautitlán Izcalli|54801|15|54801|31|121|6475|Urbano|04
54763|Villas del Sol|Fraccionamiento|Cuautitlán Izcalli|México|Cuautitlán Izcalli|54801|15|54801|21|121|6477|Urbano|04
54763|Residencial la Joya|Fraccionamiento|Cuautitlán Izcalli|México|Cuautitlán Izcalli|54801|15|54801|21|121|6482|Urbano|04
54763|Las Mariposas|Unidad habitacional|Cuautitlán Izcalli|México|Cuautitlán Izcalli|54801|15|54801|31|121|6483|Urbano|04
54763|Las Huertas|Unidad habitacional|Cuautitlán Izcalli|México|Cuautitlán Izcalli|54801|15|54801|31|121|6484|Urbano|04
54763|San Martín Obispo o Tepetlixpan|Ejido|Cuautitlán Izcalli|México|Cuautitlán Izcalli|54801|15|54801|15|121|6492|Urbano|04
54763|Tres Picos|Colonia|Cuautitlán Izcalli|México|Cuautitlán Izcalli|54801|15|54801|09|121|6493|Urbano|04
54764|Santa María de Guadalupe la Quebrada|Colonia|Cuautitlán Izcalli|México|Cuautitlán Izcalli|54801|15|54801|09|121|6491|Urbano|04
54765|Lomas del Bosque|Colonia|Cuautitlán Izcalli|México|Cuautitlán Izcalli|54761|15|54761|09|121|3145|Urbano|04
54765|Mirador Santa Rosa|Colonia|Cuautitlán Izcalli|México|Cuautitlán Izcalli|54761|15|54761|09|121|3146|Urbano|04
54765|El Tikal|Colonia|Cuautitlán Izcalli|México|Cuautitlán Izcalli|54761|15|54761|09|121|3148|Urbano|04
54766|Bosques del Lago|Fraccionamiento|Cuautitlán Izcalli|México|Cuautitlán Izcalli|54761|15|54761|21|121|3150|Urbano|04
54766|Campestre del Lago|Fraccionamiento|Cuautitlán Izcalli|México|Cuautitlán Izcalli|54761|15|54761|21|121|3151|Urbano|04
54767|Granjas Lomas de Guadalupe|Colonia|Cuautitlán Izcalli|México|Cuautitlán Izcalli|54761|15|54761|09|121|3154|Urbano|04
54769|Hacienda del Parque|Fraccionamiento|Cuautitlán Izcalli|México|Cuautitlán Izcalli|54801|15|54801|21|121|3163|Urbano|04
54769|La Quebrada Centro|Fraccionamiento|Cuautitlán Izcalli|México|Cuautitlán Izcalli|54801|15|54801|21|121|3164|Urbano|04
54769|La Quebrada Ampliación|Fraccionamiento|Cuautitlán Izcalli|México|Cuautitlán Izcalli|54801|15|54801|21|121|3165|Urbano|04
54769|Valle Esmeralda|Unidad habitacional|Cuautitlán Izcalli|México|Cuautitlán Izcalli|54801|15|54801|31|121|3166|Urbano|04
54769|Paseo de los Jardines|Unidad habitacional|Cuautitlán Izcalli|México|Cuautitlán Izcalli|54801|15|54801|31|121|6473|Urbano|04
54769|Cumbre Norte|Unidad habitacional|Cuautitlán Izcalli|México|Cuautitlán Izcalli|54801|15|54801|31|121|6474|Urbano|04
54769|Torres Algibe|Fraccionamiento|Cuautitlán Izcalli|México|Cuautitlán Izcalli|54801|15|54801|21|121|6476|Urbano|04
54769|Villas del Perinorte|Unidad habitacional|Cuautitlán Izcalli|México|Cuautitlán Izcalli|54801|15|54801|31|121|6479|Urbano|04
54769|Bosques del Perinorte|Unidad habitacional|Cuautitlán Izcalli|México|Cuautitlán Izcalli|54801|15|54801|31|121|6486|Urbano|04
54769|Parque industrial San Martín Obispo|Zona industrial|Cuautitlán Izcalli|México|Cuautitlán Izcalli|54801|15|54801|37|121|7987|Urbano|04
54770|Tlatilco|Barrio|Teoloyucan|México|null|54771|15|54771|02|091|5132|Urbano|null
54770|Tlatenco|Barrio|Teoloyucan|México|null|54771|15|54771|02|091|5134|Urbano|null
54770|Misiones Teoloyucan|Fraccionamiento|Teoloyucan|México|null|54771|15|54771|21|091|7083|Urbano|null
54770|Villas Teoloyucan|Fraccionamiento|Teoloyucan|México|null|54771|15|54771|21|091|7084|Urbano|null
54770|Hacienda Beatriz|Fraccionamiento|Teoloyucan|México|null|54771|15|54771|21|091|7994|Urbano|null
54783|Analco|Barrio|Teoloyucan|México|null|54771|15|54771|02|091|3167|Urbano|null
54783|San Juan|Barrio|Teoloyucan|México|null|54771|15|54771|02|091|3170|Urbano|null
54783|Santa María Caliacac|Barrio|Teoloyucan|México|null|54771|15|54771|02|091|3172|Urbano|null
54783|Santo Tomás|Barrio|Teoloyucan|México|null|54771|15|54771|02|091|3177|Urbano|null
54783|Tepanquiahuac|Barrio|Teoloyucan|México|null|54771|15|54771|02|091|5137|Urbano|null
54783|Fresno 2000|Fraccionamiento|Teoloyucan|México|null|54771|15|54771|21|091|5138|Urbano|null
54783|Santa Cruz|Barrio|Teoloyucan|México|null|54771|15|54771|02|091|5775|Urbano|null
54783|La Providencia|Fraccionamiento|Teoloyucan|México|null|54771|15|54771|21|091|5789|Urbano|null
54783|Santo Tomás|Colonia|Teoloyucan|México|null|54771|15|54771|09|091|7995|Urbano|null
54784|San Bartolo|Barrio|Teoloyucan|México|null|54771|15|54771|02|091|3169|Urbano|null
54784|Santiago|Barrio|Teoloyucan|México|null|54771|15|54771|02|091|3173|Urbano|null
54784|Atzacoalco|Barrio|Teoloyucan|México|null|54771|15|54771|02|091|5133|Urbano|null
54784|Sagitario|Fraccionamiento|Teoloyucan|México|null|54771|15|54771|21|091|5135|Urbano|null
54785|San José|Colonia|Teoloyucan|México|null|54771|15|54771|09|091|5776|Urbano|null
54785|Los Olivos|Fraccionamiento|Teoloyucan|México|null|54771|15|54771|21|091|7085|Urbano|null
54785|Ex-Hacienda San José Puente Grande|Colonia|Teoloyucan|México|null|54771|15|54771|09|091|7996|Urbano|null
54785|La Victoria|Colonia|Teoloyucan|México|null|54771|15|54771|09|091|7998|Urbano|null
54786|Cuaxoxoca|Barrio|Teoloyucan|México|null|54771|15|54771|02|091|3168|Urbano|null
54786|Santa Cruz del Monte|Colonia|Teoloyucan|México|null|54771|15|54771|09|091|3171|Urbano|null
54786|Zimapan|Barrio|Teoloyucan|México|null|54771|15|54771|02|091|3175|Urbano|null
54786|San Sebastián|Barrio|Teoloyucan|México|null|54771|15|54771|02|091|3178|Rural|null
54786|Acolco|Barrio|Teoloyucan|México|null|54771|15|54771|02|091|5136|Urbano|null
54786|Axalpa|Barrio|Teoloyucan|México|null|54771|15|54771|02|091|5139|Urbano|null
54786|La Era|Colonia|Teoloyucan|México|null|54771|15|54771|09|091|5140|Urbano|null
54786|Guadalupe|Colonia|Teoloyucan|México|null|54771|15|54771|09|091|7997|Urbano|null
54800|Cuautitlán Centro|Colonia|Cuautitlán|México|Cuautitlán|54801|15|54801|09|024|3179|Urbano|17
54800|Los Morales 1a Sección|Fraccionamiento|Cuautitlán|México|Cuautitlán|54801|15|54801|21|024|3180|Urbano|17
54800|Paseo de Santa María|Fraccionamiento|Cuautitlán|México|Cuautitlán|54801|15|54801|21|024|3181|Urbano|17
54800|Romita|Colonia|Cuautitlán|México|Cuautitlán|54801|15|54801|09|024|3182|Urbano|17
54800|San Juan|Fraccionamiento|Cuautitlán|México|Cuautitlán|54801|15|54801|21|024|3183|Urbano|17
54800|El Nopalito|Barrio|Cuautitlán|México|Cuautitlán|54801|15|54801|02|024|3193|Urbano|17
54800|Misiones II|Fraccionamiento|Cuautitlán|México|Cuautitlán|54801|15|54801|21|024|6535|Urbano|17
54803|Hacienda de Cuautitlán|Fraccionamiento|Cuautitlán|México|Cuautitlán|54801|15|54801|21|024|5773|Urbano|17
54803|Joyas de Cuautitlán|Fraccionamiento|Cuautitlán|México|Cuautitlán|54801|15|54801|21|024|6468|Urbano|17
54803|La Alborada|Fraccionamiento|Cuautitlán|México|Cuautitlán|54801|15|54801|21|024|7992|Urbano|17
54804|Tecoac-Monales|Barrio|Cuautitlán|México|Cuautitlán|54801|15|54801|02|024|3187|Urbano|17
54805|Ejidos de Guadalupe|Colonia|Cuautitlán|México|Cuautitlán|54801|15|54801|09|024|3188|Urbano|17
54807|El Huerto|Barrio|Cuautitlán|México|Cuautitlán|54801|15|54801|02|024|3189|Urbano|17
54807|San Francisco Cascantitla|Fraccionamiento|Cuautitlán|México|Cuautitlán|54801|15|54801|21|024|4864|Urbano|17
54807|Paseos de Cuautitlán|Fraccionamiento|Cuautitlán|México|Cuautitlán|54801|15|54801|21|024|4865|Urbano|17
54820|Villa María (Ejido Villa María)|Rancho|Cuautitlán|México|null|54801|15|54801|48|024|0004|Rural|null
54820|El Tejado|Ejido|Cuautitlán|México|Cuautitlán|54801|15|54801|15|024|0005|Rural|17
54820|El Mecate|Rancho|Cuautitlán|México|Cuautitlán|54801|15|54801|48|024|0007|Rural|17
54820|La Garita|Rancho|Cuautitlán|México|null|54801|15|54801|48|024|0010|Rural|null
54820|Cantarranas|Rancho|Cuautitlán|México|null|54801|15|54801|48|024|3198|Rural|null
54820|Las Palomas|Rancho|Cuautitlán|México|null|54801|15|54801|48|024|3200|Rural|null
54820|Venecia|Colonia|Cuautitlán|México|null|54801|15|54801|09|024|3203|Rural|null
54820|Villa María|Rancho|Cuautitlán|México|null|54801|15|54801|48|024|3204|Rural|null
54830|La Arboleda|Fraccionamiento|Cuautitlán|México|null|54801|15|54801|21|024|0002|Rural|null
54830|El Machero|Ejido|Cuautitlán|México|Cuautitlán|54801|15|54801|15|024|6548|Rural|17
54830|Parque San Mateo (Hacienda San Mateo)|Fraccionamiento|Cuautitlán|México|Cuautitlán|54801|15|54801|21|024|8897|Rural|17
54831|El Mirador|Colonia|Cuautitlán|México|Cuautitlán|54801|15|54801|09|024|3206|Urbano|17
54831|Santa María Huecatitla|Pueblo|Cuautitlán|México|Cuautitlán|54801|15|54801|28|024|3211|Rural|17
54831|Santa Bárbara|Ejido|Cuautitlán|México|Cuautitlán|54801|15|54801|15|024|6532|Rural|17
54831|Macolo|Colonia|Cuautitlán|México|Cuautitlán|54801|15|54801|09|024|6547|Rural|17
54834|San José Puente Grande|Colonia|Cuautitlán|México|Cuautitlán|54601|15|54601|09|024|3207|Urbano|17
54840|La Toscana|Fraccionamiento|Cuautitlán|México|Cuautitlán|54801|15|54801|21|024|0008|Rural|17
54840|Villas Xaltipa|Fraccionamiento|Cuautitlán|México|Cuautitlán|54801|15|54801|21|024|0009|Urbano|17
54840|San Mateo Ixtacalco|Pueblo|Cuautitlán|México|Cuautitlán|54801|15|54801|28|024|3201|Urbano|17
54840|El Carmen|Barrio|Cuautitlán|México|Cuautitlán|54801|15|54801|02|024|3212|Urbano|17
54840|San Roque|Colonia|Cuautitlán|México|Cuautitlán|54801|15|54801|09|024|3219|Rural|17
54840|Dos Ríos Segunda Sección|Colonia|Cuautitlán|México|Cuautitlán|54801|15|54801|09|024|4866|Urbano|17
54840|Juan Diego|Fraccionamiento|Cuautitlán|México|Cuautitlán|54801|15|54801|21|024|4867|Urbano|17
54840|Los Morales 2a Sección|Fraccionamiento|Cuautitlán|México|Cuautitlán|54801|15|54801|21|024|6536|Urbano|17
54840|La Laguna|Colonia|Cuautitlán|México|Cuautitlán|54801|15|54801|09|024|6544|Rural|17
54840|La Guadalupana|Fraccionamiento|Cuautitlán|México|Cuautitlán|54801|15|54801|21|024|6549|Urbano|17
54840|Galaxia Cuautitlán|Fraccionamiento|Cuautitlán|México|Cuautitlán|54801|15|54801|21|024|8185|Urbano|17
54850|El Tejocote|Colonia|Cuautitlán|México|Cuautitlán|54801|15|54801|09|024|3195|Urbano|17
54850|Dos Ríos Primera Sección|Colonia|Cuautitlán|México|Cuautitlán|54801|15|54801|09|024|3225|Urbano|17
54850|Villas Xaltipa II|Fraccionamiento|Cuautitlán|México|Cuautitlán|54801|15|54801|21|024|3227|Urbano|17
54850|La Trinidad|Pueblo|Cuautitlán|México|Cuautitlán|54801|15|54801|28|024|3229|Rural|17
54850|Rancho Santa Elena|Fraccionamiento|Cuautitlán|México|Cuautitlán|54801|15|54801|21|024|4713|Urbano|17
54850|Paseos del Bosque|Fraccionamiento|Cuautitlán|México|Cuautitlán|54801|15|54801|21|024|8283|Urbano|17
54850|Real de San Fernando|Fraccionamiento|Cuautitlán|México|Cuautitlán|54801|15|54801|21|024|9688|Urbano|17
54855|Tizoc|Fraccionamiento|Cuautitlán|México|Cuautitlán|54801|15|54801|21|024|3236|Urbano|17
54857|Villas de Cuautitlán|Fraccionamiento|Cuautitlán|México|Cuautitlán|54801|15|54801|21|024|3237|Urbano|17
54857|Villas Olivo|Fraccionamiento|Cuautitlán|México|Cuautitlán|54801|15|54801|21|024|6546|Urbano|17
54858|Cebadales Primera Sección|Unidad habitacional|Cuautitlán|México|Cuautitlán|54801|15|54801|31|024|3238|Urbano|17
54860|San Mateo Ixtacalco Fracción Tlaxculpas|Ejido|Cuautitlán|México|Cuautitlán|54801|15|54801|15|024|6533|Urbano|17
54870|El Paraíso|Unidad habitacional|Cuautitlán|México|Cuautitlán|54801|15|54801|31|024|3250|Urbano|17
54870|Lázaro Cárdenas|Colonia|Cuautitlán|México|Cuautitlán|54801|15|54801|09|024|3251|Urbano|17
54870|San Blas I|Fraccionamiento|Cuautitlán|México|Cuautitlán|54801|15|54801|21|024|3253|Urbano|17
54870|San Blas II|Fraccionamiento|Cuautitlán|México|Cuautitlán|54801|15|54801|21|024|3254|Urbano|17
54870|San José Milla|Barrio|Cuautitlán|México|Cuautitlán|54801|15|54801|02|024|3255|Urbano|17
54870|Santa Ana Tlaltepan|Barrio|Cuautitlán|México|Cuautitlán|54801|15|54801|02|024|3257|Urbano|17
54870|Misiones I|Fraccionamiento|Cuautitlán|México|Cuautitlán|54801|15|54801|21|024|4655|Urbano|17
54870|Rancho San Blas|Fraccionamiento|Cuautitlán|México|Cuautitlán|54801|15|54801|21|024|5624|Urbano|17
54875|Foresta Residencial|Fraccionamiento|Cuautitlán|México|Cuautitlán|54801|15|54801|21|024|0001|Urbano|17
54875|Cristal|Fraccionamiento|Cuautitlán|México|Cuautitlán|54801|15|54801|21|024|3259|Urbano|17
54875|Mayorazgos|Fraccionamiento|Cuautitlán|México|Cuautitlán|54801|15|54801|21|024|6539|Urbano|17
54875|Las Patricias I y II|Fraccionamiento|Cuautitlán|México|Cuautitlán|54801|15|54801|21|024|6540|Urbano|17
54875|Los Olivos|Fraccionamiento|Cuautitlán|México|Cuautitlán|54801|15|54801|21|024|6545|Urbano|17
54877|El Paraíso FOVISSSTE|Unidad habitacional|Cuautitlán|México|Cuautitlán|54801|15|54801|31|024|3260|Urbano|17
54878|El Infiernillo|Colonia|Cuautitlán|México|Cuautitlán|54801|15|54801|09|024|3261|Urbano|17
54879|El Cerrito|Colonia|Cuautitlán|México|Cuautitlán|54801|15|54801|09|024|3262|Urbano|17
54879|El Partidor|Colonia|Cuautitlán|México|Cuautitlán|54801|15|54801|09|024|3263|Urbano|17
54879|La Palma|Colonia|Cuautitlán|México|Cuautitlán|54801|15|54801|09|024|3266|Urbano|17
54879|Loma Bonita|Colonia|Cuautitlán|México|Cuautitlán|54801|15|54801|09|024|3267|Urbano|17
54879|Nueva Españita|Colonia|Cuautitlán|México|Cuautitlán|54801|15|54801|09|024|3268|Urbano|17
54879|Villa Jardín|Fraccionamiento|Cuautitlán|México|Cuautitlán|54801|15|54801|21|024|4868|Urbano|17
54879|Puente Jabonero|Barrio|Cuautitlán|México|Cuautitlán|54801|15|54801|02|024|7947|Urbano|17
54879|Necapa|Colonia|Cuautitlán|México|Cuautitlán|54801|15|54801|09|024|7948|Urbano|17
54880|Rancho el Bañadero|Ranchería|Melchor Ocampo|México|Melchor Ocampo|54881|15|54881|29|053|0004|Rural|26
54880|Torresco|Barrio|Melchor Ocampo|México|Melchor Ocampo|54881|15|54881|02|053|0005|Urbano|26
54880|Melchor Ocampo Centro|Colonia|Melchor Ocampo|México|Melchor Ocampo|54881|15|54881|09|053|3271|Urbano|26
54880|San Isidro|Barrio|Melchor Ocampo|México|Melchor Ocampo|54881|15|54881|02|053|5265|Urbano|26
54880|San Antonio|Barrio|Melchor Ocampo|México|Melchor Ocampo|54881|15|54881|02|053|5268|Urbano|26
54880|Educación|Colonia|Melchor Ocampo|México|Melchor Ocampo|54881|15|54881|09|053|5270|Urbano|26
54880|Xacopinca|Colonia|Melchor Ocampo|México|Melchor Ocampo|54881|15|54881|09|053|5271|Urbano|26
54880|El Mirador|Colonia|Melchor Ocampo|México|Melchor Ocampo|54881|15|54881|09|053|8214|Urbano|26
54884|Señor de los Milagros|Barrio|Melchor Ocampo|México|Melchor Ocampo|54881|15|54881|02|053|5267|Urbano|26
54884|Tepetongo|Barrio|Melchor Ocampo|México|Melchor Ocampo|54881|15|54881|02|053|5269|Urbano|26
54890|Revolucionaria|Colonia|Melchor Ocampo|México|null|54881|15|54881|09|053|0001|Rural|null
54890|Xochimiquía|Colonia|Melchor Ocampo|México|null|54881|15|54881|09|053|0002|Urbano|null
54890|Bicentenario|Colonia|Melchor Ocampo|México|null|54881|15|54881|09|053|0003|Urbano|null
54890|Villas del Fresno|Fraccionamiento|Melchor Ocampo|México|null|54881|15|54881|21|053|0006|Urbano|null
54890|La Palma de Visitación|Rancho|Melchor Ocampo|México|null|54881|15|54881|48|053|0007|Rural|null
54890|Álamos III|Fraccionamiento|Melchor Ocampo|México|null|54881|15|54881|21|053|0008|Rural|null
54890|Visitación|Pueblo|Melchor Ocampo|México|null|54881|15|54881|28|053|3273|Urbano|null
54890|San Francisco Tenopalco|Pueblo|Melchor Ocampo|México|null|54881|15|54881|28|053|5264|Urbano|null
54890|Los Álamos|Fraccionamiento|Melchor Ocampo|México|null|54881|15|54881|21|053|6550|Urbano|null
54890|2 de Septiembre|Colonia|Melchor Ocampo|México|null|54881|15|54881|09|053|8211|Rural|null
54890|Cañaditas|Colonia|Melchor Ocampo|México|null|54881|15|54881|09|053|8212|Urbano|null
54890|Lomas de Tenopalco|Colonia|Melchor Ocampo|México|null|54881|15|54881|09|053|8213|Rural|null
54890|La Cañada|Colonia|Melchor Ocampo|México|null|54881|15|54881|09|053|8215|Urbano|null
54890|La Florida|Colonia|Melchor Ocampo|México|null|54881|15|54881|09|053|8216|Urbano|null
54890|Los Álamos II|Fraccionamiento|Melchor Ocampo|México|null|54881|15|54881|21|053|8217|Rural|null
54900|Belém|Barrio|Tultitlán|México|Tultitlán de Mariano Escobedo|54901|15|54901|02|109|3275|Urbano|16
54900|La Concepción|Barrio|Tultitlán|México|Tultitlán de Mariano Escobedo|54901|15|54901|02|109|3276|Urbano|16
54900|Los Reyes|Barrio|Tultitlán|México|Tultitlán de Mariano Escobedo|54901|15|54901|02|109|3277|Urbano|16
54900|Nativitas|Barrio|Tultitlán|México|Tultitlán de Mariano Escobedo|54901|15|54901|02|109|3278|Urbano|16
54900|San Bartolo|Barrio|Tultitlán|México|Tultitlán de Mariano Escobedo|54901|15|54901|02|109|3279|Urbano|16
54900|San Juan|Barrio|Tultitlán|México|Tultitlán de Mariano Escobedo|54901|15|54901|02|109|3280|Urbano|16
54900|Santiaguito|Barrio|Tultitlán|México|Tultitlán de Mariano Escobedo|54901|15|54901|02|109|3281|Urbano|16
54900|Tultitlán de Mariano Escobedo Centro|Colonia|Tultitlán|México|Tultitlán de Mariano Escobedo|54901|15|54901|09|109|3282|Urbano|16
54900|Residencial los Reyes|Condominio|Tultitlán|México|Tultitlán de Mariano Escobedo|54901|15|54901|10|109|6335|Urbano|16
54900|Rincón Colonial|Condominio|Tultitlán|México|Tultitlán de Mariano Escobedo|54901|15|54901|10|109|8994|Urbano|16
54910|Universidad Politécnica del Valle de México|Equipamiento|Tultitlán|México|Tultitlán de Mariano Escobedo|54901|15|54901|17|109|0002|Urbano|16
54910|Ejido la Reyna (La Reyna)|Colonia|Tultitlán|México|Tultitlán de Mariano Escobedo|54901|15|54901|09|109|0003|Urbano|16
54910|Fuentes del Valle|Fraccionamiento|Tultitlán|México|Tultitlán de Mariano Escobedo|54901|15|54901|21|109|3285|Urbano|16
54910|Villas de San José|Fraccionamiento|Tultitlán|México|Tultitlán de Mariano Escobedo|54901|15|54901|21|109|3286|Urbano|16
54910|Villa Esmeralda|Colonia|Tultitlán|México|Tultitlán de Mariano Escobedo|54901|15|54901|09|109|4714|Urbano|16
54910|Los Agaves Tultitlán|Condominio|Tultitlán|México|Tultitlán de Mariano Escobedo|54901|15|54901|10|109|4716|Urbano|16
54910|Los Portales|Condominio|Tultitlán|México|Tultitlán de Mariano Escobedo|54901|15|54901|10|109|5499|Urbano|16
54910|La Mariscala|Colonia|Tultitlán|México|Tultitlán de Mariano Escobedo|54901|15|54901|09|109|6333|Urbano|16
54910|La Ponderosa|Fraccionamiento|Tultitlán|México|Tultitlán de Mariano Escobedo|54901|15|54901|21|109|6334|Urbano|16
54910|Jardines de Tultitlán|Condominio|Tultitlán|México|Tultitlán de Mariano Escobedo|54901|15|54901|10|109|6389|Urbano|16
54910|Central de Abastos|Zona comercial|Tultitlán|México|Tultitlán de Mariano Escobedo|54901|15|54901|33|109|7988|Urbano|16
54913|COCEM|Fraccionamiento|Tultitlán|México|Tultitlán de Mariano Escobedo|54901|15|54901|21|109|3287|Urbano|16
54913|Sol de Tultitlán (Zona Oriente)|Condominio|Tultitlán|México|Tultitlán de Mariano Escobedo|54901|15|54901|10|109|3288|Urbano|16
54913|Recursos Hidráulicos|Colonia|Tultitlán|México|Tultitlán de Mariano Escobedo|54901|15|54901|09|109|3289|Urbano|16
54913|Villas Jardín|Condominio|Tultitlán|México|Tultitlán de Mariano Escobedo|54901|15|54901|10|109|3290|Urbano|16
54913|Bosques de Tultitlán|Condominio|Tultitlán|México|Tultitlán de Mariano Escobedo|54901|15|54901|10|109|4720|Urbano|16
54913|Quinta el Ángel|Unidad habitacional|Tultitlán|México|Tultitlán de Mariano Escobedo|54901|15|54901|31|109|6325|Urbano|16
54913|Ampliación COCEM|Condominio|Tultitlán|México|Tultitlán de Mariano Escobedo|54901|15|54901|10|109|6326|Urbano|16
54913|Residencial del Sol|Fraccionamiento|Tultitlán|México|Tultitlán de Mariano Escobedo|54901|15|54901|21|109|6327|Urbano|16
54914|Unidad Electricistas|Condominio|Tultitlán|México|Tultitlán de Mariano Escobedo|54901|15|54901|10|109|3294|Urbano|16
54915|Independencia|Colonia|Tultitlán|México|Tultitlán de Mariano Escobedo|54901|15|54901|09|109|3291|Urbano|16
54915|El Obelisco|Condominio|Tultitlán|México|Tultitlán de Mariano Escobedo|54901|15|54901|10|109|4719|Urbano|16
54915|Independencia|Zona industrial|Tultitlán|México|Tultitlán de Mariano Escobedo|54901|15|54901|37|109|6323|Urbano|16
54915|Los Reyes|Colonia|Tultitlán|México|Tultitlán de Mariano Escobedo|54901|15|54901|09|109|6324|Urbano|16
54915|Porto Alegre|Condominio|Tultitlán|México|Tultitlán de Mariano Escobedo|54901|15|54901|10|109|7935|Urbano|16
54916|Lázaro Cárdenas (Zona Hornos)|Colonia|Tultitlán|México|Tultitlán de Mariano Escobedo|54901|15|54901|09|109|3296|Urbano|16
54918|Parque industrial Cartagena|Zona industrial|Tultitlán|México|Tultitlán de Mariano Escobedo|54901|15|54901|37|109|3297|Urbano|16
54918|Parque industrial Tultitlán|Zona industrial|Tultitlán|México|Tultitlán de Mariano Escobedo|54901|15|54901|37|109|3298|Urbano|16
54918|El Cueyamil|Colonia|Tultitlán|México|Tultitlán de Mariano Escobedo|54901|15|54901|09|109|4715|Urbano|16
54920|Hogares de Castera|Condominio|Tultitlán|México|Tultitlán de Mariano Escobedo|54931|15|54931|10|109|3299|Urbano|16
54920|Jardines de los Claustros III|Fraccionamiento|Tultitlán|México|Tultitlán de Mariano Escobedo|54931|15|54931|21|109|3301|Urbano|16
54920|San Pablo Castera II|Fraccionamiento|Tultitlán|México|Tultitlán de Mariano Escobedo|54931|15|54931|21|109|3302|Urbano|16
54920|Estrella de Tultitlán (Lote 55 Pte.)|Condominio|Tultitlán|México|Tultitlán de Mariano Escobedo|54931|15|54931|10|109|4899|Urbano|16
54924|Llanuras|Fraccionamiento|Tultitlán|México|Tultitlán de Mariano Escobedo|54931|15|54931|21|109|3303|Urbano|16
54924|El Kiosco|Condominio|Tultitlán|México|Tultitlán de Mariano Escobedo|54931|15|54931|10|109|3304|Urbano|16
54924|Conjunto Cristal|Condominio|Tultitlán|México|Tultitlán de Mariano Escobedo|54931|15|54931|10|109|4870|Urbano|16
54924|Lote 104 (Tehuantepec)|Condominio|Tultitlán|México|Tultitlán de Mariano Escobedo|54931|15|54931|10|109|4871|Urbano|16
54925|Hacienda San Pablo|Fraccionamiento|Tultitlán|México|Tultitlán de Mariano Escobedo|54931|15|54931|21|109|3305|Urbano|16
54925|Las Manzanas|Unidad habitacional|Tultitlán|México|Tultitlán de Mariano Escobedo|54931|15|54931|31|109|3306|Urbano|16
54925|Prados Sección B|Conjunto habitacional|Tultitlán|México|Tultitlán de Mariano Escobedo|54931|15|54931|12|109|3307|Urbano|16
54926|Estepas|Fraccionamiento|Tultitlán|México|Tultitlán de Mariano Escobedo|54931|15|54931|21|109|3308|Urbano|16
54926|Lote 55 (Los Tejados)|Condominio|Tultitlán|México|Tultitlán de Mariano Escobedo|54931|15|54931|10|109|3309|Urbano|16
54926|Sustitución Arista|Condominio|Tultitlán|México|Tultitlán de Mariano Escobedo|54931|15|54931|10|109|3310|Urbano|16
54926|Los Agaves (Lote 71)|Condominio|Tultitlán|México|Tultitlán de Mariano Escobedo|54931|15|54931|10|109|4904|Urbano|16
54926|Galaxias Tultitlán|Fraccionamiento|Tultitlán|México|Tultitlán de Mariano Escobedo|54931|15|54931|21|109|7978|Urbano|16
54927|Las Tórtolas|Fraccionamiento|Tultitlán|México|Tultitlán de Mariano Escobedo|54931|15|54931|21|109|3311|Urbano|16
54927|Mariano Escobedo (los Faroles)|Unidad habitacional|Tultitlán|México|Tultitlán de Mariano Escobedo|54931|15|54931|31|109|3313|Urbano|16
54927|Hogares de Castera Lote 73|Colonia|Tultitlán|México|Tultitlán de Mariano Escobedo|54931|15|54931|09|109|4874|Urbano|16
54927|Lote 41 (El Carmen)|Condominio|Tultitlán|México|Tultitlán de Mariano Escobedo|54931|15|54931|10|109|4875|Urbano|16
54927|Emilio Chuayffet|Colonia|Tultitlán|México|Tultitlán de Mariano Escobedo|54931|15|54931|09|109|4876|Urbano|16
54929|Alborada I|Fraccionamiento|Tultitlán|México|Tultitlán de Mariano Escobedo|54931|15|54931|21|109|3314|Urbano|16
54929|La Alborada Vallas|Unidad habitacional|Tultitlán|México|Tultitlán de Mariano Escobedo|54931|15|54931|31|109|3315|Urbano|16
54929|Nuevo INFONAVIT|Unidad habitacional|Tultitlán|México|Tultitlán de Mariano Escobedo|54931|15|54931|31|109|3316|Urbano|16
54929|Unidad Morelos 3ra. Sección INFONAVIT|Fraccionamiento|Tultitlán|México|Tultitlán de Mariano Escobedo|54931|15|54931|21|109|3317|Urbano|16
54929|Lote 12 (Crepúsculo)|Condominio|Tultitlán|México|Tultitlán de Mariano Escobedo|54931|15|54931|10|109|4877|Urbano|16
54929|Villas Loreto|Condominio|Tultitlán|México|Tultitlán de Mariano Escobedo|54931|15|54931|10|109|4909|Urbano|16
54929|Jardines de los Claustros VI|Fraccionamiento|Tultitlán|México|Tultitlán de Mariano Escobedo|54931|15|54931|21|109|6359|Urbano|16
54930|Granjas San Pablo|Fraccionamiento|Tultitlán|México|Tultitlán de Mariano Escobedo|54931|15|54931|21|109|3319|Urbano|16
54930|Izcalli Rinconada|Fraccionamiento|Tultitlán|México|Tultitlán de Mariano Escobedo|54931|15|54931|21|109|3320|Urbano|16
54930|Jardines de los Claustros IV|Fraccionamiento|Tultitlán|México|Tultitlán de Mariano Escobedo|54931|15|54931|21|109|3321|Urbano|16
54930|Jardines de los Claustros V|Fraccionamiento|Tultitlán|México|Tultitlán de Mariano Escobedo|54931|15|54931|21|109|3322|Urbano|16
54930|La Granja|Unidad habitacional|Tultitlán|México|Tultitlán de Mariano Escobedo|54931|15|54931|31|109|3323|Urbano|16
54930|Llanura Verde|Condominio|Tultitlán|México|Tultitlán de Mariano Escobedo|54931|15|54931|10|109|3324|Urbano|16
54930|Pensamientos|Condominio|Tultitlán|México|Tultitlán de Mariano Escobedo|54931|15|54931|10|109|3325|Urbano|16
54930|San Pablo de las Salinas|Unidad habitacional|Tultitlán|México|Tultitlán de Mariano Escobedo|54931|15|54931|31|109|3326|Urbano|16
54930|San Pablo de las Salinas|Pueblo|Tultitlán|México|Tultitlán de Mariano Escobedo|54931|15|54931|28|109|3327|Urbano|16
54930|Solidaridad Social (Lote 105)|Fraccionamiento|Tultitlán|México|Tultitlán de Mariano Escobedo|54931|15|54931|21|109|3328|Urbano|16
54930|Unidad Morelos 2da. Sección|Fraccionamiento|Tultitlán|México|Tultitlán de Mariano Escobedo|54931|15|54931|21|109|3329|Urbano|16
54930|Lote 92 (Las Rosas)|Condominio|Tultitlán|México|Tultitlán de Mariano Escobedo|54931|15|54931|10|109|4879|Urbano|16
54930|Las Granjas|Condominio|Tultitlán|México|Tultitlán de Mariano Escobedo|54931|15|54931|10|109|4880|Urbano|16
54930|Privada los Prados|Condominio|Tultitlán|México|Tultitlán de Mariano Escobedo|54931|15|54931|10|109|6337|Urbano|16
54930|Solar San Pablo|Condominio|Tultitlán|México|Tultitlán de Mariano Escobedo|54931|15|54931|10|109|6345|Urbano|16
54930|Quintas San Pablo|Condominio|Tultitlán|México|Tultitlán de Mariano Escobedo|54931|15|54931|10|109|6346|Urbano|16
54930|Lomas de San Pablo|Colonia|Tultitlán|México|Tultitlán de Mariano Escobedo|54931|15|54931|09|109|8625|Urbano|16
54932|Magnolias|Fraccionamiento|Tultitlán|México|Tultitlán de Mariano Escobedo|54931|15|54931|21|109|3331|Urbano|16
54932|Conjunto Fortuna|Condominio|Tultitlán|México|Tultitlán de Mariano Escobedo|54931|15|54931|10|109|3332|Urbano|16
54932|IMMEX II|Fraccionamiento|Tultitlán|México|Tultitlán de Mariano Escobedo|54931|15|54931|21|109|3333|Urbano|16
54932|Isidro Fabela|Condominio|Tultitlán|México|Tultitlán de Mariano Escobedo|54931|15|54931|10|109|3334|Urbano|16
54932|Magnolias 2000|Fraccionamiento|Tultitlán|México|Tultitlán de Mariano Escobedo|54931|15|54931|21|109|3336|Urbano|16
54932|Lote 105 (Ébano)|Condominio|Tultitlán|México|Tultitlán de Mariano Escobedo|54931|15|54931|10|109|4881|Urbano|16
54932|Villas de San Pablo|Condominio|Tultitlán|México|Tultitlán de Mariano Escobedo|54931|15|54931|10|109|4910|Urbano|16
54932|Residencial Magnolias|Fraccionamiento|Tultitlán|México|Tultitlán de Mariano Escobedo|54931|15|54931|21|109|6336|Urbano|16
54932|San Pablo III-B|Condominio|Tultitlán|México|Tultitlán de Mariano Escobedo|54931|15|54931|10|109|6338|Urbano|16
54932|San Pablo III-A|Condominio|Tultitlán|México|Tultitlán de Mariano Escobedo|54931|15|54931|10|109|6339|Urbano|16
54932|Residencial San Pablo II|Fraccionamiento|Tultitlán|México|Tultitlán de Mariano Escobedo|54931|15|54931|21|109|6340|Urbano|16
54932|Villas San Pablo (Lote 117 Sur)|Condominio|Tultitlán|México|Tultitlán de Mariano Escobedo|54931|15|54931|10|109|7931|Urbano|16
54933|Azul Cielo|Condominio|Tultitlán|México|Tultitlán de Mariano Escobedo|54931|15|54931|10|109|3338|Urbano|16
54933|Coyoli Martínez|Condominio|Tultitlán|México|Tultitlán de Mariano Escobedo|54931|15|54931|10|109|3339|Urbano|16
54933|Izcalli San Pablo|Fraccionamiento|Tultitlán|México|Tultitlán de Mariano Escobedo|54931|15|54931|21|109|3340|Urbano|16
54933|Jardines de San Pablo|Condominio|Tultitlán|México|Tultitlán de Mariano Escobedo|54931|15|54931|10|109|3342|Urbano|16
54933|Parque de San Pablo|Condominio|Tultitlán|México|Tultitlán de Mariano Escobedo|54931|15|54931|10|109|3343|Urbano|16
54933|Verde Claro|Condominio|Tultitlán|México|Tultitlán de Mariano Escobedo|54931|15|54931|10|109|3344|Urbano|16
54933|Lote 93 (Amalia)|Condominio|Tultitlán|México|Tultitlán de Mariano Escobedo|54931|15|54931|10|109|4882|Urbano|16
54933|El Campanario|Condominio|Tultitlán|México|Tultitlán de Mariano Escobedo|54931|15|54931|10|109|4883|Urbano|16
54933|Plaza Jardines|Fraccionamiento|Tultitlán|México|Tultitlán de Mariano Escobedo|54931|15|54931|21|109|4884|Urbano|16
54933|Residencial La Esperanza|Condominio|Tultitlán|México|Tultitlán de Mariano Escobedo|54931|15|54931|10|109|4912|Urbano|16
54934|El Rocío|Condominio|Tultitlán|México|Tultitlán de Mariano Escobedo|54931|15|54931|10|109|3345|Urbano|16
54934|Gustavo Baz|Condominio|Tultitlán|México|Tultitlán de Mariano Escobedo|54931|15|54931|10|109|3346|Urbano|16
54934|Prados Sección A|Conjunto habitacional|Tultitlán|México|Tultitlán de Mariano Escobedo|54931|15|54931|12|109|3347|Urbano|16
54935|Casas Alfa|Unidad habitacional|Tultitlán|México|Tultitlán de Mariano Escobedo|54931|15|54931|31|109|3348|Urbano|16
54935|Casitas San Pablo|Condominio|Tultitlán|México|Tultitlán de Mariano Escobedo|54931|15|54931|10|109|3349|Urbano|16
54935|Jardines de los Claustros I|Fraccionamiento|Tultitlán|México|Tultitlán de Mariano Escobedo|54931|15|54931|21|109|3351|Urbano|16
54935|Jardines de los Claustros II|Fraccionamiento|Tultitlán|México|Tultitlán de Mariano Escobedo|54931|15|54931|21|109|3352|Urbano|16
54935|Alborada II|Fraccionamiento|Tultitlán|México|Tultitlán de Mariano Escobedo|54931|15|54931|21|109|3353|Urbano|16
54935|La Isla|Condominio|Tultitlán|México|Tultitlán de Mariano Escobedo|54931|15|54931|10|109|3354|Urbano|16
54935|Unidad Morelos 3ra. Sección|Fraccionamiento|Tultitlán|México|Tultitlán de Mariano Escobedo|54931|15|54931|21|109|3355|Urbano|16
54935|Residencial Morelos|Condominio|Tultitlán|México|Tultitlán de Mariano Escobedo|54931|15|54931|10|109|3356|Urbano|16
54935|Lote 84 (Las Adelas)|Condominio|Tultitlán|México|Tultitlán de Mariano Escobedo|54931|15|54931|10|109|4885|Urbano|16
54935|Lote 82 (Guillermo González C.)|Condominio|Tultitlán|México|Tultitlán de Mariano Escobedo|54931|15|54931|10|109|4886|Urbano|16
54935|El Faro (Lote 3 Pte.)|Condominio|Tultitlán|México|Tultitlán de Mariano Escobedo|54931|15|54931|10|109|4905|Urbano|16
54935|Conjunto San Pablo|Condominio|Tultitlán|México|Tultitlán de Mariano Escobedo|54931|15|54931|10|109|6348|Urbano|16
54935|Lote 52 (Torres Tultitlán)|Condominio|Tultitlán|México|Tultitlán de Mariano Escobedo|54931|15|54931|10|109|6350|Urbano|16
54935|Las Calderas|Colonia|Tultitlán|México|Tultitlán de Mariano Escobedo|54931|15|54931|09|109|6351|Urbano|16
54935|Portal San Pablo|Condominio|Tultitlán|México|Tultitlán de Mariano Escobedo|54931|15|54931|10|109|6357|Urbano|16
54935|Portal San Pablo II|Condominio|Tultitlán|México|Tultitlán de Mariano Escobedo|54931|15|54931|10|109|6358|Urbano|16
54935|Las Almenas|Condominio|Tultitlán|México|Tultitlán de Mariano Escobedo|54931|15|54931|10|109|6360|Urbano|16
54935|Lava 46|Unidad habitacional|Tultitlán|México|Tultitlán de Mariano Escobedo|54931|15|54931|31|109|7932|Urbano|16
54935|Las Fuentes|Condominio|Tultitlán|México|Tultitlán de Mariano Escobedo|54931|15|54931|10|109|7979|Urbano|16
54935|Las Chinampas|Colonia|Tultitlán|México|Tultitlán de Mariano Escobedo|54931|15|54931|09|109|9682|Rural|16
54938|Ampliación San Pablo de las Salinas|Colonia|Tultitlán|México|Tultitlán de Mariano Escobedo|54931|15|54931|09|109|3358|Urbano|16
54938|Lote 64 (Octavio Paz)|Fraccionamiento|Tultitlán|México|Tultitlán de Mariano Escobedo|54931|15|54931|21|109|4887|Urbano|16
54938|Lote 47 (El Reloj Residencial)|Condominio|Tultitlán|México|Tultitlán de Mariano Escobedo|54931|15|54931|10|109|4888|Urbano|16
54938|Lote 48 (El Reloj Cronos)|Condominio|Tultitlán|México|Tultitlán de Mariano Escobedo|54931|15|54931|10|109|4889|Urbano|16
54938|Arboledas (lote 49)|Unidad habitacional|Tultitlán|México|Tultitlán de Mariano Escobedo|54931|15|54931|31|109|4890|Urbano|16
54938|Lote 62 (Juan Rulfo)|Condominio|Tultitlán|México|Tultitlán de Mariano Escobedo|54931|15|54931|10|109|4891|Urbano|16
54938|Arcos I|Condominio|Tultitlán|México|Tultitlán de Mariano Escobedo|54931|15|54931|10|109|4892|Urbano|16
54938|Lote 50 B (Las Laderas)|Condominio|Tultitlán|México|Tultitlán de Mariano Escobedo|54931|15|54931|10|109|4893|Urbano|16
54938|Lote 46 (El Reloj Villas)|Condominio|Tultitlán|México|Tultitlán de Mariano Escobedo|54931|15|54931|10|109|4895|Urbano|16
54938|Lote 63 Conjunto Pilares|Condominio|Tultitlán|México|Tultitlán de Mariano Escobedo|54931|15|54931|10|109|4897|Urbano|16
54938|Lote 50 A|Condominio|Tultitlán|México|Tultitlán de Mariano Escobedo|54931|15|54931|10|109|4898|Urbano|16
54938|Lote 50 D|Condominio|Tultitlán|México|Tultitlán de Mariano Escobedo|54931|15|54931|10|109|4900|Urbano|16
54938|Lote 50 C (Real De Tultitlán)|Condominio|Tultitlán|México|Tultitlán de Mariano Escobedo|54931|15|54931|10|109|4903|Urbano|16
54938|Lote 59 (Torres del Reloj)|Condominio|Tultitlán|México|Tultitlán de Mariano Escobedo|54931|15|54931|10|109|4906|Urbano|16
54938|Lote 76 (El Reloj)|Condominio|Tultitlán|México|Tultitlán de Mariano Escobedo|54931|15|54931|10|109|4908|Urbano|16
54938|El Laurel|Condominio|Tultitlán|México|Tultitlán de Mariano Escobedo|54931|15|54931|10|109|4911|Urbano|16
54938|Villas Tultitlán (Lote 65)|Condominio|Tultitlán|México|Tultitlán de Mariano Escobedo|54931|15|54931|10|109|5126|Urbano|16
54938|Arcos V|Condominio|Tultitlán|México|Tultitlán de Mariano Escobedo|54931|15|54931|10|109|6341|Urbano|16
54938|Arcos IV|Condominio|Tultitlán|México|Tultitlán de Mariano Escobedo|54931|15|54931|10|109|6342|Urbano|16
54938|Arcos III|Condominio|Tultitlán|México|Tultitlán de Mariano Escobedo|54931|15|54931|10|109|6343|Urbano|16
54938|Arcos II|Condominio|Tultitlán|México|Tultitlán de Mariano Escobedo|54931|15|54931|10|109|6344|Urbano|16
54938|Villas Santa Teresita|Condominio|Tultitlán|México|Tultitlán de Mariano Escobedo|54931|15|54931|10|109|6347|Urbano|16
54938|Bonito Tultitlán (lote 60)|Condominio|Tultitlán|México|Tultitlán de Mariano Escobedo|54931|15|54931|10|109|6349|Urbano|16
54938|El Alcázar|Condominio|Tultitlán|México|Tultitlán de Mariano Escobedo|54931|15|54931|10|109|6356|Urbano|16
54938|Arcos VI|Condominio|Tultitlán|México|Tultitlán de Mariano Escobedo|54931|15|54931|10|109|7869|Urbano|16
54939|Paraje San Pablito|Colonia|Tultitlán|México|Tultitlán de Mariano Escobedo|54931|15|54931|09|109|3359|Rural|16
54940|Lechería|Colonia|Tultitlán|México|Tultitlán de Mariano Escobedo|54901|15|54901|09|109|3360|Urbano|16
54940|Corredor Lechería-Cuautitlán|Zona industrial|Tultitlán|México|Tultitlán de Mariano Escobedo|54901|15|54901|37|109|6322|Urbano|16
54942|Benito Juárez|Colonia|Tultitlán|México|Tultitlán de Mariano Escobedo|54901|15|54901|09|109|3362|Urbano|16
54942|La Libertad|Colonia|Tultitlán|México|Tultitlán de Mariano Escobedo|54901|15|54901|09|109|3363|Urbano|16
54942|Ampliación Las Torres Segunda Sección|Colonia|Tultitlán|México|Tultitlán de Mariano Escobedo|54901|15|54901|09|109|3364|Urbano|16
54942|Las Torres I|Colonia|Tultitlán|México|Tultitlán de Mariano Escobedo|54901|15|54901|09|109|6314|Urbano|16
54943|Ciudad Labor|Fraccionamiento|Tultitlán|México|Tultitlán de Mariano Escobedo|54901|15|54901|21|109|3366|Urbano|16
54943|Ojo de Agua Primera Sección|Colonia|Tultitlán|México|Tultitlán de Mariano Escobedo|54901|15|54901|09|109|3367|Urbano|16
54943|Ojo de Agua Segunda Sección|Colonia|Tultitlán|México|Tultitlán de Mariano Escobedo|54901|15|54901|09|109|6312|Urbano|16
54944|San Francisco Chilpan|Pueblo|Tultitlán|México|Tultitlán de Mariano Escobedo|54901|15|54901|28|109|3361|Urbano|16
54944|Buenavista Parte Alta|Colonia|Tultitlán|México|Tultitlán de Mariano Escobedo|54901|15|54901|09|109|3368|Urbano|16
54944|El Fresno|Colonia|Tultitlán|México|Tultitlán de Mariano Escobedo|54901|15|54901|09|109|3369|Urbano|16
54944|La Joya|Colonia|Tultitlán|México|Tultitlán de Mariano Escobedo|54901|15|54901|09|109|3370|Urbano|16
54944|La Loma I|Condominio|Tultitlán|México|Tultitlán de Mariano Escobedo|54901|15|54901|10|109|3371|Urbano|16
54944|Villas de San Francisco Chilpan|Fraccionamiento|Tultitlán|México|Tultitlán de Mariano Escobedo|54901|15|54901|21|109|4721|Urbano|16
54944|Santa Clara|Colonia|Tultitlán|México|Tultitlán de Mariano Escobedo|54901|15|54901|09|109|5572|Urbano|16
54944|Buenavista Parte Baja|Colonia|Tultitlán|México|Tultitlán de Mariano Escobedo|54901|15|54901|09|109|6315|Urbano|16
54944|El Golfo|Condominio|Tultitlán|México|Tultitlán de Mariano Escobedo|54901|15|54901|10|109|6316|Urbano|16
54944|Arbolada la Loma|Condominio|Tultitlán|México|Tultitlán de Mariano Escobedo|54901|15|54901|10|109|6317|Urbano|16
54944|La Loma II|Condominio|Tultitlán|México|Tultitlán de Mariano Escobedo|54901|15|54901|10|109|6318|Urbano|16
54944|La Loma III|Condominio|Tultitlán|México|Tultitlán de Mariano Escobedo|54901|15|54901|10|109|6319|Urbano|16
54944|Plaza Arbolada la Loma|Condominio|Tultitlán|México|Tultitlán de Mariano Escobedo|54901|15|54901|10|109|6320|Urbano|16
54944|Ampliación El Fresno|Colonia|Tultitlán|México|Tultitlán de Mariano Escobedo|54901|15|54901|09|109|6321|Urbano|16
54944|Conjunto Urbano La Loma|Condominio|Tultitlán|México|Tultitlán de Mariano Escobedo|54901|15|54901|10|109|7933|Urbano|16
54944|Villas de San Francisco II|Condominio|Tultitlán|México|Tultitlán de Mariano Escobedo|54901|15|54901|10|109|7936|Urbano|16
54944|Ejido Buenavista|Colonia|Tultitlán|México|Tultitlán de Mariano Escobedo|54901|15|54901|09|109|7952|Urbano|16
54945|Izcalli del Valle|Fraccionamiento|Tultitlán|México|Tultitlán de Mariano Escobedo|54901|15|54901|21|109|3372|Urbano|16
54945|Valle de Tules|Colonia|Tultitlán|México|Tultitlán de Mariano Escobedo|54901|15|54901|09|109|3373|Urbano|16
54945|Nueva Tultitlán|Colonia|Tultitlán|México|Tultitlán de Mariano Escobedo|54901|15|54901|09|109|3384|Urbano|16
54945|Valle Verde|Colonia|Tultitlán|México|Tultitlán de Mariano Escobedo|54901|15|54901|09|109|3389|Urbano|16
54945|Estado de México|Zona industrial|Tultitlán|México|Tultitlán de Mariano Escobedo|54901|15|54901|37|109|6304|Urbano|16
54946|Ferrocarrilera|Colonia|Tultitlán|México|Tultitlán de Mariano Escobedo|54901|15|54901|09|109|3374|Urbano|16
54946|Mariano Escobedo|Colonia|Tultitlán|México|Tultitlán de Mariano Escobedo|54901|15|54901|09|109|3375|Urbano|16
54947|Ejido de San Antonio Tultitlán|Colonia|Tultitlán|México|Tultitlán de Mariano Escobedo|54901|15|54901|09|109|7953|Rural|16
54948|Bello Horizonte|Colonia|Tultitlán|México|Tultitlán de Mariano Escobedo|54901|15|54901|09|109|3376|Urbano|16
54948|San Mateo Cuautepec|Pueblo|Tultitlán|México|Tultitlán de Mariano Escobedo|54901|15|54901|28|109|3378|Urbano|16
54948|Solidaridad 1ra. Sección|Colonia|Tultitlán|México|Tultitlán de Mariano Escobedo|54901|15|54901|09|109|3380|Urbano|16
54948|Real del Bosque|Fraccionamiento|Tultitlán|México|Tultitlán de Mariano Escobedo|54901|15|54901|21|109|4722|Urbano|16
54948|Solidaridad 3ra. Sección|Colonia|Tultitlán|México|Tultitlán de Mariano Escobedo|54901|15|54901|09|109|6328|Urbano|16
54948|Solidaridad 2da. Sección|Colonia|Tultitlán|México|Tultitlán de Mariano Escobedo|54901|15|54901|09|109|6329|Urbano|16
54949|Las Terrazas|Fraccionamiento|Tultitlán|México|Tultitlán de Mariano Escobedo|54901|15|54901|21|109|0001|Urbano|16
54949|Conjunto Brillante|Condominio|Tultitlán|México|Tultitlán de Mariano Escobedo|54901|15|54901|10|109|3381|Urbano|16
54949|Santa María Cuautepec|Pueblo|Tultitlán|México|Tultitlán de Mariano Escobedo|54901|15|54901|28|109|3382|Urbano|16
54949|Mayorazgo de Tultitlán|Condominio|Tultitlán|México|Tultitlán de Mariano Escobedo|54901|15|54901|10|109|6330|Urbano|16
54949|Ejido Santa María Cuautepec|Colonia|Tultitlán|México|Tultitlán de Mariano Escobedo|54901|15|54901|09|109|6331|Urbano|16
54949|Los Sauces|Condominio|Tultitlán|México|Tultitlán de Mariano Escobedo|54901|15|54901|10|109|7955|Urbano|16
54950|La Sardaña|Colonia|Tultitlán|México|Tultitlán de Mariano Escobedo|54901|15|54901|09|109|3383|Urbano|16
54954|Rinconada San Marcos|Colonia|Tultitlán|México|Tultitlán de Mariano Escobedo|54901|15|54901|09|109|3385|Urbano|16
54954|Ampliación San Marcos|Colonia|Tultitlán|México|Tultitlán de Mariano Escobedo|54901|15|54901|09|109|3386|Urbano|16
54955|Ampliación Buenavista|Colonia|Tultitlán|México|Tultitlán de Mariano Escobedo|54901|15|54901|09|109|3388|Urbano|16
54955|Ampliación Buenavista 2da. Sección|Colonia|Tultitlán|México|Tultitlán de Mariano Escobedo|54901|15|54901|09|109|6305|Urbano|16
54955|Ampliación Buenavista 1ra. Sección|Colonia|Tultitlán|México|Tultitlán de Mariano Escobedo|54901|15|54901|09|109|6306|Urbano|16
54957|El Tesoro|Colonia|Tultitlán|México|Tultitlán de Mariano Escobedo|54901|15|54901|09|109|3390|Urbano|16
54957|Ampliación El Tesoro|Colonia|Tultitlán|México|Tultitlán de Mariano Escobedo|54901|15|54901|09|109|3391|Urbano|16
54957|Sierra de Guadalupe|Colonia|Tultitlán|México|Tultitlán de Mariano Escobedo|54901|15|54901|09|109|3392|Urbano|16
54958|Jardines de la Cañada|Fraccionamiento|Tultitlán|México|Tultitlán de Mariano Escobedo|54901|15|54901|21|109|3393|Urbano|16
54958|Lomas de Cartagena|Fraccionamiento|Tultitlán|México|Tultitlán de Mariano Escobedo|54901|15|54901|21|109|3394|Urbano|16
54958|Lomas del Parque I|Fraccionamiento|Tultitlán|México|Tultitlán de Mariano Escobedo|54901|15|54901|21|109|3395|Urbano|16
54958|Ampliación La Sardaña|Colonia|Tultitlán|México|Tultitlán de Mariano Escobedo|54901|15|54901|09|109|6308|Urbano|16
54958|Los Tulipanes|Condominio|Tultitlán|México|Tultitlán de Mariano Escobedo|54901|15|54901|10|109|6309|Urbano|16
54958|Lomas del Parque III|Fraccionamiento|Tultitlán|México|Tultitlán de Mariano Escobedo|54901|15|54901|21|109|6310|Urbano|16
54958|Lomas del Parque II|Fraccionamiento|Tultitlán|México|Tultitlán de Mariano Escobedo|54901|15|54901|21|109|6311|Urbano|16
54958|FIMESA II (Ampliación la Sardaña)|Colonia|Tultitlán|México|Tultitlán de Mariano Escobedo|54901|15|54901|09|109|7954|Urbano|16
54959|El Paraje|Colonia|Tultitlán|México|Tultitlán de Mariano Escobedo|54901|15|54901|09|109|3396|Urbano|16
54959|Corredor López Portillo|Zona industrial|Tultitlán|México|Tultitlán de Mariano Escobedo|54901|15|54901|37|109|6307|Urbano|16
54959|FIMESA I (El Paraje)|Colonia|Tultitlán|México|Tultitlán de Mariano Escobedo|54901|15|54901|09|109|7937|Urbano|16
54960|San Juan Xocotla|Barrio|Tultepec|México|Santa Maria Tultepec|54969|15|54969|02|108|3397|Urbano|15
54960|Tultepec Centro|Colonia|Tultepec|México|Santa Maria Tultepec|54969|15|54969|09|108|3399|Urbano|15
54960|San Rafael Ixtlahuaca|Barrio|Tultepec|México|Santa Maria Tultepec|54969|15|54969|02|108|5141|Urbano|15
54960|El Carmen|Barrio|Tultepec|México|Santa Maria Tultepec|54969|15|54969|02|108|5501|Urbano|15
54962|Xacopinca|Colonia|Tultepec|México|Santa Maria Tultepec|54969|15|54969|09|108|7856|Urbano|15
54962|Tlamelaca|Colonia|Tultepec|México|Santa Maria Tultepec|54969|15|54969|09|108|7857|Urbano|15
54962|San Pablo Otlica|Colonia|Tultepec|México|Santa Maria Tultepec|54969|15|54969|09|108|7858|Urbano|15
54962|Paraje Trigo Tenco|Colonia|Tultepec|México|Santa Maria Tultepec|54969|15|54969|09|108|7859|Rural|15
54963|San Joaquín|Rancho|Tultepec|México|null|54969|15|54969|48|108|0002|Rural|null
54963|San Martín|Barrio|Tultepec|México|Santa Maria Tultepec|54969|15|54969|02|108|0003|Urbano|15
54963|San Martín El Calvario|Barrio|Tultepec|México|Santa Maria Tultepec|54969|15|54969|02|108|4648|Urbano|15
54963|San Antonio el Cuadro|Barrio|Tultepec|México|Santa Maria Tultepec|54969|15|54969|02|108|5502|Urbano|15
54963|Ejido El Quemado|Colonia|Tultepec|México|Santa Maria Tultepec|54969|15|54969|09|108|7860|Urbano|15
54963|Antigua|Colonia|Tultepec|México|Santa Maria Tultepec|54969|15|54969|09|108|7862|Urbano|15
54963|El Cuquío|Rancho|Tultepec|México|Santa Maria Tultepec|54969|15|54969|48|108|8001|Rural|15
54963|Nodín|Rancho|Tultepec|México|Santa Maria Tultepec|54969|15|54969|48|108|8002|Rural|15
54964|Santa Isabel Nepantla|Barrio|Tultepec|México|Santa Maria Tultepec|54969|15|54969|02|108|4650|Urbano|15
54964|San Miguel Otlica|Colonia|Tultepec|México|Santa Maria Tultepec|54969|15|54969|09|108|4651|Urbano|15
54964|La Cantera|Colonia|Tultepec|México|Santa Maria Tultepec|54969|15|54969|09|108|4652|Urbano|15
54964|Oxtoc|Colonia|Tultepec|México|Santa Maria Tultepec|54969|15|54969|09|108|7849|Urbano|15
54965|México|Colonia|Tultepec|México|Santa Maria Tultepec|54969|15|54969|09|108|3401|Urbano|15
54965|Jardines de Santa Cruz|Colonia|Tultepec|México|Santa Maria Tultepec|54969|15|54969|09|108|4653|Urbano|15
54965|La Morita|Colonia|Tultepec|México|Santa Maria Tultepec|54969|15|54969|09|108|5500|Urbano|15
54965|La Piedad|Barrio|Tultepec|México|Santa Maria Tultepec|54969|15|54969|02|108|5504|Urbano|15
54965|Tepetlixco|Colonia|Tultepec|México|Santa Maria Tultepec|54969|15|54969|09|108|7850|Urbano|15
54965|Santa Rita|Colonia|Tultepec|México|Santa Maria Tultepec|54969|15|54969|09|108|7851|Urbano|15
54965|Emiquía|Colonia|Tultepec|México|Santa Maria Tultepec|54969|15|54969|09|108|7852|Urbano|15
54965|La Cañada|Colonia|Tultepec|México|Santa Maria Tultepec|54969|15|54969|09|108|7853|Urbano|15
54965|Ampliación La Piedad|Colonia|Tultepec|México|Santa Maria Tultepec|54969|15|54969|09|108|8000|Urbano|15
54966|Guadalupe Tlazintla|Barrio|Tultepec|México|Santa Maria Tultepec|54969|15|54969|02|108|5640|Urbano|15
54967|El Mirador|Colonia|Tultepec|México|Santa Maria Tultepec|54969|15|54969|09|108|3403|Urbano|15
54967|La Palma|Colonia|Tultepec|México|Santa Maria Tultepec|54969|15|54969|09|108|7854|Urbano|15
54970|Vicente Suárez|Colonia|Tultepec|México|Santa Maria Tultepec|54969|15|54969|09|108|3406|Urbano|15
54970|Las Brisas|Colonia|Tultepec|México|Santa Maria Tultepec|54969|15|54969|09|108|5124|Urbano|15
54970|Lomas de Tultepec|Colonia|Tultepec|México|Santa Maria Tultepec|54969|15|54969|09|108|5641|Urbano|15
54970|San Marcos|Colonia|Tultepec|México|Santa Maria Tultepec|54969|15|54969|09|108|7855|Urbano|15
54970|Fresnos|Colonia|Tultepec|México|Santa Maria Tultepec|54969|15|54969|09|108|8067|Urbano|15
54972|La Aurora|Colonia|Tultepec|México|Santa Maria Tultepec|54969|15|54969|09|108|8004|Rural|15
54972|El Progreso (Villa Esmeralda)|Colonia|Tultepec|México|Santa Maria Tultepec|54969|15|54969|09|108|9167|Rural|15
54972|La Joya|Colonia|Tultepec|México|Santa Maria Tultepec|54969|15|54969|09|108|9168|Rural|15
54972|Cajiga (Ejido de Tultepec)|Ejido|Tultepec|México|Santa Maria Tultepec|54969|15|54969|15|108|9173|Rural|15
54974|Adoberas|Colonia|Tultepec|México|Santa Maria Tultepec|54969|15|54969|09|108|7999|Urbano|15
54974|La Rinconada|Colonia|Tultepec|México|Santa Maria Tultepec|54969|15|54969|09|108|9170|Rural|15
54975|Amado Nervo|Colonia|Tultepec|México|Santa Maria Tultepec|54969|15|54969|09|108|3408|Urbano|15
54976|San Antonio Xahuento|Colonia|Tultepec|México|Santa Maria Tultepec|54969|15|54969|09|108|3409|Urbano|15
54977|La Saucera|Zona industrial|Tultepec|México|Santa Maria Tultepec|54969|15|54969|37|108|9169|Urbano|15
54980|La Manzana|Barrio|Tultepec|México|Santa Maria Tultepec|54981|15|54981|02|108|0001|Urbano|15
54980|Santiago Teyahualco|Pueblo|Tultepec|México|Santa Maria Tultepec|54981|15|54981|28|108|3412|Urbano|15
54980|Hacienda del Jardín|Fraccionamiento|Tultepec|México|Santa Maria Tultepec|54981|15|54981|21|108|7846|Urbano|15
54980|Villas de Loreto|Colonia|Tultepec|México|Santa Maria Tultepec|54981|15|54981|09|108|7864|Urbano|15
54983|San Pablito (Paraje San Pablito)|Ejido|Tultepec|México|Santa Maria Tultepec|54969|15|54969|15|108|7861|Rural|15
54984|Paseos de Tultepec I|Fraccionamiento|Tultepec|México|Santa Maria Tultepec|54981|15|54981|21|108|6302|Urbano|15
54984|Paseos de Tultepec II|Fraccionamiento|Tultepec|México|Santa Maria Tultepec|54981|15|54981|21|108|6582|Urbano|15
54984|El Bosque Tultepec|Colonia|Tultepec|México|Santa Maria Tultepec|54981|15|54981|09|108|7863|Urbano|15
54984|El Tecompa|Ranchería|Tultepec|México|Santa Maria Tultepec|54981|15|54981|29|108|8003|Urbano|15
54984|La Mitra|Unidad habitacional|Tultepec|México|Santa Maria Tultepec|54981|15|54981|31|108|8005|Urbano|15
54984|El Dorado|Fraccionamiento|Tultepec|México|Santa Maria Tultepec|54981|15|54981|21|108|9171|Urbano|15
54985|INFONAVIT C.T.M. San Pablo Tultepec|Unidad habitacional|Tultepec|México|Santa Maria Tultepec|54981|15|54981|31|108|3416|Urbano|15
54986|Diez de Junio|Colonia|Tultepec|México|Santa Maria Tultepec|54981|15|54981|09|108|7865|Urbano|15
54987|Hacienda Real de Tultepec|Fraccionamiento|Tultepec|México|Santa Maria Tultepec|54981|15|54981|21|108|3418|Urbano|15
54987|Arcos Tultepec|Colonia|Tultepec|México|Santa Maria Tultepec|54981|15|54981|09|108|5503|Urbano|15
54990|Teyahualco|Ejido|Tultepec|México|Santa Maria Tultepec|54981|15|54981|15|108|3419|Rural|15
55000|San Cristóbal Centro|Colonia|Ecatepec de Morelos|México|Ecatepec de Morelos|55031|15|55031|09|033|3420|Urbano|05
55000|Ecatepec Centro|Unidad habitacional|Ecatepec de Morelos|México|Ecatepec de Morelos|55031|15|55031|31|033|3421|Urbano|05
55000|La Cruz de San Cristóbal|Barrio|Ecatepec de Morelos|México|Ecatepec de Morelos|55031|15|55031|02|033|3546|Urbano|05
55010|Bonito Arboledas|Fraccionamiento|Ecatepec de Morelos|México|Ecatepec de Morelos|55031|15|55031|21|033|0001|Urbano|05
55010|Privada de Ecatepec|Fraccionamiento|Ecatepec de Morelos|México|Ecatepec de Morelos|55031|15|55031|21|033|0002|Urbano|05
55010|Los Lirios|Fraccionamiento|Ecatepec de Morelos|México|Ecatepec de Morelos|55031|15|55031|21|033|0003|Urbano|05
55010|Camino Nacional|Fraccionamiento|Ecatepec de Morelos|México|Ecatepec de Morelos|55031|15|55031|21|033|0004|Urbano|05
55010|Laureles Residencial|Fraccionamiento|Ecatepec de Morelos|México|Ecatepec de Morelos|55031|15|55031|21|033|0005|Urbano|05
55010|Guadalupe Victoria|Pueblo|Ecatepec de Morelos|México|Ecatepec de Morelos|55031|15|55031|28|033|3422|Urbano|05
55010|Ampliación Guadalupe Victoria|Colonia|Ecatepec de Morelos|México|Ecatepec de Morelos|55031|15|55031|09|033|3423|Urbano|05
55010|Villa Esmeralda|Conjunto habitacional|Ecatepec de Morelos|México|Ecatepec de Morelos|55031|15|55031|12|033|4761|Urbano|05
55010|Pozo de la Pila|Unidad habitacional|Ecatepec de Morelos|México|Ecatepec de Morelos|55031|15|55031|31|033|4914|Urbano|05
55010|El Progreso de Guadalupe Victoria|Colonia|Ecatepec de Morelos|México|Ecatepec de Morelos|55031|15|55031|09|033|4915|Urbano|05
55010|Rancho Victoria II|Unidad habitacional|Ecatepec de Morelos|México|Ecatepec de Morelos|55031|15|55031|31|033|4916|Urbano|05
55010|Barrio Nuevo Tultitlán|Fraccionamiento|Ecatepec de Morelos|México|Ecatepec de Morelos|55031|15|55031|21|033|4917|Urbano|05
55010|Rancho Victoria|Conjunto habitacional|Ecatepec de Morelos|México|Ecatepec de Morelos|55031|15|55031|12|033|4918|Urbano|05
55010|El Obraje (Diamante)|Colonia|Ecatepec de Morelos|México|Ecatepec de Morelos|55031|15|55031|09|033|6191|Urbano|05
55010|Mathzi II|Colonia|Ecatepec de Morelos|México|Ecatepec de Morelos|55031|15|55031|09|033|6192|Urbano|05
55010|Mathzi I|Colonia|Ecatepec de Morelos|México|Ecatepec de Morelos|55031|15|55031|09|033|6193|Urbano|05
55010|El Diamante|Colonia|Ecatepec de Morelos|México|Ecatepec de Morelos|55031|15|55031|09|033|6194|Urbano|05
55010|Las Piedras|Colonia|Ecatepec de Morelos|México|Ecatepec de Morelos|55031|15|55031|09|033|6195|Urbano|05
55010|El Manchon|Colonia|Ecatepec de Morelos|México|Ecatepec de Morelos|55031|15|55031|09|033|6196|Urbano|05
55010|Bonito las Flores|Conjunto habitacional|Ecatepec de Morelos|México|Ecatepec de Morelos|55031|15|55031|12|033|6197|Urbano|05
55010|Mathzi III|Colonia|Ecatepec de Morelos|México|Ecatepec de Morelos|55031|15|55031|09|033|6198|Urbano|05
55014|Parque Residencial Coacalco|Fraccionamiento|Ecatepec de Morelos|México|Ecatepec de Morelos|55701|15|55701|21|033|3429|Urbano|05
55016|La Joya|Colonia|Ecatepec de Morelos|México|Ecatepec de Morelos|55031|15|55031|09|033|3426|Urbano|05
55016|Tío Marin|Unidad habitacional|Ecatepec de Morelos|México|Ecatepec de Morelos|55031|15|55031|31|033|6199|Urbano|05
55016|Guadalupe Victoria|Unidad habitacional|Ecatepec de Morelos|México|Ecatepec de Morelos|55031|15|55031|31|033|6200|Urbano|05
55016|Tía Joaquina|Unidad habitacional|Ecatepec de Morelos|México|Ecatepec de Morelos|55031|15|55031|31|033|6201|Urbano|05
55016|Villas de la Joya|Unidad habitacional|Ecatepec de Morelos|México|Ecatepec de Morelos|55031|15|55031|31|033|6203|Urbano|05
55016|Torres de Altavista|Unidad habitacional|Ecatepec de Morelos|México|Ecatepec de Morelos|55031|15|55031|31|033|6204|Urbano|05
55016|Mesa de los Leones|Colonia|Ecatepec de Morelos|México|Ecatepec de Morelos|55031|15|55031|09|033|7984|Rural|05
55017|El Tejocote|Colonia|Ecatepec de Morelos|México|Ecatepec de Morelos|55031|15|55031|09|033|3427|Urbano|05
55018|El Capulín|Fraccionamiento|Ecatepec de Morelos|México|Ecatepec de Morelos|55031|15|55031|21|033|0006|Urbano|05
55018|FOVISSSTE (José María Morelos y Pavón)|Unidad habitacional|Ecatepec de Morelos|México|Ecatepec de Morelos|55031|15|55031|31|033|3428|Urbano|05
55018|Granja el Rosal|Fraccionamiento|Ecatepec de Morelos|México|Ecatepec de Morelos|55031|15|55031|21|033|4750|Urbano|05
55018|Ecatepec 2000|Unidad habitacional|Ecatepec de Morelos|México|Ecatepec de Morelos|55031|15|55031|31|033|4758|Urbano|05
55018|San Carlos|Unidad habitacional|Ecatepec de Morelos|México|Ecatepec de Morelos|55031|15|55031|31|033|4759|Urbano|05
55020|La Monera|Colonia|Ecatepec de Morelos|México|Ecatepec de Morelos|55031|15|55031|09|033|0019|Urbano|05
55020|Misión de los 40|Unidad habitacional|Ecatepec de Morelos|México|Ecatepec de Morelos|55031|15|55031|31|033|0088|Urbano|05
55020|Panitzin|Colonia|Ecatepec de Morelos|México|Ecatepec de Morelos|55031|15|55031|09|033|0095|Urbano|05
55020|Sergio Méndez Arceo|Unidad habitacional|Ecatepec de Morelos|México|Ecatepec de Morelos|55031|15|55031|31|033|0126|Urbano|05
55020|Boulevares de San Cristóbal|Fraccionamiento|Ecatepec de Morelos|México|Ecatepec de Morelos|55031|15|55031|21|033|3430|Urbano|05
55020|El Calvario|Barrio|Ecatepec de Morelos|México|Ecatepec de Morelos|55031|15|55031|02|033|3432|Urbano|05
55020|Boulevares la Nacional|Fraccionamiento|Ecatepec de Morelos|México|Ecatepec de Morelos|55031|15|55031|21|033|3433|Urbano|05
55020|Tierra Blanca|Colonia|Ecatepec de Morelos|México|Ecatepec de Morelos|55031|15|55031|09|033|3434|Urbano|05
55020|Ex-Hacienda Jauregui|Colonia|Ecatepec de Morelos|México|Ecatepec de Morelos|55031|15|55031|09|033|4805|Urbano|05
55020|La Monera|Unidad habitacional|Ecatepec de Morelos|México|Ecatepec de Morelos|55031|15|55031|31|033|4807|Urbano|05
55020|Magisterial 2000|Unidad habitacional|Ecatepec de Morelos|México|Ecatepec de Morelos|55031|15|55031|31|033|4924|Urbano|05
55020|10 de Abril|Colonia|Ecatepec de Morelos|México|Ecatepec de Morelos|55031|15|55031|09|033|4925|Urbano|05
55020|Bosques de San Javier|Conjunto habitacional|Ecatepec de Morelos|México|Ecatepec de Morelos|55031|15|55031|12|033|4928|Urbano|05
55020|El Terremote|Fraccionamiento|Ecatepec de Morelos|México|Ecatepec de Morelos|55031|15|55031|21|033|6205|Urbano|05
55020|Martell|Fraccionamiento|Ecatepec de Morelos|México|Ecatepec de Morelos|55031|15|55031|21|033|6206|Urbano|05
55020|Bursaab|Fraccionamiento|Ecatepec de Morelos|México|Ecatepec de Morelos|55031|15|55031|21|033|6207|Urbano|05
55020|Plazas Ecatepec|Fraccionamiento|Ecatepec de Morelos|México|Ecatepec de Morelos|55031|15|55031|21|033|6208|Urbano|05
55020|Residencial San Cristóbal|Fraccionamiento|Ecatepec de Morelos|México|Ecatepec de Morelos|55031|15|55031|21|033|7981|Urbano|05
55020|Tierra Blanca Segunda Sección (Ejido Ecatepec)|Colonia|Ecatepec de Morelos|México|Ecatepec de Morelos|55031|15|55031|09|033|8775|Urbano|05
55023|Los Héroes Ecatepec Sección I|Fraccionamiento|Ecatepec de Morelos|México|Ecatepec de Morelos|55031|15|55031|21|033|4710|Urbano|05
55023|Los Héroes Ecatepec Sección III|Fraccionamiento|Ecatepec de Morelos|México|Ecatepec de Morelos|55031|15|55031|21|033|4808|Urbano|05
55023|Los Héroes Ecatepec Sección II|Fraccionamiento|Ecatepec de Morelos|México|Ecatepec de Morelos|55031|15|55031|21|033|4809|Urbano|05
55023|Los Héroes Ecatepec Sección IV|Fraccionamiento|Ecatepec de Morelos|México|Ecatepec de Morelos|55031|15|55031|21|033|4810|Urbano|05
55024|Ejidos de San Cristóbal|Colonia|Ecatepec de Morelos|México|Ecatepec de Morelos|55031|15|55031|09|033|0032|Urbano|05
55024|El Carmen|Colonia|Ecatepec de Morelos|México|Ecatepec de Morelos|55031|15|55031|09|033|0036|Urbano|05
55024|Ejidal Emiliano Zapata|Colonia|Ecatepec de Morelos|México|Ecatepec de Morelos|55031|15|55031|09|033|3435|Urbano|05
55025|San Benjamin|Fraccionamiento|Ecatepec de Morelos|México|Ecatepec de Morelos|55031|15|55031|21|033|3440|Urbano|05
55025|Santa Águeda|Fraccionamiento|Ecatepec de Morelos|México|Ecatepec de Morelos|55031|15|55031|21|033|3441|Urbano|05
55025|Los Sauces|Colonia|Ecatepec de Morelos|México|Ecatepec de Morelos|55031|15|55031|09|033|4929|Urbano|05
55025|Galaxia Ecatepec|Unidad habitacional|Ecatepec de Morelos|México|Ecatepec de Morelos|55031|15|55031|31|033|4930|Urbano|05
55025|Ampliación el Carmen|Colonia|Ecatepec de Morelos|México|Ecatepec de Morelos|55031|15|55031|09|033|5078|Urbano|05
55027|El Árbol|Colonia|Ecatepec de Morelos|México|Ecatepec de Morelos|55031|15|55031|09|033|3443|Urbano|05
55027|La Huerta|Colonia|Ecatepec de Morelos|México|Ecatepec de Morelos|55031|15|55031|09|033|4920|Urbano|05
55028|Vista Hermosa|Colonia|Ecatepec de Morelos|México|Ecatepec de Morelos|55031|15|55031|09|033|3444|Urbano|05
55029|Granjas Ecatepec 1a Sección|Colonia|Ecatepec de Morelos|México|Ecatepec de Morelos|55031|15|55031|09|033|3446|Urbano|05
55029|Granjas Ecatepec 2a Sección|Colonia|Ecatepec de Morelos|México|Ecatepec de Morelos|55031|15|55031|09|033|3447|Urbano|05
55029|Ehécatl (Paseos de Ecatepec)|Unidad habitacional|Ecatepec de Morelos|México|Ecatepec de Morelos|55031|15|55031|31|033|4751|Urbano|05
55029|Ejidos de San Andrés|Colonia|Ecatepec de Morelos|México|Ecatepec de Morelos|55031|15|55031|09|033|4752|Urbano|05
55029|San Francisco de Asís|Colonia|Ecatepec de Morelos|México|Ecatepec de Morelos|55031|15|55031|09|033|4754|Urbano|05
55029|Laguna del Rey|Colonia|Ecatepec de Morelos|México|Ecatepec de Morelos|55031|15|55031|09|033|4755|Urbano|05
55029|Luis Donaldo Colosio|Colonia|Ecatepec de Morelos|México|Ecatepec de Morelos|55031|15|55031|09|033|4756|Urbano|05
55029|Potrero de Rey|Colonia|Ecatepec de Morelos|México|Ecatepec de Morelos|55031|15|55031|09|033|4760|Urbano|05
55029|Abel Martínez Montañez|Fraccionamiento|Ecatepec de Morelos|México|Ecatepec de Morelos|55031|15|55031|21|033|5077|Urbano|05
55029|Playa Golondrinas|Colonia|Ecatepec de Morelos|México|Ecatepec de Morelos|55031|15|55031|09|033|6187|Urbano|05
55029|Golondrinas|Colonia|Ecatepec de Morelos|México|Ecatepec de Morelos|55031|15|55031|09|033|6188|Urbano|05
55029|Independencia|Colonia|Ecatepec de Morelos|México|Ecatepec de Morelos|55031|15|55031|09|033|6189|Urbano|05
55030|Colinas de Ecatepec|Conjunto habitacional|Ecatepec de Morelos|México|Ecatepec de Morelos|55031|15|55031|12|033|0017|Urbano|05
55030|Chula Vista|Colonia|Ecatepec de Morelos|México|Ecatepec de Morelos|55031|15|55031|09|033|0025|Urbano|05
55030|Doce de Diciembre|Barrio|Ecatepec de Morelos|México|Ecatepec de Morelos|55031|15|55031|02|033|3448|Urbano|05
55030|Tata Félix|Colonia|Ecatepec de Morelos|México|Ecatepec de Morelos|55031|15|55031|09|033|3449|Urbano|05
55030|Hogares Marla|Fraccionamiento|Ecatepec de Morelos|México|Ecatepec de Morelos|55031|15|55031|21|033|3450|Urbano|05
55030|Izcalli Ecatepec|Unidad habitacional|Ecatepec de Morelos|México|Ecatepec de Morelos|55031|15|55031|31|033|3451|Urbano|05
55030|Ampliación Izcalli Ecatepec Tata Félix|Fraccionamiento|Ecatepec de Morelos|México|Ecatepec de Morelos|55031|15|55031|21|033|3452|Urbano|05
55030|La Curiela|Barrio|Ecatepec de Morelos|México|Ecatepec de Morelos|55031|15|55031|02|033|3453|Urbano|05
55030|La Mora|Barrio|Ecatepec de Morelos|México|Ecatepec de Morelos|55031|15|55031|02|033|3454|Urbano|05
55036|La Panorámica|Colonia|Ecatepec de Morelos|México|Ecatepec de Morelos|55031|15|55031|09|033|3457|Urbano|05
55037|El Capulín|Barrio|Ecatepec de Morelos|México|Ecatepec de Morelos|55031|15|55031|02|033|3458|Urbano|05
55038|Floresta|Fraccionamiento|Ecatepec de Morelos|México|Ecatepec de Morelos|55031|15|55031|21|033|3460|Urbano|05
55039|La Palma II|Fraccionamiento|Ecatepec de Morelos|México|Ecatepec de Morelos|55031|15|55031|21|033|4932|Urbano|05
55039|La Palma I|Fraccionamiento|Ecatepec de Morelos|México|Ecatepec de Morelos|55031|15|55031|21|033|4933|Urbano|05
55040|Álamos de San Cristóbal|Fraccionamiento|Ecatepec de Morelos|México|Ecatepec de Morelos|55031|15|55031|21|033|3464|Urbano|05
55040|Boulevares Impala|Fraccionamiento|Ecatepec de Morelos|México|Ecatepec de Morelos|55031|15|55031|21|033|3465|Urbano|05
55040|Casas Coloniales Morelos|Fraccionamiento|Ecatepec de Morelos|México|Ecatepec de Morelos|55031|15|55031|21|033|3466|Urbano|05
55040|Fuentes de San Cristóbal|Fraccionamiento|Ecatepec de Morelos|México|Ecatepec de Morelos|55031|15|55031|21|033|3467|Urbano|05
55040|Hogares Mexicanos|Unidad habitacional|Ecatepec de Morelos|México|Ecatepec de Morelos|55031|15|55031|31|033|3469|Urbano|05
55040|Jardines de Ecatepec|Fraccionamiento|Ecatepec de Morelos|México|Ecatepec de Morelos|55031|15|55031|21|033|3470|Urbano|05
55040|La Propiedad|Fraccionamiento|Ecatepec de Morelos|México|Ecatepec de Morelos|55031|15|55031|21|033|3471|Urbano|05
55040|Renovación Jajalpa|Fraccionamiento|Ecatepec de Morelos|México|Ecatepec de Morelos|55031|15|55031|21|033|3473|Urbano|05
55040|San Juan Alcahuacan|Barrio|Ecatepec de Morelos|México|Ecatepec de Morelos|55031|15|55031|02|033|3474|Urbano|05
55050|El Salado|Colonia|Ecatepec de Morelos|México|Ecatepec de Morelos|55031|15|55031|09|033|0043|Urbano|05
55050|La Pradera|Fraccionamiento|Ecatepec de Morelos|México|Ecatepec de Morelos|55031|15|55031|21|033|0066|Urbano|05
55050|Vivienda del Taxista|Colonia|Ecatepec de Morelos|México|Ecatepec de Morelos|55031|15|55031|09|033|0150|Urbano|05
55050|Adolfo Ruiz Cortines|Colonia|Ecatepec de Morelos|México|Ecatepec de Morelos|55031|15|55031|09|033|3478|Urbano|05
55050|Aquiles Serdán|Colonia|Ecatepec de Morelos|México|Ecatepec de Morelos|55031|15|55031|09|033|3479|Urbano|05
55050|Bosques de Ecatepec|Fraccionamiento|Ecatepec de Morelos|México|Ecatepec de Morelos|55031|15|55031|21|033|3480|Urbano|05
55050|Residencial Fuentes de Ecatepec|Fraccionamiento|Ecatepec de Morelos|México|Ecatepec de Morelos|55031|15|55031|21|033|3481|Urbano|05
55050|Gustavo Baz Prada|Colonia|Ecatepec de Morelos|México|Ecatepec de Morelos|55031|15|55031|09|033|3482|Urbano|05
55050|Izcalli Jardines|Unidad habitacional|Ecatepec de Morelos|México|Ecatepec de Morelos|55031|15|55031|31|033|3483|Urbano|05
55050|Nuevo Diaz Ordaz|Colonia|Ecatepec de Morelos|México|Ecatepec de Morelos|55031|15|55031|09|033|3484|Urbano|05
55050|San Martín de Porres|Colonia|Ecatepec de Morelos|México|Ecatepec de Morelos|55031|15|55031|09|033|3485|Urbano|05
55050|Rinconada San Martín|Unidad habitacional|Ecatepec de Morelos|México|Ecatepec de Morelos|55031|15|55031|31|033|3495|Urbano|05
55050|Hacienda Santa María|Fraccionamiento|Ecatepec de Morelos|México|Ecatepec de Morelos|55031|15|55031|21|033|4934|Urbano|05
55050|Ex Rancho Jajalpa|Colonia|Ecatepec de Morelos|México|Ecatepec de Morelos|55031|15|55031|09|033|6223|Urbano|05
55050|Rancho Jajalpa|Colonia|Ecatepec de Morelos|México|Ecatepec de Morelos|55031|15|55031|09|033|6225|Urbano|05
55050|Pirules de Villancico 2a Sección|Unidad habitacional|Ecatepec de Morelos|México|Ecatepec de Morelos|55031|15|55031|31|033|6226|Urbano|05
55055|La Veleta|Unidad habitacional|Ecatepec de Morelos|México|Ecatepec de Morelos|55031|15|55031|31|033|0069|Urbano|05
55055|Jardines de los Báez 1a Sección|Fraccionamiento|Ecatepec de Morelos|México|Ecatepec de Morelos|55031|15|55031|21|033|3487|Urbano|05
55055|Jardines de los Báez 2a Sección|Fraccionamiento|Ecatepec de Morelos|México|Ecatepec de Morelos|55031|15|55031|21|033|3488|Urbano|05
55055|Jardines de los Báez 3a Sección|Fraccionamiento|Ecatepec de Morelos|México|Ecatepec de Morelos|55031|15|55031|21|033|3489|Urbano|05
55055|Llano de los Báez|Unidad habitacional|Ecatepec de Morelos|México|Ecatepec de Morelos|55031|15|55031|31|033|3490|Urbano|05
55055|Llano de los Báez|Colonia|Ecatepec de Morelos|México|Ecatepec de Morelos|55031|15|55031|09|033|3491|Urbano|05
55055|Ampliación Llano de los Báez Sección Izcalli|Colonia|Ecatepec de Morelos|México|Ecatepec de Morelos|55031|15|55031|09|033|3492|Urbano|05
55055|Jubilados y Pensionados|Colonia|Ecatepec de Morelos|México|Ecatepec de Morelos|55031|15|55031|09|033|4787|Urbano|05
55055|El Sol de Ecatepec|Colonia|Ecatepec de Morelos|México|Ecatepec de Morelos|55031|15|55031|09|033|6216|Urbano|05
55056|Villas de Ecatepec|Fraccionamiento|Ecatepec de Morelos|México|Ecatepec de Morelos|55031|15|55031|21|033|3494|Urbano|05
55059|Pirules de Villancico 1a Sección|Unidad habitacional|Ecatepec de Morelos|México|Ecatepec de Morelos|55031|15|55031|31|033|3496|Urbano|05
55060|Venta de Carpio|Fraccionamiento|Ecatepec de Morelos|México|Ecatepec de Morelos|55031|15|55031|21|033|3497|Urbano|05
55060|La Guadalupana|Fraccionamiento|Ecatepec de Morelos|México|Ecatepec de Morelos|55031|15|55031|21|033|4788|Urbano|05
55060|Los Héroes Ecatepec Sección V|Fraccionamiento|Ecatepec de Morelos|México|Ecatepec de Morelos|55031|15|55031|21|033|4812|Urbano|05
55060|Privadas de Ecatepec|Unidad habitacional|Ecatepec de Morelos|México|Ecatepec de Morelos|55031|15|55031|31|033|6293|Urbano|05
55063|Ciudad Cuauhtémoc Sección Chiconautla 3000|Colonia|Ecatepec de Morelos|México|Ecatepec de Morelos|55031|15|55031|09|033|3499|Urbano|05
55064|Ciudad Cuauhtémoc Sección Nopalera I y II|Colonia|Ecatepec de Morelos|México|Ecatepec de Morelos|55031|15|55031|09|033|3500|Urbano|05
55064|San Isidro Atlautenco|Pueblo|Ecatepec de Morelos|México|Ecatepec de Morelos|55031|15|55031|28|033|3501|Urbano|05
55064|Ampliación San Isidro Atlautenco|Colonia|Ecatepec de Morelos|México|Ecatepec de Morelos|55031|15|55031|09|033|3502|Urbano|05
55064|San Isidro Atlautenco|Fraccionamiento|Ecatepec de Morelos|México|Ecatepec de Morelos|55031|15|55031|21|033|4782|Urbano|05
55064|Vistas de Ecatepec (Sección B)|Fraccionamiento|Ecatepec de Morelos|México|Ecatepec de Morelos|55031|15|55031|21|033|4792|Urbano|05
55064|La Venta (La Guadalupana)|Fraccionamiento|Ecatepec de Morelos|México|Ecatepec de Morelos|55031|15|55031|21|033|6213|Urbano|05
55064|Vistas de Ecatepec (Sección A)|Fraccionamiento|Ecatepec de Morelos|México|Ecatepec de Morelos|55031|15|55031|21|033|6286|Urbano|05
55064|Joyas de Atlautenco|Unidad habitacional|Ecatepec de Morelos|México|Ecatepec de Morelos|55031|15|55031|31|033|6301|Urbano|05
55065|Santa Cruz Venta de Carpio|Barrio|Ecatepec de Morelos|México|Ecatepec de Morelos|55031|15|55031|02|033|3503|Urbano|05
55066|El Potrero|Fraccionamiento|Ecatepec de Morelos|México|Ecatepec de Morelos|55031|15|55031|21|033|0040|Urbano|05
55066|Terremote|Barrio|Ecatepec de Morelos|México|Ecatepec de Morelos|55031|15|55031|02|033|0044|Urbano|05
55066|Pirules de Bayisco|Colonia|Ecatepec de Morelos|México|Ecatepec de Morelos|55031|15|55031|09|033|0102|Urbano|05
55066|Casas Reales|Colonia|Ecatepec de Morelos|México|Ecatepec de Morelos|55031|15|55031|09|033|3504|Urbano|05
55066|Las Brisas|Colonia|Ecatepec de Morelos|México|Ecatepec de Morelos|55031|15|55031|09|033|3505|Urbano|05
55066|Santa María Chiconautla|Pueblo|Ecatepec de Morelos|México|Ecatepec de Morelos|55031|15|55031|28|033|3507|Urbano|05
55066|Santo Tomás Chiconautla|Pueblo|Ecatepec de Morelos|México|Ecatepec de Morelos|55031|15|55031|28|033|3522|Urbano|05
55066|Zopilocalco|Colonia|Ecatepec de Morelos|México|Ecatepec de Morelos|55031|15|55031|09|033|4794|Urbano|05
55066|Bosques de Santo Tomás|Fraccionamiento|Ecatepec de Morelos|México|Ecatepec de Morelos|55031|15|55031|21|033|6288|Urbano|05
55066|Portal Chiconautla|Unidad habitacional|Ecatepec de Morelos|México|Ecatepec de Morelos|55031|15|55031|31|033|6294|Urbano|05
55066|Campo Santo|Colonia|Ecatepec de Morelos|México|Ecatepec de Morelos|55031|15|55031|09|033|6295|Urbano|05
55066|Los Ídolos|Fraccionamiento|Ecatepec de Morelos|México|Ecatepec de Morelos|55031|15|55031|21|033|6296|Urbano|05
55066|Jaime Salvador|Colonia|Ecatepec de Morelos|México|Ecatepec de Morelos|55031|15|55031|09|033|6297|Urbano|05
55066|La Cerca|Colonia|Ecatepec de Morelos|México|Ecatepec de Morelos|55031|15|55031|09|033|6298|Urbano|05
55066|La Preciosa|Colonia|Ecatepec de Morelos|México|Ecatepec de Morelos|55031|15|55031|09|033|6299|Urbano|05
55066|México Nuevo|Colonia|Ecatepec de Morelos|México|Ecatepec de Morelos|55031|15|55031|09|033|6300|Urbano|05
55067|Ciudad Cuauhtémoc Sección Geo 2000|Colonia|Ecatepec de Morelos|México|Ecatepec de Morelos|55031|15|55031|09|033|0050|Urbano|05
55067|Ciudad Cuauhtémoc Sección Tepoztlaco|Colonia|Ecatepec de Morelos|México|Ecatepec de Morelos|55031|15|55031|09|033|0133|Urbano|05
55067|Ciudad Cuauhtémoc Sección Cuitlahuac|Colonia|Ecatepec de Morelos|México|Ecatepec de Morelos|55031|15|55031|09|033|3510|Urbano|05
55067|Ciudad Cuauhtémoc Sección Embajada|Colonia|Ecatepec de Morelos|México|Ecatepec de Morelos|55031|15|55031|09|033|3511|Urbano|05
55067|Ciudad Cuauhtémoc Sección Moctezuma|Colonia|Ecatepec de Morelos|México|Ecatepec de Morelos|55031|15|55031|09|033|3513|Urbano|05
55067|Ciudad Cuauhtémoc Sección Quetzalcoatl|Colonia|Ecatepec de Morelos|México|Ecatepec de Morelos|55031|15|55031|09|033|3514|Urbano|05
55067|Ciudad Cuauhtémoc Sección Tizoc|Colonia|Ecatepec de Morelos|México|Ecatepec de Morelos|55031|15|55031|09|033|3516|Urbano|05
55067|Ciudad Cuauhtémoc Sección Tonatiuh|Colonia|Ecatepec de Morelos|México|Ecatepec de Morelos|55031|15|55031|09|033|3518|Urbano|05
55067|Ciudad Cuauhtémoc Sección Xochiquetzal|Colonia|Ecatepec de Morelos|México|Ecatepec de Morelos|55031|15|55031|09|033|3519|Urbano|05
55067|Los Llanetes|Fraccionamiento|Ecatepec de Morelos|México|Ecatepec de Morelos|55031|15|55031|21|033|4777|Urbano|05
55067|Coyometla|Colonia|Ecatepec de Morelos|México|Ecatepec de Morelos|55031|15|55031|09|033|4789|Urbano|05
55067|Niños Héroes|Colonia|Ecatepec de Morelos|México|Ecatepec de Morelos|55031|15|55031|09|033|4790|Urbano|05
55067|Ciudad Cuauhtémoc Sección Tlaloc|Colonia|Ecatepec de Morelos|México|Ecatepec de Morelos|55031|15|55031|09|033|4943|Urbano|05
55067|La Fortaleza|Unidad habitacional|Ecatepec de Morelos|México|Ecatepec de Morelos|55031|15|55031|31|033|6275|Urbano|05
55067|Moneda de 100 Pesos|Fraccionamiento|Ecatepec de Morelos|México|Ecatepec de Morelos|55031|15|55031|21|033|6280|Urbano|05
55067|Tepetzingo el Chico|Colonia|Ecatepec de Morelos|México|Ecatepec de Morelos|55031|15|55031|09|033|6282|Urbano|05
55067|Ciudad Cuauhtémoc Sección Tepetzingo|Colonia|Ecatepec de Morelos|México|Ecatepec de Morelos|55031|15|55031|09|033|6283|Urbano|05
55067|C.T.M. Guadalupana|Fraccionamiento|Ecatepec de Morelos|México|Ecatepec de Morelos|55031|15|55031|21|033|6284|Urbano|05
55067|Tepopotla|Colonia|Ecatepec de Morelos|México|Ecatepec de Morelos|55031|15|55031|09|033|6285|Urbano|05
55067|El Hoyo del Tepetate|Colonia|Ecatepec de Morelos|México|Ecatepec de Morelos|55031|15|55031|09|033|6287|Urbano|05
55068|Santo Tomás Chiconautla|Ejido|Ecatepec de Morelos|México|Ecatepec de Morelos|55031|15|55031|15|033|3520|Urbano|05
55068|El Hoyo|Fraccionamiento|Ecatepec de Morelos|México|Ecatepec de Morelos|55031|15|55031|21|033|6289|Urbano|05
55068|Ignacio Pichardo Pagaza|Colonia|Ecatepec de Morelos|México|Ecatepec de Morelos|55031|15|55031|09|033|6290|Urbano|05
55068|El Mirador|Fraccionamiento|Ecatepec de Morelos|México|Ecatepec de Morelos|55031|15|55031|21|033|6292|Urbano|05
55069|La Preciosa|Colonia|Ecatepec de Morelos|México|Ecatepec de Morelos|55031|15|55031|09|033|3521|Urbano|05
55069|Los Pajaritos|Colonia|Ecatepec de Morelos|México|Ecatepec de Morelos|55031|15|55031|09|033|5081|Urbano|05
55069|La Garita|Colonia|Ecatepec de Morelos|México|Ecatepec de Morelos|55031|15|55031|09|033|6272|Urbano|05
55069|La Cerca|Colonia|Ecatepec de Morelos|México|Ecatepec de Morelos|55031|15|55031|09|033|6274|Urbano|05
55070|Carlos Salinas de Gortari|Colonia|Ecatepec de Morelos|México|Ecatepec de Morelos|55031|15|55031|09|033|0015|Urbano|05
55070|Colonial Ecatepec|Fraccionamiento|Ecatepec de Morelos|México|Ecatepec de Morelos|55031|15|55031|21|033|0018|Urbano|05
55070|19 de Septiembre|Colonia|Ecatepec de Morelos|México|Ecatepec de Morelos|55031|15|55031|09|033|0027|Urbano|05
55070|Ampliación 19 de Septiembre|Colonia|Ecatepec de Morelos|México|Ecatepec de Morelos|55031|15|55031|09|033|0028|Urbano|05
55070|Plan de Arroyo|Colonia|Ecatepec de Morelos|México|Ecatepec de Morelos|55031|15|55031|09|033|0103|Urbano|05
55070|Jardines de Morelos Sección Cerros|Fraccionamiento|Ecatepec de Morelos|México|Ecatepec de Morelos|55031|15|55031|21|033|3523|Urbano|05
55070|Jardines de Morelos Sección Elementos|Fraccionamiento|Ecatepec de Morelos|México|Ecatepec de Morelos|55031|15|55031|21|033|3524|Urbano|05
55070|Jardines de Morelos Sección Flores|Fraccionamiento|Ecatepec de Morelos|México|Ecatepec de Morelos|55031|15|55031|21|033|3525|Urbano|05
55070|Jardines de Morelos Sección Fuentes|Fraccionamiento|Ecatepec de Morelos|México|Ecatepec de Morelos|55031|15|55031|21|033|3526|Urbano|05
55070|Jardines de Morelos Sección Islas|Fraccionamiento|Ecatepec de Morelos|México|Ecatepec de Morelos|55031|15|55031|21|033|3527|Urbano|05
55070|Jardines de Morelos Sección Bosques|Fraccionamiento|Ecatepec de Morelos|México|Ecatepec de Morelos|55031|15|55031|21|033|3528|Urbano|05
55070|Jardines de Morelos Sección Lagos|Fraccionamiento|Ecatepec de Morelos|México|Ecatepec de Morelos|55031|15|55031|21|033|3529|Urbano|05
55070|Jardines de Morelos Sección Montes|Fraccionamiento|Ecatepec de Morelos|México|Ecatepec de Morelos|55031|15|55031|21|033|3530|Urbano|05
55070|Jardines de Morelos Sección Playas|Fraccionamiento|Ecatepec de Morelos|México|Ecatepec de Morelos|55031|15|55031|21|033|3531|Urbano|05
55070|Jardines de Morelos Sección Ríos|Fraccionamiento|Ecatepec de Morelos|México|Ecatepec de Morelos|55031|15|55031|21|033|3532|Urbano|05
55070|Llanos de Morelos I|Colonia|Ecatepec de Morelos|México|Ecatepec de Morelos|55031|15|55031|09|033|4781|Urbano|05
55070|Villas del Sol|Fraccionamiento|Ecatepec de Morelos|México|Ecatepec de Morelos|55031|15|55031|21|033|5576|Urbano|05
55070|Llanos de Morelos II|Colonia|Ecatepec de Morelos|México|Ecatepec de Morelos|55031|15|55031|09|033|6218|Urbano|05
55070|Sol II|Colonia|Ecatepec de Morelos|México|Ecatepec de Morelos|55031|15|55031|09|033|6219|Urbano|05
55070|Julia Marin|Fraccionamiento|Ecatepec de Morelos|México|Ecatepec de Morelos|55031|15|55031|21|033|6220|Urbano|05
55070|Profopec (Polígonos VII)|Fraccionamiento|Ecatepec de Morelos|México|Ecatepec de Morelos|55031|15|55031|21|033|6221|Urbano|05
55074|La Purísima|Colonia|Ecatepec de Morelos|México|Ecatepec de Morelos|55031|15|55031|09|033|0067|Urbano|05
55074|Mexicanos Unidos I|Colonia|Ecatepec de Morelos|México|Ecatepec de Morelos|55031|15|55031|09|033|0087|Urbano|05
55074|Playas de San Juan|Colonia|Ecatepec de Morelos|México|Ecatepec de Morelos|55031|15|55031|09|033|0104|Urbano|05
55074|Uprovi|Colonia|Ecatepec de Morelos|México|Ecatepec de Morelos|55031|15|55031|09|033|0143|Urbano|05
55074|Viento Nuevo|Colonia|Ecatepec de Morelos|México|Ecatepec de Morelos|55031|15|55031|09|033|4783|Urbano|05
55074|Los Alcatraces|Fraccionamiento|Ecatepec de Morelos|México|Ecatepec de Morelos|55031|15|55031|21|033|4784|Urbano|05
55074|Los Pinos|Colonia|Ecatepec de Morelos|México|Ecatepec de Morelos|55031|15|55031|09|033|4786|Urbano|05
55074|Ampliación 19 de Septiembre 1A Sección|Colonia|Ecatepec de Morelos|México|Ecatepec de Morelos|55031|15|55031|09|033|6209|Urbano|05
55074|Los Cordeles|Colonia|Ecatepec de Morelos|México|Ecatepec de Morelos|55031|15|55031|09|033|6210|Urbano|05
55074|Mexicanos Unidos II|Colonia|Ecatepec de Morelos|México|Ecatepec de Morelos|55031|15|55031|09|033|6211|Urbano|05
55074|Ejido de Atlautenco|Colonia|Ecatepec de Morelos|México|Ecatepec de Morelos|55031|15|55031|09|033|6212|Urbano|05
55075|Jardines de Morelos 5a Sección|Fraccionamiento|Ecatepec de Morelos|México|Ecatepec de Morelos|55031|15|55031|21|033|3534|Urbano|05
55076|Las Américas|Colonia|Ecatepec de Morelos|México|Ecatepec de Morelos|55031|15|55031|09|033|5836|Urbano|05
55080|Arboledas de San Carlos|Unidad habitacional|Ecatepec de Morelos|México|Ecatepec de Morelos|55031|15|55031|31|033|0007|Urbano|05
55080|Xochicuac I|Colonia|Ecatepec de Morelos|México|Ecatepec de Morelos|55031|15|55031|09|033|0033|Urbano|05
55080|El Bosque|Fraccionamiento|Ecatepec de Morelos|México|Ecatepec de Morelos|55031|15|55031|21|033|3536|Urbano|05
55080|Francisco Villa|Colonia|Ecatepec de Morelos|México|Ecatepec de Morelos|55031|15|55031|09|033|3537|Urbano|05
55080|Jesús Sánchez|Conjunto habitacional|Ecatepec de Morelos|México|Ecatepec de Morelos|55031|15|55031|12|033|3538|Urbano|05
55080|Nuevo Laredo|Fraccionamiento|Ecatepec de Morelos|México|Ecatepec de Morelos|55031|15|55031|21|033|3540|Urbano|05
55080|Xochicuac II|Colonia|Ecatepec de Morelos|México|Ecatepec de Morelos|55031|15|55031|09|033|4800|Urbano|05
55080|Lomas de Ecatepec|Unidad habitacional|Ecatepec de Morelos|México|Ecatepec de Morelos|55031|15|55031|31|033|4801|Urbano|05
55080|Lomas de Atzolco|Colonia|Ecatepec de Morelos|México|Ecatepec de Morelos|55031|15|55031|09|033|5578|Urbano|05
55080|San Carlos|Colonia|Ecatepec de Morelos|México|Ecatepec de Morelos|55031|15|55031|09|033|7980|Urbano|05
55084|El Ranchito|Colonia|Ecatepec de Morelos|México|Ecatepec de Morelos|55031|15|55031|09|033|3542|Urbano|05
55085|Viveros Tulpetlac|Colonia|Ecatepec de Morelos|México|Ecatepec de Morelos|55031|15|55031|09|033|3543|Urbano|05
55087|Lomas de San Carlos Zona Comunal|Colonia|Ecatepec de Morelos|México|Ecatepec de Morelos|55031|15|55031|09|033|3545|Urbano|05
55090|El Potrero|Fraccionamiento|Ecatepec de Morelos|México|Ecatepec de Morelos|55031|15|55031|21|033|0094|Urbano|05
55090|El Arbolito Jajalpa|Colonia|Ecatepec de Morelos|México|Ecatepec de Morelos|55031|15|55031|09|033|3550|Urbano|05
55090|El Jaguey|Fraccionamiento|Ecatepec de Morelos|México|Ecatepec de Morelos|55031|15|55031|21|033|3551|Urbano|05
55090|San José Jajalpa|Colonia|Ecatepec de Morelos|México|Ecatepec de Morelos|55031|15|55031|09|033|3552|Urbano|05
55090|Jajalpa|Unidad habitacional|Ecatepec de Morelos|México|Ecatepec de Morelos|55031|15|55031|31|033|3553|Urbano|05
55090|Las Palmas Ecatepec|Colonia|Ecatepec de Morelos|México|Ecatepec de Morelos|55031|15|55031|09|033|3554|Urbano|05
55090|Los Laureles|Fraccionamiento|Ecatepec de Morelos|México|Ecatepec de Morelos|55031|15|55031|21|033|3555|Urbano|05
55090|Obrera Jajalpa|Colonia|Ecatepec de Morelos|México|Ecatepec de Morelos|55031|15|55031|09|033|3556|Urbano|05
55090|Jajalpa Olímpica|Fraccionamiento|Ecatepec de Morelos|México|Ecatepec de Morelos|55031|15|55031|21|033|3557|Urbano|05
55090|Río Piedras|Fraccionamiento|Ecatepec de Morelos|México|Ecatepec de Morelos|55031|15|55031|21|033|3559|Urbano|05
55090|Bonito Ecatepec|Fraccionamiento|Ecatepec de Morelos|México|Ecatepec de Morelos|55031|15|55031|21|033|4952|Urbano|05
55090|El Pocito|Colonia|Ecatepec de Morelos|México|Ecatepec de Morelos|55031|15|55031|09|033|6227|Urbano|05
55090|Ecatepec 40 Casas|Unidad habitacional|Ecatepec de Morelos|México|Ecatepec de Morelos|55031|15|55031|31|033|6228|Urbano|05
55094|Villas Jajalpa|Fraccionamiento|Ecatepec de Morelos|México|Ecatepec de Morelos|55031|15|55031|21|033|0148|Urbano|05
55095|Jajalpa|Zona industrial|Ecatepec de Morelos|México|Ecatepec de Morelos|55031|15|55031|37|033|3560|Urbano|05
55100|Jardines de Cerro Gordo|Fraccionamiento|Ecatepec de Morelos|México|Ecatepec de Morelos|55121|15|55121|21|033|3562|Urbano|05
55100|Los Reyes Ecatepec|Colonia|Ecatepec de Morelos|México|Ecatepec de Morelos|55121|15|55121|09|033|3563|Urbano|05
55100|Río de Luz|Fraccionamiento|Ecatepec de Morelos|México|Ecatepec de Morelos|55121|15|55121|21|033|3564|Urbano|05
55100|Industrias Ecatepec|Fraccionamiento|Ecatepec de Morelos|México|Ecatepec de Morelos|55121|15|55121|21|033|3565|Urbano|05
55100|Tulpetlac|Conjunto habitacional|Ecatepec de Morelos|México|Ecatepec de Morelos|55121|15|55121|12|033|3567|Urbano|05
55100|Francisco I. Madero|Colonia|Ecatepec de Morelos|México|Ecatepec de Morelos|55121|15|55121|09|033|3570|Urbano|05
55100|Villas 1o de Agosto|Fraccionamiento|Ecatepec de Morelos|México|Ecatepec de Morelos|55121|15|55121|21|033|4954|Urbano|05
55100|Pro Revolución|Fraccionamiento|Ecatepec de Morelos|México|Ecatepec de Morelos|55121|15|55121|21|033|4955|Urbano|05
55100|Viviendas Venta de Carpio|Colonia|Ecatepec de Morelos|México|Ecatepec de Morelos|55121|15|55121|09|033|4956|Urbano|05
55100|Primero de Mayo|Fraccionamiento|Ecatepec de Morelos|México|Ecatepec de Morelos|55121|15|55121|21|033|4958|Urbano|05
55100|Patrimonio Social|Colonia|Ecatepec de Morelos|México|Ecatepec de Morelos|55121|15|55121|09|033|4959|Urbano|05
55100|Villa 1o de Mayo|Unidad habitacional|Ecatepec de Morelos|México|Ecatepec de Morelos|55121|15|55121|31|033|6257|Urbano|05
55104|Granjas Populares Guadalupe Tulpetlac|Colonia|Ecatepec de Morelos|México|Ecatepec de Morelos|55121|15|55121|09|033|3561|Urbano|05
55105|El Paraíso|Colonia|Ecatepec de Morelos|México|Ecatepec de Morelos|55121|15|55121|09|033|3566|Urbano|05
55105|Ignacio L. Vallarta|Colonia|Ecatepec de Morelos|México|Ecatepec de Morelos|55121|15|55121|09|033|5636|Urbano|05
55107|Industrias Tulpetlac|Fraccionamiento|Ecatepec de Morelos|México|Ecatepec de Morelos|55121|15|55121|21|033|3568|Urbano|05
55114|Tolotzin I|Colonia|Ecatepec de Morelos|México|Ecatepec de Morelos|55121|15|55121|09|033|3572|Urbano|05
55115|José María Morelos y Pavón Sagitario X|Colonia|Ecatepec de Morelos|México|Ecatepec de Morelos|55121|15|55121|09|033|3573|Urbano|05
55117|Josefa Ortiz de Domínguez Sagitario VII|Colonia|Ecatepec de Morelos|México|Ecatepec de Morelos|55121|15|55121|09|033|3574|Urbano|05
55118|Alfredo del Mazo|Colonia|Ecatepec de Morelos|México|Ecatepec de Morelos|55121|15|55121|09|033|3577|Urbano|05
55118|Progreso de la Unión|Colonia|Ecatepec de Morelos|México|Ecatepec de Morelos|55121|15|55121|09|033|4775|Urbano|05
55118|Joyas de Ecatepec|Colonia|Ecatepec de Morelos|México|Ecatepec de Morelos|55121|15|55121|09|033|4776|Urbano|05
55118|Colonos de México (Alfredo Torres Martínez)|Colonia|Ecatepec de Morelos|México|Ecatepec de Morelos|55121|15|55121|09|033|5607|Urbano|05
55118|Juan de la Barrera|Colonia|Ecatepec de Morelos|México|Ecatepec de Morelos|55121|15|55121|09|033|5611|Urbano|05
55118|Ampliación Joyas de Ecatepec|Colonia|Ecatepec de Morelos|México|Ecatepec de Morelos|55121|15|55121|09|033|6254|Urbano|05
55118|Sosa Ecatepec|Unidad habitacional|Ecatepec de Morelos|México|Ecatepec de Morelos|55121|15|55121|31|033|6255|Urbano|05
55118|Cuchilla de la Draga|Colonia|Ecatepec de Morelos|México|Ecatepec de Morelos|55121|15|55121|09|033|7839|Urbano|05
55119|El Dique|Colonia|Ecatepec de Morelos|México|Ecatepec de Morelos|55121|15|55121|09|033|0037|Urbano|05
55119|Potrero Chico|Colonia|Ecatepec de Morelos|México|Ecatepec de Morelos|55121|15|55121|09|033|3579|Urbano|05
55119|Valle de Ecatepec Estado de México CTM XIII|Fraccionamiento|Ecatepec de Morelos|México|Ecatepec de Morelos|55121|15|55121|21|033|3580|Urbano|05
55120|Ciudad Azteca Sección Poniente|Fraccionamiento|Ecatepec de Morelos|México|Ecatepec de Morelos|55121|15|55121|21|033|3581|Urbano|05
55120|Ciudad Azteca Sección Oriente|Fraccionamiento|Ecatepec de Morelos|México|Ecatepec de Morelos|55121|15|55121|21|033|5080|Urbano|05
55125|Aldeas de Aragón I|Unidad habitacional|Ecatepec de Morelos|México|Ecatepec de Morelos|55121|15|55121|31|033|3583|Urbano|05
55125|Aldeas de Aragón II|Unidad habitacional|Ecatepec de Morelos|México|Ecatepec de Morelos|55121|15|55121|31|033|6256|Urbano|05
55126|Profopec (Polígono I)|Fraccionamiento|Ecatepec de Morelos|México|Ecatepec de Morelos|55121|15|55121|21|033|3584|Urbano|05
55127|Profopec IV (Polígono IV El Cegor)|Fraccionamiento|Ecatepec de Morelos|México|Ecatepec de Morelos|55121|15|55121|21|033|3585|Urbano|05
55128|José Antonio Torres|Colonia|Ecatepec de Morelos|México|Ecatepec de Morelos|55121|15|55121|09|033|3586|Urbano|05
55129|La Florida (Ciudad Azteca)|Fraccionamiento|Ecatepec de Morelos|México|Ecatepec de Morelos|55121|15|55121|21|033|3587|Urbano|05
55129|Josefa Ortiz de Domínguez|Colonia|Ecatepec de Morelos|México|Ecatepec de Morelos|55121|15|55121|09|033|6258|Urbano|05
55130|Nuevo Paseo de San Agustín|Fraccionamiento|Ecatepec de Morelos|México|Ecatepec de Morelos|55081|15|55081|21|033|3588|Urbano|05
55130|Nuevo Paseo de San Agustín 2a Secc|Fraccionamiento|Ecatepec de Morelos|México|Ecatepec de Morelos|55081|15|55081|21|033|3589|Urbano|05
55130|Nuevo Paseo de San Agustín 3a Sección|Fraccionamiento|Ecatepec de Morelos|México|Ecatepec de Morelos|55081|15|55081|21|033|3590|Urbano|05
55130|Olímpica 68 I|Colonia|Ecatepec de Morelos|México|Ecatepec de Morelos|55081|15|55081|09|033|3593|Urbano|05
55130|Plaza de Santa Clara|Fraccionamiento|Ecatepec de Morelos|México|Ecatepec de Morelos|55081|15|55081|21|033|3595|Urbano|05
55130|Vicente Coss Ramírez|Colonia|Ecatepec de Morelos|México|Ecatepec de Morelos|55081|15|55081|09|033|6260|Urbano|05
55130|Ciudad y Puerto|Unidad habitacional|Ecatepec de Morelos|México|Ecatepec de Morelos|55081|15|55081|31|033|6261|Urbano|05
55130|Nuevo Paseo San Agustín 3a B|Fraccionamiento|Ecatepec de Morelos|México|Ecatepec de Morelos|55081|15|55081|21|033|8144|Urbano|05
55135|Laderas del Peñón|Unidad habitacional|Ecatepec de Morelos|México|Ecatepec de Morelos|55081|15|55081|31|033|3597|Urbano|05
55137|INDECO Santa Clara (Campiñas de Aragón)|Unidad habitacional|Ecatepec de Morelos|México|Ecatepec de Morelos|55081|15|55081|31|033|3598|Urbano|05
55138|Valle de Santiago|Fraccionamiento|Ecatepec de Morelos|México|Ecatepec de Morelos|55081|15|55081|21|033|3599|Urbano|05
55139|Campiñas de Aragón|Colonia|Ecatepec de Morelos|México|Ecatepec de Morelos|55081|15|55081|09|033|3600|Urbano|05
55140|Jardines de Aragón|Fraccionamiento|Ecatepec de Morelos|México|Ecatepec de Morelos|55121|15|55121|21|033|3601|Urbano|05
55140|Rinconada de Aragón|Fraccionamiento|Ecatepec de Morelos|México|Ecatepec de Morelos|55121|15|55121|21|033|3602|Urbano|05
55146|Tolotzin II|Colonia|Ecatepec de Morelos|México|Ecatepec de Morelos|55121|15|55121|09|033|3603|Urbano|05
55147|Los Álamos|Fraccionamiento|Ecatepec de Morelos|México|Ecatepec de Morelos|55121|15|55121|21|033|3604|Urbano|05
55148|Villas de Aragón|Colonia|Ecatepec de Morelos|México|Ecatepec de Morelos|55121|15|55121|09|033|3605|Urbano|05
55148|Alborada de Aragón|Unidad habitacional|Ecatepec de Morelos|México|Ecatepec de Morelos|55121|15|55121|31|033|6259|Urbano|05
55149|Ignacio Allende|Colonia|Ecatepec de Morelos|México|Ecatepec de Morelos|55121|15|55121|09|033|3606|Urbano|05
55158|Profopec (Polígono II)|Fraccionamiento|Ecatepec de Morelos|México|Ecatepec de Morelos|55121|15|55121|21|033|3609|Urbano|05
55170|Central Michoacana|Colonia|Ecatepec de Morelos|México|Ecatepec de Morelos|55121|15|55121|09|033|3611|Urbano|05
55170|16 de Septiembre|Colonia|Ecatepec de Morelos|México|Ecatepec de Morelos|55121|15|55121|09|033|3612|Urbano|05
55170|Sagitario IV|Colonia|Ecatepec de Morelos|México|Ecatepec de Morelos|55121|15|55121|09|033|3613|Urbano|05
55176|Profopec (Polígono V)|Fraccionamiento|Ecatepec de Morelos|México|Ecatepec de Morelos|55121|15|55121|21|033|3614|Urbano|05
55180|México Colonial II|Colonia|Ecatepec de Morelos|México|Ecatepec de Morelos|55121|15|55121|09|033|3618|Urbano|05
55187|Profopec (Polígono III)|Fraccionamiento|Ecatepec de Morelos|México|Ecatepec de Morelos|55121|15|55121|21|033|3619|Urbano|05
55188|México Colonial I|Colonia|Ecatepec de Morelos|México|Ecatepec de Morelos|55121|15|55121|09|033|3620|Urbano|05
55189|Novela Mexicana I|Colonia|Ecatepec de Morelos|México|Ecatepec de Morelos|55121|15|55121|09|033|3621|Urbano|05
55190|Lázaro Cárdenas V Zona|Colonia|Ecatepec de Morelos|México|Ecatepec de Morelos|55121|15|55121|09|033|3622|Urbano|05
55200|División del Norte|Colonia|Ecatepec de Morelos|México|Ecatepec de Morelos|55081|15|55081|09|033|3623|Urbano|05
55200|Emiliano Zapata 1a Sección|Colonia|Ecatepec de Morelos|México|Ecatepec de Morelos|55081|15|55081|09|033|3624|Urbano|05
55200|Gustavo Díaz Ordaz|Colonia|Ecatepec de Morelos|México|Ecatepec de Morelos|55081|15|55081|09|033|3626|Urbano|05
55200|Granjas Valle de Guadalupe Sección B|Colonia|Ecatepec de Morelos|México|Ecatepec de Morelos|55081|15|55081|09|033|7983|Urbano|05
55210|La Estrella|Colonia|Ecatepec de Morelos|México|Ecatepec de Morelos|55081|15|55081|09|033|3628|Urbano|05
55210|La Popular|Colonia|Ecatepec de Morelos|México|Ecatepec de Morelos|55081|15|55081|09|033|3629|Urbano|05
55210|Valle de Anáhuac Sección A|Fraccionamiento|Ecatepec de Morelos|México|Ecatepec de Morelos|55081|15|55081|21|033|3630|Urbano|05
55218|Cuchilla A. Rosales|Colonia|Ecatepec de Morelos|México|Ecatepec de Morelos|55081|15|55081|09|033|3631|Urbano|05
55220|Jardines de San Gabriel|Fraccionamiento|Ecatepec de Morelos|México|Ecatepec de Morelos|55081|15|55081|21|033|3633|Urbano|05
55220|Jardines del Tepeyac|Colonia|Ecatepec de Morelos|México|Ecatepec de Morelos|55081|15|55081|09|033|3634|Urbano|05
55220|Vicente Guerrero|Colonia|Ecatepec de Morelos|México|Ecatepec de Morelos|55081|15|55081|09|033|3635|Urbano|05
55220|Emiliano Zapata 1a Sección A|Colonia|Ecatepec de Morelos|México|Ecatepec de Morelos|55081|15|55081|09|033|3684|Urbano|05
55230|La Media Luna|Colonia|Ecatepec de Morelos|México|Ecatepec de Morelos|55121|15|55121|09|033|3636|Urbano|05
55234|La Glorieta|Colonia|Ecatepec de Morelos|México|Ecatepec de Morelos|55121|15|55121|09|033|3637|Urbano|05
55235|Unidad Obrero CTM XIV|Unidad habitacional|Ecatepec de Morelos|México|Ecatepec de Morelos|55121|15|55121|31|033|3638|Urbano|05
55236|Códice Mendocino II|Colonia|Ecatepec de Morelos|México|Ecatepec de Morelos|55121|15|55121|09|033|3615|Urbano|05
55236|Códice Mendocino I|Colonia|Ecatepec de Morelos|México|Ecatepec de Morelos|55121|15|55121|09|033|3617|Urbano|05
55236|Sagitario V|Colonia|Ecatepec de Morelos|México|Ecatepec de Morelos|55121|15|55121|09|033|3642|Urbano|05
55236|Ampliación Códice Mendocino|Colonia|Ecatepec de Morelos|México|Ecatepec de Morelos|55121|15|55121|09|033|5466|Urbano|05
55237|Estrella de Oriente|Fraccionamiento|Ecatepec de Morelos|México|Ecatepec de Morelos|55121|15|55121|21|033|3643|Urbano|05
55238|Ejercito del Trabajo II|Colonia|Ecatepec de Morelos|México|Ecatepec de Morelos|55121|15|55121|09|033|3644|Urbano|05
55238|Izcalli Santa Clara|Fraccionamiento|Ecatepec de Morelos|México|Ecatepec de Morelos|55121|15|55121|21|033|3645|Urbano|05
55238|Sagitario I|Colonia|Ecatepec de Morelos|México|Ecatepec de Morelos|55121|15|55121|09|033|6267|Urbano|05
55238|Felipe Ángeles (Antes Sagitario II)|Colonia|Ecatepec de Morelos|México|Ecatepec de Morelos|55121|15|55121|09|033|6268|Urbano|05
55238|Sagitario III|Colonia|Ecatepec de Morelos|México|Ecatepec de Morelos|55121|15|55121|09|033|6269|Urbano|05
55240|Alborada|Unidad habitacional|Ecatepec de Morelos|México|Ecatepec de Morelos|55121|15|55121|31|033|3651|Urbano|05
55240|La Florida|Colonia|Ecatepec de Morelos|México|Ecatepec de Morelos|55121|15|55121|09|033|3652|Urbano|05
55240|Melchor Muzquiz|Colonia|Ecatepec de Morelos|México|Ecatepec de Morelos|55121|15|55121|09|033|3654|Urbano|05
55242|Villas Cosmos|Colonia|Ecatepec de Morelos|México|Ecatepec de Morelos|55121|15|55121|09|033|3655|Urbano|05
55243|Haciendas de Aragón|Fraccionamiento|Ecatepec de Morelos|México|Ecatepec de Morelos|55121|15|55121|21|033|3656|Urbano|05
55244|Parques de Aragón|Colonia|Ecatepec de Morelos|México|Ecatepec de Morelos|55121|15|55121|09|033|3657|Urbano|05
55244|Paseos de Aragón|Colonia|Ecatepec de Morelos|México|Ecatepec de Morelos|55121|15|55121|09|033|3658|Urbano|05
55244|Castillos de Aragón|Colonia|Ecatepec de Morelos|México|Ecatepec de Morelos|55121|15|55121|09|033|5054|Urbano|05
55245|México Independiente|Colonia|Ecatepec de Morelos|México|Ecatepec de Morelos|55121|15|55121|09|033|3659|Urbano|05
55246|Petroquímica Ecatepec|Fraccionamiento|Ecatepec de Morelos|México|Ecatepec de Morelos|55121|15|55121|21|033|3660|Urbano|05
55247|Ciudad Oriente|Colonia|Ecatepec de Morelos|México|Ecatepec de Morelos|55121|15|55121|09|033|3661|Urbano|05
55247|CROC Aragón|Unidad habitacional|Ecatepec de Morelos|México|Ecatepec de Morelos|55121|15|55121|31|033|3662|Urbano|05
55248|Fuentes de Aragón|Fraccionamiento|Ecatepec de Morelos|México|Ecatepec de Morelos|55121|15|55121|21|033|3663|Urbano|05
55249|Ecatepec Federación (Mártires de Río Blanco)|Unidad habitacional|Ecatepec de Morelos|México|Ecatepec de Morelos|55121|15|55121|31|033|3665|Urbano|05
55249|Poesía Mexicana|Colonia|Ecatepec de Morelos|México|Ecatepec de Morelos|55121|15|55121|09|033|3666|Urbano|05
55260|Nueva Aragón|Colonia|Ecatepec de Morelos|México|Ecatepec de Morelos|55121|15|55121|09|033|3667|Urbano|05
55264|Prizo I|Unidad habitacional|Ecatepec de Morelos|México|Ecatepec de Morelos|55121|15|55121|31|033|3668|Urbano|05
55264|Prizo II|Unidad habitacional|Ecatepec de Morelos|México|Ecatepec de Morelos|55121|15|55121|31|033|3669|Urbano|05
55264|Fernando de Alba Nezahualpilli|Colonia|Ecatepec de Morelos|México|Ecatepec de Morelos|55121|15|55121|09|033|6265|Urbano|05
55264|Prizo III|Unidad habitacional|Ecatepec de Morelos|México|Ecatepec de Morelos|55121|15|55121|31|033|6266|Urbano|05
55266|México Insurgente|Colonia|Ecatepec de Morelos|México|Ecatepec de Morelos|55121|15|55121|09|033|3671|Urbano|05
55266|México Revolucionario|Colonia|Ecatepec de Morelos|México|Ecatepec de Morelos|55121|15|55121|09|033|3672|Urbano|05
55267|Ciudad Amanecer|Colonia|Ecatepec de Morelos|México|Ecatepec de Morelos|55121|15|55121|09|033|3673|Urbano|05
55267|Quinto Sol|Colonia|Ecatepec de Morelos|México|Ecatepec de Morelos|55121|15|55121|09|033|3675|Urbano|05
55267|Sauces V|Fraccionamiento|Ecatepec de Morelos|México|Ecatepec de Morelos|55121|15|55121|21|033|6263|Urbano|05
55267|Sauces II|Fraccionamiento|Ecatepec de Morelos|México|Ecatepec de Morelos|55121|15|55121|21|033|6264|Urbano|05
55268|Sauces VI|Unidad habitacional|Ecatepec de Morelos|México|Ecatepec de Morelos|55121|15|55121|31|033|3676|Urbano|05
55268|Sauces Coalición|Fraccionamiento|Ecatepec de Morelos|México|Ecatepec de Morelos|55121|15|55121|21|033|3677|Urbano|05
55268|Novela Mexicana II|Colonia|Ecatepec de Morelos|México|Ecatepec de Morelos|55121|15|55121|09|033|3678|Urbano|05
55269|Sauces I|Fraccionamiento|Ecatepec de Morelos|México|Ecatepec de Morelos|55121|15|55121|21|033|3680|Urbano|05
55269|México Prehispánico I|Colonia|Ecatepec de Morelos|México|Ecatepec de Morelos|55121|15|55121|09|033|3681|Urbano|05
55269|México Prehispánico II|Colonia|Ecatepec de Morelos|México|Ecatepec de Morelos|55121|15|55121|09|033|3682|Urbano|05
55269|Sauces P.R.I.|Fraccionamiento|Ecatepec de Morelos|México|Ecatepec de Morelos|55121|15|55121|21|033|6262|Urbano|05
55270|Emiliano Zapata 2a Secc|Colonia|Ecatepec de Morelos|México|Ecatepec de Morelos|55271|15|55271|09|033|3632|Urbano|05
55270|El Chamizal|Colonia|Ecatepec de Morelos|México|Ecatepec de Morelos|55271|15|55271|09|033|3683|Urbano|05
55270|Granjas Valle de Guadalupe Sección A|Colonia|Ecatepec de Morelos|México|Ecatepec de Morelos|55271|15|55271|09|033|3685|Urbano|05
55270|Granjas Valle de Guadalupe Sección C|Colonia|Ecatepec de Morelos|México|Ecatepec de Morelos|55271|15|55271|09|033|3686|Urbano|05
55280|Renacimiento de Aragón|Colonia|Ecatepec de Morelos|México|Ecatepec de Morelos|55271|15|55271|09|033|3689|Urbano|05
55280|Valle de Aragón 3ra Sección Oriente|Fraccionamiento|Ecatepec de Morelos|México|Ecatepec de Morelos|55271|15|55271|21|033|3692|Urbano|05
55280|Ampliación Valle de Aragón Sección A|Colonia|Ecatepec de Morelos|México|Ecatepec de Morelos|55271|15|55271|09|033|3693|Urbano|05
55280|Valle de Aragón 3ra Sección Poniente|Fraccionamiento|Ecatepec de Morelos|México|Ecatepec de Morelos|55271|15|55271|21|033|3694|Urbano|05
55280|Nuevo Valle de Aragón|Colonia|Ecatepec de Morelos|México|Ecatepec de Morelos|55271|15|55271|09|033|4923|Urbano|05
55284|Renacimiento Chico|Colonia|Ecatepec de Morelos|México|Ecatepec de Morelos|55271|15|55271|09|033|6271|Urbano|05
55287|Fernando Alba Ixtlaxóchitl|Colonia|Ecatepec de Morelos|México|Ecatepec de Morelos|55121|15|55121|09|033|3695|Urbano|05
55288|Nezahualpilli|Colonia|Ecatepec de Morelos|México|Ecatepec de Morelos|55121|15|55121|09|033|3696|Urbano|05
55289|Bugambilias de Aragón|Conjunto habitacional|Ecatepec de Morelos|México|Ecatepec de Morelos|55271|15|55271|12|033|3697|Urbano|05
55290|Arboledas de Aragón|Fraccionamiento|Ecatepec de Morelos|México|Ecatepec de Morelos|55121|15|55121|21|033|3698|Urbano|05
55290|Granjas Independencia|Colonia|Ecatepec de Morelos|México|Ecatepec de Morelos|55121|15|55121|09|033|3699|Urbano|05
55290|Granjas Independencia Sección A|Colonia|Ecatepec de Morelos|México|Ecatepec de Morelos|55121|15|55121|09|033|3700|Urbano|05
55290|Granjas Independencia Sección B|Colonia|Ecatepec de Morelos|México|Ecatepec de Morelos|55121|15|55121|09|033|3701|Urbano|05
55290|Granjas Independencia Sección C|Colonia|Ecatepec de Morelos|México|Ecatepec de Morelos|55121|15|55121|09|033|3702|Urbano|05
55290|Solidaridad 90 (Mártires de Río Blanco)|Colonia|Ecatepec de Morelos|México|Ecatepec de Morelos|55121|15|55121|09|033|4960|Urbano|05
55294|Av. Central CROC|Unidad habitacional|Ecatepec de Morelos|México|Ecatepec de Morelos|55271|15|55271|31|033|3703|Urbano|05
55295|Lic. Pedro Ojeda Paullada|Unidad habitacional|Ecatepec de Morelos|México|Ecatepec de Morelos|55121|15|55121|31|033|3704|Urbano|05
55295|Ampliación Pedro Ojeda Paullada|Colonia|Ecatepec de Morelos|México|Ecatepec de Morelos|55121|15|55121|09|033|3705|Urbano|05
55295|Ampliación Nicolás Bravo|Colonia|Ecatepec de Morelos|México|Ecatepec de Morelos|55121|15|55121|09|033|5608|Urbano|05
55295|Franja Valle de Guadalupe|Colonia|Ecatepec de Morelos|México|Ecatepec de Morelos|55121|15|55121|09|033|5610|Urbano|05
55296|Nicolás Bravo|Colonia|Ecatepec de Morelos|México|Ecatepec de Morelos|55121|15|55121|09|033|3706|Urbano|05
55296|A.S.A.|Unidad habitacional|Ecatepec de Morelos|México|Ecatepec de Morelos|55121|15|55121|31|033|4961|Urbano|05
55296|Las Flores de Aragón|Unidad habitacional|Ecatepec de Morelos|México|Ecatepec de Morelos|55121|15|55121|31|033|6270|Urbano|05
55297|Héroes de Granaditas|Colonia|Ecatepec de Morelos|México|Ecatepec de Morelos|55121|15|55121|09|033|3708|Urbano|05
55298|Ejercito del Trabajo III|Colonia|Ecatepec de Morelos|México|Ecatepec de Morelos|55121|15|55121|09|033|3710|Urbano|05
55299|Ejercito del Trabajo I|Colonia|Ecatepec de Morelos|México|Ecatepec de Morelos|55121|15|55121|09|033|3711|Urbano|05
55300|Piedra Grande|Colonia|Ecatepec de Morelos|México|Ecatepec de Morelos|55081|15|55081|09|033|3713|Urbano|05
55308|Benito Juárez Xalostoc Norte|Colonia|Ecatepec de Morelos|México|Ecatepec de Morelos|55081|15|55081|09|033|3714|Urbano|05
55308|Benito Juárez La Mesa|Colonia|Ecatepec de Morelos|México|Ecatepec de Morelos|55081|15|55081|09|033|6250|Urbano|05
55310|Cuauhtémoc Xalostoc|Colonia|Ecatepec de Morelos|México|Ecatepec de Morelos|55081|15|55081|09|033|3715|Urbano|05
55310|San Pedro Xalostoc|Pueblo|Ecatepec de Morelos|México|Ecatepec de Morelos|55081|15|55081|28|033|3716|Urbano|05
55316|Ampliación San Pedro Xalostoc|Colonia|Ecatepec de Morelos|México|Ecatepec de Morelos|55081|15|55081|09|033|3717|Urbano|05
55317|El Arbolito Xalostoc|Colonia|Ecatepec de Morelos|México|Ecatepec de Morelos|55081|15|55081|09|033|3718|Urbano|05
55320|El Cardonal Xalostoc|Colonia|Ecatepec de Morelos|México|Ecatepec de Morelos|55081|15|55081|09|033|3720|Urbano|05
55320|El Nardo|Colonia|Ecatepec de Morelos|México|Ecatepec de Morelos|55081|15|55081|09|033|3721|Urbano|05
55320|Esfuerzo Nacional|Zona industrial|Ecatepec de Morelos|México|Ecatepec de Morelos|55081|15|55081|37|033|3722|Urbano|05
55320|Santa María Xalostoc|Colonia|Ecatepec de Morelos|México|Ecatepec de Morelos|55081|15|55081|09|033|3723|Urbano|05
55330|Tolotzin V|Colonia|Ecatepec de Morelos|México|Ecatepec de Morelos|55081|15|55081|09|033|3616|Urbano|05
55330|5 de Septiembre|Colonia|Ecatepec de Morelos|México|Ecatepec de Morelos|55081|15|55081|09|033|3725|Urbano|05
55330|Jardines de Xalostoc|Colonia|Ecatepec de Morelos|México|Ecatepec de Morelos|55081|15|55081|09|033|3727|Urbano|05
55330|Las Vegas Xalostoc|Colonia|Ecatepec de Morelos|México|Ecatepec de Morelos|55081|15|55081|09|033|3728|Urbano|05
55330|San Francisco Xalostoc|Colonia|Ecatepec de Morelos|México|Ecatepec de Morelos|55081|15|55081|09|033|3729|Urbano|05
55330|Ampliación San Francisco Xalostoc|Colonia|Ecatepec de Morelos|México|Ecatepec de Morelos|55081|15|55081|09|033|3730|Urbano|05
55330|Prados de Xalostoc|Colonia|Ecatepec de Morelos|México|Ecatepec de Morelos|55081|15|55081|09|033|5661|Urbano|05
55330|La Laguna 21|Colonia|Ecatepec de Morelos|México|Ecatepec de Morelos|55081|15|55081|09|033|5662|Urbano|05
55338|Melchor Ocampo|Colonia|Ecatepec de Morelos|México|Ecatepec de Morelos|55081|15|55081|09|033|3731|Urbano|05
55339|Villas de Guadalupe Xalostoc|Fraccionamiento|Ecatepec de Morelos|México|Ecatepec de Morelos|55081|15|55081|21|033|3732|Urbano|05
55340|Benito Juárez Xalostoc|Colonia|Ecatepec de Morelos|México|Ecatepec de Morelos|55081|15|55081|09|033|3733|Urbano|05
55340|Rustica Xalostoc|Colonia|Ecatepec de Morelos|México|Ecatepec de Morelos|55081|15|55081|09|033|3734|Urbano|05
55340|Viveros de Xalostoc|Colonia|Ecatepec de Morelos|México|Ecatepec de Morelos|55081|15|55081|09|033|3735|Urbano|05
55347|Ampliación San José Xalostoc|Colonia|Ecatepec de Morelos|México|Ecatepec de Morelos|55081|15|55081|09|033|3737|Urbano|05
55348|Parque Industrial Xalostoc|Zona industrial|Ecatepec de Morelos|México|Ecatepec de Morelos|55081|15|55081|37|033|3738|Urbano|05
55349|Urbana Ixhuatepec|Colonia|Ecatepec de Morelos|México|Ecatepec de Morelos|55081|15|55081|09|033|3739|Urbano|05
55360|El Salado|Colonia|Ecatepec de Morelos|México|Ecatepec de Morelos|55081|15|55081|09|033|3740|Urbano|05
55360|San José Xalostoc|Colonia|Ecatepec de Morelos|México|Ecatepec de Morelos|55081|15|55081|09|033|3741|Urbano|05
55369|Ampliación San Miguel Xalostoc|Colonia|Ecatepec de Morelos|México|Ecatepec de Morelos|55081|15|55081|09|033|3742|Urbano|05
55390|Altavilla|Fraccionamiento|Ecatepec de Morelos|México|Ecatepec de Morelos|55081|15|55081|21|033|3743|Urbano|05
55390|San Miguel Xalostoc|Colonia|Ecatepec de Morelos|México|Ecatepec de Morelos|55081|15|55081|09|033|3744|Urbano|05
55400|Santa María Tulpetlac|Pueblo|Ecatepec de Morelos|México|Ecatepec de Morelos|55081|15|55081|28|033|3746|Urbano|05
55400|Aldeas I|Unidad habitacional|Ecatepec de Morelos|México|Ecatepec de Morelos|55081|15|55081|31|033|6236|Urbano|05
55400|Aldeas II|Unidad habitacional|Ecatepec de Morelos|México|Ecatepec de Morelos|55081|15|55081|31|033|6237|Urbano|05
55400|Nieves|Unidad habitacional|Ecatepec de Morelos|México|Ecatepec de Morelos|55081|15|55081|31|033|6238|Urbano|05
55400|ISSEMYM|Unidad habitacional|Ecatepec de Morelos|México|Ecatepec de Morelos|55081|15|55081|31|033|6239|Urbano|05
55404|Ejido de Santa María Tulpetlac|Colonia|Ecatepec de Morelos|México|Ecatepec de Morelos|55081|15|55081|09|033|0038|Urbano|05
55404|Ecatepec las Fuentes|Unidad habitacional|Ecatepec de Morelos|México|Ecatepec de Morelos|55081|15|55081|31|033|0072|Urbano|05
55404|El Charco|Colonia|Ecatepec de Morelos|México|Ecatepec de Morelos|55081|15|55081|09|033|3748|Urbano|05
55404|El Chamizalito|Colonia|Ecatepec de Morelos|México|Ecatepec de Morelos|55081|15|55081|09|033|4962|Urbano|05
55404|El Charco II|Colonia|Ecatepec de Morelos|México|Ecatepec de Morelos|55081|15|55081|09|033|4963|Urbano|05
55405|La Purísima|Colonia|Ecatepec de Morelos|México|Ecatepec de Morelos|55081|15|55081|09|033|0068|Urbano|05
55407|Talleres Gráficos|Unidad habitacional|Ecatepec de Morelos|México|Ecatepec de Morelos|55081|15|55081|31|033|3756|Urbano|05
55407|Cuchilla Lázaro Cárdenas|Unidad habitacional|Ecatepec de Morelos|México|Ecatepec de Morelos|55081|15|55081|31|033|5671|Urbano|05
55410|Tecuescomac|Colonia|Ecatepec de Morelos|México|Ecatepec de Morelos|55081|15|55081|09|033|3759|Urbano|05
55410|Lomas de San Carlos Cantera|Colonia|Ecatepec de Morelos|México|Ecatepec de Morelos|55081|15|55081|09|033|6229|Urbano|05
55410|El Ostor|Colonia|Ecatepec de Morelos|México|Ecatepec de Morelos|55081|15|55081|09|033|6230|Urbano|05
55414|Xochitenco|Colonia|Ecatepec de Morelos|México|Ecatepec de Morelos|55081|15|55081|09|033|0152|Urbano|05
55414|El Parque|Colonia|Ecatepec de Morelos|México|Ecatepec de Morelos|55081|15|55081|09|033|3763|Urbano|05
55414|Nueva Rufino Tamayo|Colonia|Ecatepec de Morelos|México|Ecatepec de Morelos|55081|15|55081|09|033|3765|Urbano|05
55414|Tepetlac Texalpa|Colonia|Ecatepec de Morelos|México|Ecatepec de Morelos|55081|15|55081|09|033|3766|Urbano|05
55414|La Nopalera 2a. Sección Tulpetlac|Colonia|Ecatepec de Morelos|México|Ecatepec de Morelos|55081|15|55081|09|033|3767|Urbano|05
55414|Lomas Verdes Tlaljuyaca|Colonia|Ecatepec de Morelos|México|Ecatepec de Morelos|55081|15|55081|09|033|5659|Urbano|05
55414|Margarita Maza de Juárez|Colonia|Ecatepec de Morelos|México|Ecatepec de Morelos|55081|15|55081|09|033|5668|Urbano|05
55415|Buenos Aires|Colonia|Ecatepec de Morelos|México|Ecatepec de Morelos|55081|15|55081|09|033|0012|Urbano|05
55415|El Rosal|Colonia|Ecatepec de Morelos|México|Ecatepec de Morelos|55081|15|55081|09|033|0042|Urbano|05
55415|Mexihuiloya|Colonia|Ecatepec de Morelos|México|Ecatepec de Morelos|55081|15|55081|09|033|0089|Urbano|05
55415|El Almarcigo Norte|Colonia|Ecatepec de Morelos|México|Ecatepec de Morelos|55081|15|55081|09|033|3768|Urbano|05
55415|El Almarcigo Sur|Colonia|Ecatepec de Morelos|México|Ecatepec de Morelos|55081|15|55081|09|033|3769|Urbano|05
55415|Ampliación Almarcigo|Colonia|Ecatepec de Morelos|México|Ecatepec de Morelos|55081|15|55081|09|033|5670|Urbano|05
55416|Texalpa|Colonia|Ecatepec de Morelos|México|Ecatepec de Morelos|55081|15|55081|09|033|3770|Urbano|05
55416|Benito Juárez 1ra Sección|Unidad habitacional|Ecatepec de Morelos|México|Ecatepec de Morelos|55081|15|55081|31|033|5584|Urbano|05
55416|Benito Juárez 2da Sección|Unidad habitacional|Ecatepec de Morelos|México|Ecatepec de Morelos|55081|15|55081|31|033|5585|Urbano|05
55416|Benito Juárez 3ra Sección|Unidad habitacional|Ecatepec de Morelos|México|Ecatepec de Morelos|55081|15|55081|31|033|5586|Urbano|05
55416|La Virgen|Colonia|Ecatepec de Morelos|México|Ecatepec de Morelos|55081|15|55081|09|033|5666|Urbano|05
55416|Progreso Tlajoyuca|Colonia|Ecatepec de Morelos|México|Ecatepec de Morelos|55081|15|55081|09|033|6234|Urbano|05
55417|Guadalupe Coatzochico|Colonia|Ecatepec de Morelos|México|Ecatepec de Morelos|55081|15|55081|09|033|3771|Urbano|05
55418|Mexicalco I|Colonia|Ecatepec de Morelos|México|Ecatepec de Morelos|55081|15|55081|09|033|3772|Urbano|05
55418|Rufino Tamayo|Colonia|Ecatepec de Morelos|México|Ecatepec de Morelos|55081|15|55081|09|033|3773|Urbano|05
55418|Ampliación Santa María Tulpetlac|Colonia|Ecatepec de Morelos|México|Ecatepec de Morelos|55081|15|55081|09|033|3774|Urbano|05
55418|Cuauhtémoc|Colonia|Ecatepec de Morelos|México|Ecatepec de Morelos|55081|15|55081|09|033|5658|Urbano|05
55418|El Callejón|Colonia|Ecatepec de Morelos|México|Ecatepec de Morelos|55081|15|55081|09|033|5667|Urbano|05
55418|Progreso Chico Tulpetlac|Colonia|Ecatepec de Morelos|México|Ecatepec de Morelos|55081|15|55081|09|033|5669|Urbano|05
55418|Villas Tulpetlac|Fraccionamiento|Ecatepec de Morelos|México|Ecatepec de Morelos|55081|15|55081|21|033|6231|Urbano|05
55418|Mexicalco II y IV|Colonia|Ecatepec de Morelos|México|Ecatepec de Morelos|55081|15|55081|09|033|6232|Urbano|05
55418|Mexicalco III|Colonia|Ecatepec de Morelos|México|Ecatepec de Morelos|55081|15|55081|09|033|6233|Urbano|05
55419|Tlatempa|Colonia|Ecatepec de Morelos|México|Ecatepec de Morelos|55081|15|55081|09|033|3775|Urbano|05
55419|El Cortijo|Colonia|Ecatepec de Morelos|México|Ecatepec de Morelos|55081|15|55081|09|033|6235|Urbano|05
55420|Cerro Gordo|Zona industrial|Ecatepec de Morelos|México|Ecatepec de Morelos|55081|15|55081|37|033|3776|Urbano|05
55425|Cerro Gordo|Colonia|Ecatepec de Morelos|México|Ecatepec de Morelos|55081|15|55081|09|033|3777|Urbano|05
55429|Bellavista|Unidad habitacional|Ecatepec de Morelos|México|Ecatepec de Morelos|55081|15|55081|31|033|3778|Urbano|05
55429|Tepetzicasco|Colonia|Ecatepec de Morelos|México|Ecatepec de Morelos|55081|15|55081|09|033|6244|Urbano|05
55429|La Cuesta Santa Clara|Colonia|Ecatepec de Morelos|México|Ecatepec de Morelos|55081|15|55081|09|033|6245|Urbano|05
55430|José María Pino Suárez|Colonia|Ecatepec de Morelos|México|Ecatepec de Morelos|55081|15|55081|09|033|3779|Urbano|05
55430|Jardines de Casa Nueva|Fraccionamiento|Ecatepec de Morelos|México|Ecatepec de Morelos|55081|15|55081|21|033|3780|Urbano|05
55430|Conjunto Ejecutivo|Conjunto habitacional|Ecatepec de Morelos|México|Ecatepec de Morelos|55081|15|55081|12|033|5635|Urbano|05
55430|Junta de San Juan|Unidad habitacional|Ecatepec de Morelos|México|Ecatepec de Morelos|55081|15|55081|31|033|6240|Urbano|05
55450|Jardines de Santa Clara|Fraccionamiento|Ecatepec de Morelos|México|Ecatepec de Morelos|55081|15|55081|21|033|3781|Urbano|05
55450|Prados de Santa Clara|Fraccionamiento|Ecatepec de Morelos|México|Ecatepec de Morelos|55081|15|55081|21|033|3782|Urbano|05
55458|Conjunto Guanajuato|Conjunto habitacional|Ecatepec de Morelos|México|Ecatepec de Morelos|55081|15|55081|12|033|3783|Urbano|05
55459|América Santa Clara|Colonia|Ecatepec de Morelos|México|Ecatepec de Morelos|55081|15|55081|09|033|3784|Urbano|05
55490|Faja de Oro|Colonia|Ecatepec de Morelos|México|Ecatepec de Morelos|55081|15|55081|09|033|3785|Urbano|05
55490|Miguel Hidalgo|Colonia|Ecatepec de Morelos|México|Ecatepec de Morelos|55081|15|55081|09|033|3786|Urbano|05
55490|Finca San Miguel|Unidad habitacional|Ecatepec de Morelos|México|Ecatepec de Morelos|55081|15|55081|31|033|6253|Urbano|05
55498|Héroes de la Independencia|Colonia|Ecatepec de Morelos|México|Ecatepec de Morelos|55081|15|55081|09|033|3787|Urbano|05
55500|Conjunto Tepeyac Hidalgo|Conjunto habitacional|Ecatepec de Morelos|México|Ecatepec de Morelos|55081|15|55081|12|033|3789|Urbano|05
55506|Buenavista|Colonia|Ecatepec de Morelos|México|Ecatepec de Morelos|55081|15|55081|09|033|5079|Urbano|05
55507|La Palma|Colonia|Ecatepec de Morelos|México|Ecatepec de Morelos|55081|15|55081|09|033|3791|Urbano|05
55508|Ampliación Coanalco|Colonia|Ecatepec de Morelos|México|Ecatepec de Morelos|55081|15|55081|09|033|3792|Urbano|05
55508|Coanalco Buenavista|Colonia|Ecatepec de Morelos|México|Ecatepec de Morelos|55081|15|55081|09|033|8774|Urbano|05
55509|La Presa|Colonia|Ecatepec de Morelos|México|Ecatepec de Morelos|55081|15|55081|09|033|3793|Urbano|05
55509|Plan de Ayala|Colonia|Ecatepec de Morelos|México|Ecatepec de Morelos|55081|15|55081|09|033|5664|Urbano|05
55510|Tablas del Pozo|Colonia|Ecatepec de Morelos|México|Ecatepec de Morelos|55081|15|55081|09|033|3794|Urbano|05
55510|Tepeolulco|Colonia|Ecatepec de Morelos|México|Ecatepec de Morelos|55081|15|55081|09|033|3795|Urbano|05
55510|El Pozo|Colonia|Ecatepec de Morelos|México|Ecatepec de Morelos|55081|15|55081|09|033|6243|Urbano|05
55515|Los Bordos|Colonia|Ecatepec de Morelos|México|Ecatepec de Morelos|55081|15|55081|09|033|3796|Urbano|05
55515|La Teja|Colonia|Ecatepec de Morelos|México|Ecatepec de Morelos|55081|15|55081|09|033|5587|Urbano|05
55516|Boca Barranca|Colonia|Ecatepec de Morelos|México|Ecatepec de Morelos|55081|15|55081|09|033|3797|Urbano|05
55517|El Mirador|Colonia|Ecatepec de Morelos|México|Ecatepec de Morelos|55081|15|55081|09|033|3799|Urbano|05
55518|La Agüita|Colonia|Ecatepec de Morelos|México|Ecatepec de Morelos|55081|15|55081|09|033|3800|Urbano|05
55518|La Lomita|Colonia|Ecatepec de Morelos|México|Ecatepec de Morelos|55081|15|55081|09|033|4964|Urbano|05
55518|Arboledas de Xalostoc|Colonia|Ecatepec de Morelos|México|Ecatepec de Morelos|55081|15|55081|09|033|6242|Urbano|05
55519|San Andrés de la Cañada|Pueblo|Ecatepec de Morelos|México|Ecatepec de Morelos|55081|15|55081|28|033|3801|Urbano|05
55519|La Esperanza|Colonia|Ecatepec de Morelos|México|Ecatepec de Morelos|55081|15|55081|09|033|4965|Urbano|05
55520|Carlos Hank González|Colonia|Ecatepec de Morelos|México|Ecatepec de Morelos|55081|15|55081|09|033|3802|Urbano|05
55530|El Gallito|Colonia|Ecatepec de Morelos|México|Ecatepec de Morelos|55081|15|55081|09|033|3806|Urbano|05
55530|San Jaco (El Gallito)|Colonia|Ecatepec de Morelos|México|Ecatepec de Morelos|55081|15|55081|09|033|5656|Urbano|05
55530|Santa Clara|Unidad habitacional|Ecatepec de Morelos|México|Ecatepec de Morelos|55081|15|55081|31|033|6246|Urbano|05
55530|El Gallito|Unidad habitacional|Ecatepec de Morelos|México|Ecatepec de Morelos|55081|15|55081|31|033|6247|Urbano|05
55540|Santa Clara Coatitla|Pueblo|Ecatepec de Morelos|México|Ecatepec de Morelos|55081|15|55081|28|033|3809|Urbano|05
55540|Real de Santa Clara|Unidad habitacional|Ecatepec de Morelos|México|Ecatepec de Morelos|55081|15|55081|31|033|6251|Urbano|05
55540|Rinconada de Santa Clara|Unidad habitacional|Ecatepec de Morelos|México|Ecatepec de Morelos|55081|15|55081|31|033|6252|Urbano|05
55547|Santa Clara|Zona industrial|Ecatepec de Morelos|México|Ecatepec de Morelos|55081|15|55081|37|033|3812|Urbano|05
55548|Área Zapotecas|Colonia|Ecatepec de Morelos|México|Ecatepec de Morelos|55081|15|55081|09|033|3813|Urbano|05
55548|Cantera Guadalupana|Colonia|Ecatepec de Morelos|México|Ecatepec de Morelos|55081|15|55081|09|033|6248|Urbano|05
55548|Dos de Octubre|Colonia|Ecatepec de Morelos|México|Ecatepec de Morelos|55081|15|55081|09|033|6249|Urbano|05
55549|Área Santa Cruz|Colonia|Ecatepec de Morelos|México|Ecatepec de Morelos|55081|15|55081|09|033|3814|Urbano|05
55600|Paseos de la Laguna|Fraccionamiento|Zumpango|México|Zumpango|55601|15|55601|21|120|0004|Urbano|41
55600|Zumpango|Fraccionamiento|Zumpango|México|Zumpango|55601|15|55601|21|120|0018|Urbano|41
55600|Santiago 1ra. Sección|Barrio|Zumpango|México|Zumpango|55601|15|55601|02|120|0123|Urbano|41
55600|San Sebastián|Pueblo|Zumpango|México|Zumpango|55601|15|55601|28|120|3815|Urbano|41
55600|Independencia|Colonia|Zumpango|México|Zumpango|55601|15|55601|09|120|5331|Urbano|41
55600|San Juan|Barrio|Zumpango|México|Zumpango|55601|15|55601|02|120|8006|Urbano|41
55600|Santa Rosa|Fraccionamiento|Zumpango|México|Zumpango|55601|15|55601|21|120|8007|Urbano|41
55600|Del Bosque|Fraccionamiento|Zumpango|México|Zumpango|55601|15|55601|21|120|8008|Urbano|41
55600|San Miguel|Barrio|Zumpango|México|Zumpango|55601|15|55601|02|120|8014|Urbano|41
55600|Magisterial|Colonia|Zumpango|México|Zumpango|55601|15|55601|09|120|8025|Urbano|41
55600|Santiago 2da. Sección|Barrio|Zumpango|México|Zumpango|55601|15|55601|02|120|8030|Urbano|41
55600|San Miguel (Camino a Bata)|Barrio|Zumpango|México|null|55601|15|55601|02|120|9211|Rural|null
55604|San Lorenzo|Barrio|Zumpango|México|Zumpango|55601|15|55601|02|120|8015|Urbano|41
55604|Hombres Ilustres|Colonia|Zumpango|México|Zumpango|55601|15|55601|09|120|8016|Urbano|41
55604|Portales de San Juan|Fraccionamiento|Zumpango|México|Zumpango|55601|15|55601|21|120|8017|Urbano|41
55604|Unidad Familiar C.T.C. de Jaltenco|Fraccionamiento|Zumpango|México|Zumpango|55601|15|55601|21|120|8018|Urbano|41
55604|San Miguel (Camino a Valle Hermoso)|Barrio|Zumpango|México|null|55601|15|55601|02|120|9210|Rural|null
55605|Santa María el Llano|Colonia|Zumpango|México|Zumpango|55601|15|55601|09|120|8019|Urbano|41
55605|San Antonio de las Arenas|Colonia|Zumpango|México|Zumpango|55601|15|55601|09|120|8021|Urbano|41
55605|CTC de Zumpango (Santa María)|Unidad habitacional|Zumpango|México|Zumpango|55601|15|55601|31|120|8085|Urbano|41
55606|Santa María|Barrio|Zumpango|México|Zumpango|55601|15|55601|02|120|0005|Urbano|41
55606|San Marcos|Barrio|Zumpango|México|Zumpango|55601|15|55601|02|120|8022|Urbano|41
55606|Pueblo Nuevo de San Pedro|Colonia|Zumpango|México|Zumpango|55601|15|55601|09|120|8024|Urbano|41
55606|San Marcos del Llano|Ejido|Zumpango|México|null|55601|15|55601|15|120|9204|Rural|null
55607|Paseos del Lago II|Fraccionamiento|Zumpango|México|Zumpango|55601|15|55601|21|120|0002|Urbano|41
55607|Jardines del Lago|Fraccionamiento|Zumpango|México|Zumpango|55601|15|55601|21|120|0003|Urbano|41
55607|Primero de Mayo|Colonia|Zumpango|México|Zumpango|55601|15|55601|09|120|3818|Urbano|41
55607|Villas 2000|Fraccionamiento|Zumpango|México|Zumpango|55601|15|55601|21|120|5330|Urbano|41
55607|FOVISSSTE|Fraccionamiento|Zumpango|México|Zumpango|55601|15|55601|21|120|5333|Urbano|41
55607|Paseos del Lago|Fraccionamiento|Zumpango|México|Zumpango|55601|15|55601|21|120|8282|Urbano|41
55607|Nuevo Paseos de San Juan|Fraccionamiento|Zumpango|México|Zumpango|55601|15|55601|21|120|9209|Urbano|41
55609|San Pedro de la Laguna|Barrio|Zumpango|México|Zumpango|55601|15|55601|02|120|3819|Urbano|41
55610|Santa María Cuevas|Pueblo|Zumpango|México|Zumpango|55601|15|55601|28|120|3820|Urbano|41
55610|El Rincón|Barrio|Zumpango|México|Zumpango|55601|15|55601|02|120|8033|Urbano|41
55610|España (Cuevas)|Barrio|Zumpango|México|Zumpango|55601|15|55601|02|120|8034|Urbano|41
55613|Loma Larga (Barrio de Loma Larga)|Barrio|Zumpango|México|Zumpango|55601|15|55601|02|120|8032|Urbano|41
55614|Villas de Zumpango|Fraccionamiento|Zumpango|México|Zumpango|55601|15|55601|21|120|0001|Urbano|41
55614|Jardines de la Laguna|Fraccionamiento|Zumpango|México|Zumpango|55601|15|55601|21|120|0009|Urbano|41
55614|Solares|Fraccionamiento|Zumpango|México|null|55601|15|55601|21|120|0010|Rural|null
55614|Jardines de Girasoles|Fraccionamiento|Zumpango|México|Zumpango|55601|15|55601|21|120|0014|Urbano|41
55614|Nuevo Zumpango|Fraccionamiento|Zumpango|México|Zumpango|55601|15|55601|21|120|0016|Rural|41
55614|Valle de los Lirios|Fraccionamiento|Zumpango|México|Zumpango|55601|15|55601|21|120|0017|Rural|41
55614|Santa María|Fraccionamiento|Zumpango|México|Zumpango|55601|15|55601|21|120|8009|Urbano|41
55614|Villas de la Laguna|Fraccionamiento|Zumpango|México|Zumpango|55601|15|55601|21|120|8010|Urbano|41
55614|La Trinidad|Fraccionamiento|Zumpango|México|Zumpango|55601|15|55601|21|120|8011|Urbano|41
55614|El Nido|Fraccionamiento|Zumpango|México|Zumpango|55601|15|55601|21|120|8012|Urbano|41
55614|Los Romeros|Colonia|Zumpango|México|Zumpango|55601|15|55601|09|120|8013|Rural|41
55619|San Miguel Bocanegra|Pueblo|Zumpango|México|Zumpango|55601|15|55601|28|120|3821|Urbano|41
55620|El Colorado|Colonia|Zumpango|México|Zumpango|55601|15|55601|09|120|0006|Rural|41
55620|La Soledad|Ranchería|Zumpango|México|Zumpango|55601|15|55601|29|120|0008|Rural|41
55620|San José de la Loma|Colonia|Zumpango|México|Zumpango|55601|15|55601|09|120|3822|Urbano|41
55627|El Potrero|Colonia|Zumpango|México|Zumpango|55601|15|55601|09|120|0007|Rural|41
55628|Santa María de Guadalupe|Colonia|Zumpango|México|Zumpango|55601|15|55601|09|120|3824|Urbano|41
55628|San Pedro (Zitlaltepec)|Barrio|Zumpango|México|Zumpango|55601|15|55601|02|120|8026|Urbano|41
55628|San Miguel (Zitlaltepec)|Barrio|Zumpango|México|Zumpango|55601|15|55601|02|120|8027|Urbano|41
55628|Santa María (Zitlaltepec)|Barrio|Zumpango|México|Zumpango|55601|15|55601|02|120|8028|Urbano|41
55628|San Lorenzo (Zitlaltepec)|Barrio|Zumpango|México|Zumpango|55601|15|55601|02|120|8029|Urbano|41
55629|Lázaro Cárdenas|Colonia|Zumpango|México|Zumpango|55601|15|55601|09|120|3825|Urbano|41
55630|Jardines de Acacias|Fraccionamiento|Zumpango|México|null|55601|15|55601|21|120|0012|Rural|null
55630|San Bartolo Cuautlalpan|Pueblo|Zumpango|México|Zumpango|55601|15|55601|28|120|3826|Urbano|41
55630|Los Alcanfores|Colonia|Zumpango|México|Zumpango|55601|15|55601|09|120|8045|Urbano|41
55630|San Juan de Guadalupe|Colonia|Zumpango|México|Zumpango|55601|15|55601|09|120|8046|Urbano|41
55630|La Esmeralda|Fraccionamiento|Zumpango|México|Zumpango|55601|15|55601|21|120|8047|Urbano|41
55630|Ex Hacienda de Guadalupe|Unidad habitacional|Zumpango|México|Zumpango|55601|15|55601|31|120|8048|Urbano|41
55630|Santa Fe|Fraccionamiento|Zumpango|México|Zumpango|55601|15|55601|21|120|8049|Urbano|41
55630|Olmos|Fraccionamiento|Zumpango|México|Zumpango|55601|15|55601|21|120|8277|Urbano|41
55630|El Solar|Colonia|Zumpango|México|null|55601|15|55601|09|120|9205|Rural|null
55630|Ampliación Jardines de San Bartolo|Colonia|Zumpango|México|null|55601|15|55601|09|120|9206|Rural|null
55630|Miltenco|Barrio|Zumpango|México|null|55601|15|55601|02|120|9208|Rural|null
55634|Paseos de San Juan|Fraccionamiento|Zumpango|México|Zumpango|55601|15|55601|21|120|8050|Urbano|41
55634|Santa Lucía|Colonia|Zumpango|México|Zumpango|55601|15|55601|09|120|8052|Urbano|41
55635|Jardines de Magnolias|Fraccionamiento|Zumpango|México|Zumpango|55601|15|55601|21|120|0011|Urbano|41
55635|Jardines de Castalias|Fraccionamiento|Zumpango|México|Zumpango|55601|15|55601|21|120|0015|Urbano|41
55635|Buenavista|Ranchería|Zumpango|México|Zumpango|55601|15|55601|29|120|3827|Rural|41
55635|Los Hornos|Colonia|Zumpango|México|Zumpango|55601|15|55601|09|120|8039|Urbano|41
55635|Arbolada los Sauces|Fraccionamiento|Zumpango|México|Zumpango|55601|15|55601|21|120|8040|Urbano|41
55635|Las Plazas|Fraccionamiento|Zumpango|México|Zumpango|55601|15|55601|21|120|8041|Urbano|41
55635|Hacienda los Encinos|Fraccionamiento|Zumpango|México|Zumpango|55601|15|55601|21|120|8042|Urbano|41
55635|Santa Isabel|Fraccionamiento|Zumpango|México|Zumpango|55601|15|55601|21|120|9165|Urbano|41
55635|Letigio|Colonia|Zumpango|México|null|55601|15|55601|09|120|9207|Rural|null
55636|Los Rivero|Colonia|Zumpango|México|Zumpango|55601|15|55601|09|120|8036|Urbano|41
55636|Pueblo Nuevo de Morelos|Colonia|Zumpango|México|Zumpango|55601|15|55601|09|120|8037|Urbano|41
55637|La Noria|Fraccionamiento|Zumpango|México|null|55601|15|55601|21|120|0013|Rural|null
55637|Santa Cecilia|Fraccionamiento|Zumpango|México|Zumpango|55601|15|55601|21|120|9164|Rural|41
55640|Santa Lucia Base Aérea Militar|Zona federal|Zumpango|México|Zumpango|55641|15|55641|34|120|3828|Urbano|41
55650|Adolfo López Mateos|Colonia|Tequixquiac|México|Tequixquiac|55651|15|55651|09|096|3830|Urbano|30
55650|San Miguel|Barrio|Tequixquiac|México|Tequixquiac|55651|15|55651|02|096|3831|Rural|30
55650|Tequixquiac Centro|Pueblo|Tequixquiac|México|Tequixquiac|55651|15|55651|28|096|3832|Urbano|30
55650|Ex-Hacienda San Sebastián|Ranchería|Tequixquiac|México|Tequixquiac|55651|15|55651|29|096|9607|Rural|30
55653|Tlapanaloya|Pueblo|Tequixquiac|México|null|55651|15|55651|28|096|3834|Urbano|null
55653|La Rinconada|Barrio|Tequixquiac|México|null|55651|15|55651|02|096|9602|Rural|null
55653|Monte Alto|Barrio|Tequixquiac|México|null|55651|15|55651|02|096|9603|Rural|null
55653|La Esperanza|Colonia|Tequixquiac|México|null|55651|15|55651|09|096|9605|Rural|null
55654|San José|Barrio|Tequixquiac|México|Tequixquiac|55651|15|55651|02|096|3835|Urbano|30
55654|El Crucero|Barrio|Tequixquiac|México|Tequixquiac|55651|15|55651|02|096|9599|Rural|30
55654|La Heredad|Barrio|Tequixquiac|México|Tequixquiac|55651|15|55651|02|096|9601|Rural|30
55655|El Refugio|Barrio|Tequixquiac|México|Tequixquiac|55651|15|55651|02|096|3836|Urbano|30
55655|Palo Grande|Barrio|Tequixquiac|México|Tequixquiac|55651|15|55651|02|096|9604|Rural|30
55656|Ejidal General Wenceslao Labra|Colonia|Tequixquiac|México|Tequixquiac|55651|15|55651|09|096|9606|Rural|30
55657|San Mateo|Barrio|Tequixquiac|México|Tequixquiac|55651|15|55651|02|096|3837|Urbano|30
55657|El Cenicero|Barrio|Tequixquiac|México|Tequixquiac|55651|15|55651|02|096|9600|Rural|30
55660|Apaxco de Ocampo|Pueblo|Apaxco|México|null|55651|15|55651|28|010|3838|Urbano|null
55660|Arboledas|Colonia|Apaxco|México|null|55651|15|55651|09|010|7086|Urbano|null
55660|23 de Noviembre|Colonia|Apaxco|México|null|55651|15|55651|09|010|7094|Urbano|null
55660|Olímpica|Colonia|Apaxco|México|null|55651|15|55651|09|010|9564|Urbano|null
55663|Santa Cecilia|Colonia|Apaxco|México|null|55651|15|55651|09|010|7092|Rural|null
55663|3 de Mayo|Colonia|Apaxco|México|null|55651|15|55651|09|010|7093|Urbano|null
55664|Coyotillos|Barrio|Apaxco|México|null|55651|15|55651|02|010|3839|Rural|null
55664|Juárez|Colonia|Apaxco|México|null|55651|15|55651|09|010|7089|Rural|null
55664|San José Teña|Rancho|Apaxco|México|null|55651|15|55651|48|010|9573|Rural|null
55665|Pérez de Galeana|Barrio|Apaxco|México|null|55651|15|55651|02|010|3841|Rural|null
55666|Tablón Chico (Tabloncito)|Ranchería|Apaxco|México|null|55651|15|55651|29|010|0001|Rural|null
55666|Loma Bonita|Colonia|Apaxco|México|null|55651|15|55651|09|010|7091|Urbano|null
55666|Los Arbolitos|Colonia|Apaxco|México|null|55651|15|55651|09|010|9566|Rural|null
55666|La Tarjea|Equipamiento|Apaxco|México|null|55651|15|55651|17|010|9571|Rural|null
55666|Tablón Grande|Colonia|Apaxco|México|null|55651|15|55651|09|010|9572|Rural|null
55667|Santa María Apaxco|Pueblo|Apaxco|México|null|55651|15|55651|28|010|3840|Urbano|null
55667|El Mirador|Colonia|Apaxco|México|null|55651|15|55651|09|010|7087|Rural|null
55667|El Pisquay|Barrio|Apaxco|México|null|55651|15|55651|02|010|7088|Rural|null
55667|La Ermita|Colonia|Apaxco|México|null|55651|15|55651|09|010|9567|Rural|null
55667|Ejidos de Santa María|Colonia|Apaxco|México|null|55651|15|55651|09|010|9568|Rural|null
55670|Roma|Colonia|Hueypoxtla|México|null|55671|15|55671|09|036|0002|Urbano|null
55670|Centenario|Colonia|Hueypoxtla|México|null|55671|15|55671|09|036|0003|Urbano|null
55670|España|Colonia|Hueypoxtla|México|null|55671|15|55671|09|036|0004|Urbano|null
55670|Huicalco|Colonia|Hueypoxtla|México|null|55671|15|55671|09|036|0005|Urbano|null
55670|Hueypoxtla|Pueblo|Hueypoxtla|México|null|55671|15|55671|28|036|3842|Urbano|null
55670|Juárez|Colonia|Hueypoxtla|México|null|55671|15|55671|09|036|8945|Urbano|null
55676|Casa Blanca (Ex-Hacienda Casa Blanca)|Pueblo|Hueypoxtla|México|null|55671|15|55671|28|036|3845|Rural|null
55679|San Miguel Tepetates|Colonia|Hueypoxtla|México|null|55671|15|55671|09|036|0006|Urbano|null
55679|Santa María Ajoloapan|Pueblo|Hueypoxtla|México|null|55671|15|55671|28|036|3846|Urbano|null
55680|San Francisco Zacacalco|Pueblo|Hueypoxtla|México|null|55671|15|55671|28|036|3847|Urbano|null
55683|Tianguistongo|Pueblo|Hueypoxtla|México|null|55671|15|55671|28|036|3848|Rural|null
55684|San Pedro la Gloria|Ranchería|Hueypoxtla|México|null|55671|15|55671|29|036|3849|Rural|null
55685|Tezontlalpa de Zapata (Tezontlalpan)|Pueblo|Hueypoxtla|México|null|55671|15|55671|28|036|3843|Rural|null
55689|Nopala (Guadalupe Nopala)|Pueblo|Hueypoxtla|México|null|55671|15|55671|28|036|3850|Urbano|null
55690|Jilotzingo|Pueblo|Hueypoxtla|México|null|55671|15|55671|28|036|3853|Urbano|null
55694|El Carmen|Pueblo|Hueypoxtla|México|null|55671|15|55671|28|036|3854|Rural|null
55697|Emiliano Zapata (San José Bata)|Pueblo|Hueypoxtla|México|null|55671|15|55671|28|036|3855|Urbano|null
55700|Residencial Paraíso I|Condominio|Coacalco de Berriozábal|México|Coacalco de Berriozabal|55701|15|55701|10|020|0096|Urbano|03
55700|Residencial Paraíso II|Condominio|Coacalco de Berriozábal|México|Coacalco de Berriozabal|55701|15|55701|10|020|0097|Urbano|03
55700|El Vergel|Condominio|Coacalco de Berriozábal|México|Coacalco de Berriozabal|55701|15|55701|10|020|0139|Urbano|03
55700|Residencial Sirapark|Condominio|Coacalco de Berriozábal|México|Coacalco de Berriozabal|55701|15|55701|10|020|0154|Urbano|03
55700|Hacienda Cruztitla I|Conjunto habitacional|Coacalco de Berriozábal|México|Coacalco de Berriozabal|55701|15|55701|12|020|3857|Urbano|03
55700|Fuentes de San Francisco|Condominio|Coacalco de Berriozábal|México|Coacalco de Berriozabal|55701|15|55701|10|020|3858|Urbano|03
55700|Las Hiedras|Condominio|Coacalco de Berriozábal|México|Coacalco de Berriozabal|55701|15|55701|10|020|3859|Urbano|03
55700|San Francisco Coacalco|Pueblo|Coacalco de Berriozábal|México|Coacalco de Berriozabal|55701|15|55701|28|020|3861|Urbano|03
55700|Zacuautitla|Colonia|Coacalco de Berriozábal|México|Coacalco de Berriozabal|55701|15|55701|09|020|3862|Urbano|03
55700|El Laurel (El Gigante)|Conjunto habitacional|Coacalco de Berriozábal|México|Coacalco de Berriozabal|55701|15|55701|12|020|3870|Urbano|03
55700|Conjunto Salamanca|Condominio|Coacalco de Berriozábal|México|Coacalco de Berriozabal|55701|15|55701|10|020|4966|Urbano|03
55700|Bonito Coacalco|Condominio|Coacalco de Berriozábal|México|Coacalco de Berriozabal|55701|15|55701|10|020|5799|Urbano|03
55700|Residencial Hacienda Capultitla|Condominio|Coacalco de Berriozábal|México|Coacalco de Berriozabal|55701|15|55701|10|020|5800|Urbano|03
55700|La Cualac|Condominio|Coacalco de Berriozábal|México|Coacalco de Berriozabal|55701|15|55701|10|020|5801|Urbano|03
55700|Residencial Santander|Fraccionamiento|Coacalco de Berriozábal|México|Coacalco de Berriozabal|55701|15|55701|21|020|5802|Urbano|03
55700|Rincón Colonial Coacalco|Condominio|Coacalco de Berriozábal|México|Coacalco de Berriozabal|55701|15|55701|10|020|5804|Urbano|03
55700|Hacienda las Garzas|Conjunto habitacional|Coacalco de Berriozábal|México|Coacalco de Berriozabal|55701|15|55701|12|020|5805|Urbano|03
55700|El Toloache|Condominio|Coacalco de Berriozábal|México|Coacalco de Berriozabal|55701|15|55701|10|020|5806|Urbano|03
55700|Privadas Coacalco|Condominio|Coacalco de Berriozábal|México|Coacalco de Berriozabal|55701|15|55701|10|020|5807|Urbano|03
55700|Bonito Coacalco I (La Cruz)|Condominio|Coacalco de Berriozábal|México|Coacalco de Berriozabal|55701|15|55701|10|020|5808|Urbano|03
55700|Colonial Coacalco|Conjunto habitacional|Coacalco de Berriozábal|México|Coacalco de Berriozabal|55701|15|55701|12|020|5809|Urbano|03
55700|Hacienda Cruztitla II|Conjunto habitacional|Coacalco de Berriozábal|México|Coacalco de Berriozabal|55701|15|55701|12|020|5810|Urbano|03
55700|Parque Taxco Viejo|Condominio|Coacalco de Berriozábal|México|Coacalco de Berriozabal|55701|15|55701|10|020|8124|Urbano|03
55700|Residencial Bonito la Loma II|Conjunto habitacional|Coacalco de Berriozábal|México|Coacalco de Berriozabal|55701|15|55701|12|020|8977|Urbano|03
55700|Villa Florencia|Condominio|Coacalco de Berriozábal|México|Coacalco de Berriozabal|55701|15|55701|10|020|8988|Urbano|03
55700|Chabacano|Fraccionamiento|Coacalco de Berriozábal|México|Coacalco de Berriozabal|55701|15|55701|21|020|8989|Urbano|03
55700|Real de Coacalco|Condominio|Coacalco de Berriozábal|México|Coacalco de Berriozabal|55701|15|55701|10|020|9494|Urbano|03
55705|República Mexicana|Colonia|Coacalco de Berriozábal|México|Coacalco de Berriozabal|55701|15|55701|09|020|3864|Urbano|03
55707|El Obelisco|Conjunto habitacional|Coacalco de Berriozábal|México|Coacalco de Berriozabal|55701|15|55701|12|020|0039|Urbano|03
55707|La Cima|Condominio|Coacalco de Berriozábal|México|Coacalco de Berriozabal|55701|15|55701|10|020|0055|Urbano|03
55707|Ejidal Canuto Luna|Colonia|Coacalco de Berriozábal|México|Coacalco de Berriozabal|55701|15|55701|09|020|3865|Urbano|03
55707|Calpulli del Valle|Conjunto habitacional|Coacalco de Berriozábal|México|Coacalco de Berriozabal|55701|15|55701|12|020|4969|Urbano|03
55707|Ex-Rancho San Felipe|Colonia|Coacalco de Berriozábal|México|Coacalco de Berriozabal|55701|15|55701|09|020|5813|Urbano|03
55707|Lomas San Felipe|Colonia|Coacalco de Berriozábal|México|Coacalco de Berriozabal|55701|15|55701|09|020|5814|Urbano|03
55708|Hidalgo|Colonia|Coacalco de Berriozábal|México|Coacalco de Berriozabal|55701|15|55701|09|020|3867|Urbano|03
55709|COOR Coacalco|Unidad habitacional|Coacalco de Berriozábal|México|Coacalco de Berriozabal|55701|15|55701|31|020|3868|Urbano|03
55709|El Gigante|Colonia|Coacalco de Berriozábal|México|Coacalco de Berriozabal|55701|15|55701|09|020|3869|Urbano|03
55709|Villas Gigante|Fraccionamiento|Coacalco de Berriozábal|México|Coacalco de Berriozabal|55701|15|55701|21|020|3871|Urbano|03
55709|Conjunto San Diego|Condominio|Coacalco de Berriozábal|México|Coacalco de Berriozabal|55701|15|55701|10|020|5811|Urbano|03
55710|Residencial Las Dalias I,II,III Y IV|Fraccionamiento|Coacalco de Berriozábal|México|Coacalco de Berriozabal|55711|15|55711|21|020|3872|Urbano|03
55710|Villa de las Flores 1a Sección (Unidad Coacalco)|Fraccionamiento|Coacalco de Berriozábal|México|Coacalco de Berriozabal|55711|15|55711|21|020|3873|Urbano|03
55710|Villa de las Flores 2a Sección (Unidad Coacalco)|Fraccionamiento|Coacalco de Berriozábal|México|Coacalco de Berriozabal|55711|15|55711|21|020|3874|Urbano|03
55710|Rancho la Providencia|Conjunto habitacional|Coacalco de Berriozábal|México|Coacalco de Berriozabal|55711|15|55711|12|020|5832|Urbano|03
55710|Arcos las Torres|Condominio|Coacalco de Berriozábal|México|Coacalco de Berriozabal|55711|15|55711|10|020|7958|Urbano|03
55710|Las Rosas|Conjunto habitacional|Coacalco de Berriozábal|México|Coacalco de Berriozabal|55711|15|55711|12|020|8125|Urbano|03
55710|Sección Jardín "Las Plazas" (Unidad Coacalco)|Fraccionamiento|Coacalco de Berriozábal|México|Coacalco de Berriozabal|55711|15|55711|21|020|8126|Urbano|03
55712|San Francisco Coacalco (Sección Hacienda)|Conjunto habitacional|Coacalco de Berriozábal|México|Coacalco de Berriozabal|55711|15|55711|12|020|4723|Urbano|03
55712|Los Héroes Coacalco|Fraccionamiento|Coacalco de Berriozábal|México|Coacalco de Berriozabal|55711|15|55711|21|020|5073|Urbano|03
55712|Dalias|Conjunto habitacional|Coacalco de Berriozábal|México|Coacalco de Berriozabal|55711|15|55711|12|020|8982|Urbano|03
55713|La Floresta|Condominio|Coacalco de Berriozábal|México|Coacalco de Berriozabal|55701|15|55701|10|020|0057|Urbano|03
55713|Rincón de las Fuentes|Condominio|Coacalco de Berriozábal|México|Coacalco de Berriozabal|55701|15|55701|10|020|0109|Urbano|03
55713|Rinconada Coacalco|Condominio|Coacalco de Berriozábal|México|Coacalco de Berriozabal|55701|15|55701|10|020|3876|Urbano|03
55713|Villa de Reyes|Condominio|Coacalco de Berriozábal|México|Coacalco de Berriozabal|55701|15|55701|10|020|3877|Urbano|03
55713|Ampliación Villa de Reyes|Colonia|Coacalco de Berriozábal|México|Coacalco de Berriozabal|55701|15|55701|09|020|4973|Urbano|03
55714|Residencial Plaza Coacalco|Condominio|Coacalco de Berriozábal|México|Coacalco de Berriozabal|55711|15|55711|10|020|0001|Urbano|03
55714|Rincón Coahuilense|Condominio|Coacalco de Berriozábal|México|Coacalco de Berriozabal|55711|15|55711|10|020|3878|Urbano|03
55714|San Lorenzo Tetlixtac|Pueblo|Coacalco de Berriozábal|México|Coacalco de Berriozabal|55711|15|55711|28|020|3879|Urbano|03
55714|Niños Héroes|Condominio|Coacalco de Berriozábal|México|Coacalco de Berriozabal|55711|15|55711|10|020|5826|Urbano|03
55714|Los Almendros|Condominio|Coacalco de Berriozábal|México|Coacalco de Berriozabal|55711|15|55711|10|020|5828|Urbano|03
55714|Hacienda San Pablo|Conjunto habitacional|Coacalco de Berriozábal|México|Coacalco de Berriozabal|55711|15|55711|12|020|5830|Urbano|03
55714|Potrero II|Condominio|Coacalco de Berriozábal|México|Coacalco de Berriozabal|55711|15|55711|10|020|5837|Urbano|03
55714|Los Olivos|Condominio|Coacalco de Berriozábal|México|Coacalco de Berriozabal|55711|15|55711|10|020|8983|Urbano|03
55714|Tetlacolili|Condominio|Coacalco de Berriozábal|México|Coacalco de Berriozabal|55711|15|55711|10|020|8991|Urbano|03
55715|Santa María Magdalena Huizachitla|Pueblo|Coacalco de Berriozábal|México|Coacalco de Berriozabal|55711|15|55711|28|020|3880|Urbano|03
55715|Los Sabinos II|Fraccionamiento|Coacalco de Berriozábal|México|Coacalco de Berriozabal|55711|15|55711|21|020|4986|Urbano|03
55716|Jardines de San José 1a Secc|Fraccionamiento|Coacalco de Berriozábal|México|Coacalco de Berriozabal|55711|15|55711|21|020|3881|Urbano|03
55716|Jardines de San José 2a Secc|Fraccionamiento|Coacalco de Berriozábal|México|Coacalco de Berriozabal|55711|15|55711|21|020|3882|Urbano|03
55716|Sección las Villas (Unidad Coacalco)|Fraccionamiento|Coacalco de Berriozábal|México|Coacalco de Berriozabal|55711|15|55711|21|020|3883|Urbano|03
55717|Ex-Hacienda San Felipe 1a. Sección|Conjunto habitacional|Coacalco de Berriozábal|México|Coacalco de Berriozabal|55701|15|55701|12|020|0046|Urbano|03
55717|Rancho la Palma 1a Sección|Conjunto habitacional|Coacalco de Berriozábal|México|Coacalco de Berriozabal|55701|15|55701|12|020|0107|Urbano|03
55717|Bosques del Valle 1a Sección|Fraccionamiento|Coacalco de Berriozábal|México|Coacalco de Berriozabal|55701|15|55701|21|020|3884|Urbano|03
55717|Bosques del Valle 2a Sección|Fraccionamiento|Coacalco de Berriozábal|México|Coacalco de Berriozabal|55701|15|55701|21|020|3885|Urbano|03
55717|Periodistas Revolucionarios|Conjunto habitacional|Coacalco de Berriozábal|México|Coacalco de Berriozabal|55701|15|55701|12|020|3887|Urbano|03
55717|El Laurel|Condominio|Coacalco de Berriozábal|México|Coacalco de Berriozabal|55701|15|55701|10|020|4974|Urbano|03
55717|Los Portales Oriente|Unidad habitacional|Coacalco de Berriozábal|México|Coacalco de Berriozabal|55701|15|55701|31|020|4976|Urbano|03
55717|Ex-Hacienda San Felipe 2a. Sección|Conjunto habitacional|Coacalco de Berriozábal|México|Coacalco de Berriozabal|55701|15|55701|12|020|5791|Urbano|03
55717|Rancho la Palma 2a Sección|Conjunto habitacional|Coacalco de Berriozábal|México|Coacalco de Berriozabal|55701|15|55701|12|020|5792|Urbano|03
55717|Rancho la Palma 3a Sección|Conjunto habitacional|Coacalco de Berriozábal|México|Coacalco de Berriozabal|55701|15|55701|12|020|5793|Urbano|03
55717|El Chaparral|Condominio|Coacalco de Berriozábal|México|Coacalco de Berriozabal|55701|15|55701|10|020|5834|Urbano|03
55717|Ex-Hacienda San Felipe 3a. Sección|Conjunto habitacional|Coacalco de Berriozábal|México|Coacalco de Berriozabal|55701|15|55701|12|020|8978|Urbano|03
55717|Las Bugambilias|Conjunto habitacional|Coacalco de Berriozábal|México|Coacalco de Berriozabal|55701|15|55701|12|020|8981|Urbano|03
55717|Los Portales Poniente|Unidad habitacional|Coacalco de Berriozábal|México|Coacalco de Berriozabal|55701|15|55701|31|020|8984|Urbano|03
55717|Rancho la Palma 4a. Sección|Conjunto habitacional|Coacalco de Berriozábal|México|Coacalco de Berriozabal|55701|15|55701|12|020|8987|Urbano|03
55718|Parque industrial ZI-1 y ZI-2|Zona industrial|Coacalco de Berriozábal|México|Coacalco de Berriozabal|55701|15|55701|37|020|0098|Urbano|03
55718|Potrero Popular I|Colonia|Coacalco de Berriozábal|México|Coacalco de Berriozabal|55701|15|55701|09|020|3888|Urbano|03
55718|Potrero la Laguna 1a Sección|Unidad habitacional|Coacalco de Berriozábal|México|Coacalco de Berriozabal|55701|15|55701|31|020|3889|Urbano|03
55718|Potrero la Laguna 2a Sección|Unidad habitacional|Coacalco de Berriozábal|México|Coacalco de Berriozabal|55701|15|55701|31|020|3890|Urbano|03
55718|José María Morelos y Pavón|Unidad habitacional|Coacalco de Berriozábal|México|Coacalco de Berriozabal|55701|15|55701|31|020|3891|Urbano|03
55718|Santa María II|Conjunto habitacional|Coacalco de Berriozábal|México|Coacalco de Berriozabal|55701|15|55701|12|020|4981|Urbano|03
55718|Las Garzas|Fraccionamiento|Coacalco de Berriozábal|México|Coacalco de Berriozabal|55701|15|55701|21|020|5819|Urbano|03
55718|Potrero I|Condominio|Coacalco de Berriozábal|México|Coacalco de Berriozabal|55701|15|55701|10|020|5820|Urbano|03
55718|Joyas de Coacalco|Condominio|Coacalco de Berriozábal|México|Coacalco de Berriozabal|55701|15|55701|10|020|5821|Urbano|03
55718|Los Cedros I y II|Fraccionamiento|Coacalco de Berriozábal|México|Coacalco de Berriozabal|55701|15|55701|21|020|8976|Urbano|03
55718|La Guadalupana|Condominio|Coacalco de Berriozábal|México|Coacalco de Berriozabal|55701|15|55701|10|020|8980|Urbano|03
55718|Privada las Garzas|Conjunto habitacional|Coacalco de Berriozábal|México|Coacalco de Berriozabal|55701|15|55701|12|020|8986|Urbano|03
55718|Santa María III|Conjunto habitacional|Coacalco de Berriozábal|México|Coacalco de Berriozabal|55701|15|55701|12|020|8990|Urbano|03
55718|Potrero Popular II|Colonia|Coacalco de Berriozábal|México|Coacalco de Berriozabal|55701|15|55701|09|020|8993|Urbano|03
55719|El Pantano|Fraccionamiento|Coacalco de Berriozábal|México|Coacalco de Berriozabal|55711|15|55711|21|020|3892|Urbano|03
55719|San Rafael Coacalco|Unidad habitacional|Coacalco de Berriozábal|México|Coacalco de Berriozabal|55711|15|55711|31|020|3894|Urbano|03
55719|Rinconada San Felipe II|Conjunto habitacional|Coacalco de Berriozábal|México|Coacalco de Berriozabal|55711|15|55711|12|020|4656|Urbano|03
55719|Santa María I|Conjunto habitacional|Coacalco de Berriozábal|México|Coacalco de Berriozabal|55711|15|55711|12|020|5823|Urbano|03
55719|Rinconada San Felipe I|Conjunto habitacional|Coacalco de Berriozábal|México|Coacalco de Berriozabal|55711|15|55711|12|020|7868|Urbano|03
55719|Plaza las Flores|Fraccionamiento|Coacalco de Berriozábal|México|Coacalco de Berriozabal|55711|15|55711|21|020|8992|Urbano|03
55720|Parque Residencial Coacalco 1a Sección|Fraccionamiento|Coacalco de Berriozábal|México|Coacalco de Berriozabal|55701|15|55701|21|020|3896|Urbano|03
55720|Parque Residencial Coacalco 2a Sección|Fraccionamiento|Coacalco de Berriozábal|México|Coacalco de Berriozabal|55701|15|55701|21|020|3897|Urbano|03
55720|Parque Residencial Coacalco 3a Sección|Fraccionamiento|Coacalco de Berriozábal|México|Coacalco de Berriozabal|55701|15|55701|21|020|3898|Urbano|03
55726|Villa Florida|Conjunto habitacional|Coacalco de Berriozábal|México|Coacalco de Berriozabal|55701|15|55701|12|020|0058|Urbano|03
55726|Granjas San Cristóbal|Fraccionamiento|Coacalco de Berriozábal|México|Coacalco de Berriozabal|55701|15|55701|21|020|3900|Urbano|03
55726|Hacienda del Teruel|Condominio|Coacalco de Berriozábal|México|Coacalco de Berriozabal|55701|15|55701|10|020|5816|Urbano|03
55726|Star I|Condominio|Coacalco de Berriozábal|México|Coacalco de Berriozabal|55701|15|55701|10|020|5817|Urbano|03
55726|Star II|Condominio|Coacalco de Berriozábal|México|Coacalco de Berriozabal|55701|15|55701|10|020|5818|Urbano|03
55726|La Vista|Conjunto habitacional|Coacalco de Berriozábal|México|Coacalco de Berriozabal|55701|15|55701|12|020|8197|Urbano|03
55726|Valle Florido|Fraccionamiento|Coacalco de Berriozábal|México|Coacalco de Berriozabal|55701|15|55701|21|020|8778|Urbano|03
55728|Las Brisas|Condominio|Coacalco de Berriozábal|México|Coacalco de Berriozabal|55701|15|55701|10|020|0071|Urbano|03
55728|El Granero|Colonia|Coacalco de Berriozábal|México|Coacalco de Berriozabal|55701|15|55701|09|020|3902|Urbano|03
55728|COOR Granjas|Unidad habitacional|Coacalco de Berriozábal|México|Coacalco de Berriozabal|55701|15|55701|31|020|3903|Urbano|03
55728|El Oasis|Conjunto habitacional|Coacalco de Berriozábal|México|Coacalco de Berriozabal|55701|15|55701|12|020|4983|Urbano|03
55728|Camino Real (imevis)|Fraccionamiento|Coacalco de Berriozábal|México|Coacalco de Berriozabal|55701|15|55701|21|020|5822|Urbano|03
55729|Los Sabinos I|Fraccionamiento|Coacalco de Berriozábal|México|Coacalco de Berriozabal|55701|15|55701|21|020|3904|Urbano|03
55729|Sitatyr Arboledas|Condominio|Coacalco de Berriozábal|México|Coacalco de Berriozabal|55701|15|55701|10|020|3905|Urbano|03
55730|Villa las Manzanas|Condominio|Coacalco de Berriozábal|México|Coacalco de Berriozabal|55701|15|55701|10|020|3906|Urbano|03
55736|Lomas de Coacalco 1a. Sección|Fraccionamiento|Coacalco de Berriozábal|México|Coacalco de Berriozabal|55701|15|55701|21|020|3907|Urbano|03
55736|Lomas de Coacalco 2a. Sección (Bosques)|Fraccionamiento|Coacalco de Berriozábal|México|Coacalco de Berriozabal|55701|15|55701|21|020|4984|Urbano|03
55736|Basurero Municipal (La Aurora)|Equipamiento|Coacalco de Berriozábal|México|Coacalco de Berriozabal|55701|15|55701|17|020|8776|Urbano|03
55737|Jalatlaco|Conjunto habitacional|Coacalco de Berriozábal|México|Coacalco de Berriozabal|55701|15|55701|12|020|4985|Urbano|03
55737|Mediterraneo|Condominio|Coacalco de Berriozábal|México|Coacalco de Berriozabal|55701|15|55701|10|020|8985|Urbano|03
55738|Arte y Publicidad Miguel Hidalgo|Conjunto habitacional|Coacalco de Berriozábal|México|Coacalco de Berriozabal|55701|15|55701|12|020|0008|Urbano|03
55738|Loma Bonita|Colonia|Coacalco de Berriozábal|México|Coacalco de Berriozabal|55701|15|55701|09|020|3910|Urbano|03
55738|Asociación de Comerciantes de Coacalco|Condominio|Coacalco de Berriozábal|México|Coacalco de Berriozabal|55701|15|55701|10|020|5795|Urbano|03
55738|Xalatlaco (Imevis)|Colonia|Coacalco de Berriozábal|México|Coacalco de Berriozabal|55701|15|55701|09|020|5796|Urbano|03
55738|Hacienda Taxco Viejo|Condominio|Coacalco de Berriozábal|México|Coacalco de Berriozabal|55701|15|55701|10|020|5797|Urbano|03
55738|El Ranchito (imevis)|Colonia|Coacalco de Berriozábal|México|Coacalco de Berriozabal|55701|15|55701|09|020|5833|Urbano|03
55739|Los Acuales|Colonia|Coacalco de Berriozábal|México|Coacalco de Berriozabal|55701|15|55701|09|020|3911|Urbano|03
55740|Ejido Santa Ana|Colonia|Tecámac|México|Tecámac de Felipe Villanueva|55762|15|55762|09|081|0025|Urbano|12
55740|Tecámac de Felipe Villanueva Centro|Pueblo|Tecámac|México|Tecámac de Felipe Villanueva|55762|15|55762|28|081|3912|Urbano|12
55740|El Calvario|Barrio|Tecámac|México|Tecámac de Felipe Villanueva|55762|15|55762|02|081|8122|Urbano|12
55740|Galaxias el Llano|Fraccionamiento|Tecámac|México|Tecámac de Felipe Villanueva|55762|15|55762|21|081|9426|Urbano|12
55743|Real Granada|Fraccionamiento|Tecámac|México|Tecámac de Felipe Villanueva|55762|15|55762|21|081|0008|Rural|12
55743|Isidro Fabela|Colonia|Tecámac|México|Tecámac de Felipe Villanueva|55762|15|55762|09|081|5597|Urbano|12
55743|Rancho la Luz|Condominio|Tecámac|México|Tecámac de Felipe Villanueva|55762|15|55762|10|081|8068|Rural|12
55743|La Palma|Colonia|Tecámac|México|Tecámac de Felipe Villanueva|55762|15|55762|09|081|8075|Urbano|12
55743|Hacienda del Bosque|Fraccionamiento|Tecámac|México|Tecámac de Felipe Villanueva|55762|15|55762|21|081|8189|Rural|12
55743|San Nicolás la Redonda|Fraccionamiento|Tecámac|México|Tecámac de Felipe Villanueva|55762|15|55762|21|081|8227|Urbano|12
55744|San Pedro Potzohuacan|Pueblo|Tecámac|México|Tecámac de Felipe Villanueva|55762|15|55762|28|081|3915|Urbano|12
55745|Real Granada IV|Fraccionamiento|Tecámac|México|Tecámac de Felipe Villanueva|55762|15|55762|21|081|0016|Urbano|12
55745|Reserva Castilla|Fraccionamiento|Tecámac|México|Tecámac de Felipe Villanueva|55762|15|55762|21|081|0024|Urbano|12
55745|San Jerónimo Xonacahuacan|Pueblo|Tecámac|México|Tecámac de Felipe Villanueva|55762|15|55762|28|081|3916|Urbano|12
55745|Ampliación San Jerónimo|Colonia|Tecámac|México|Tecámac de Felipe Villanueva|55762|15|55762|09|081|8083|Urbano|12
55745|Nuevo México|Colonia|Tecámac|México|Tecámac de Felipe Villanueva|55762|15|55762|09|081|8084|Urbano|12
55745|Jardines de Xonacahuacan|Colonia|Tecámac|México|Tecámac de Felipe Villanueva|55762|15|55762|09|081|8276|Urbano|12
55746|Ex Hacienda San Miguel Tenopala|Ranchería|Tecámac|México|Tecámac de Felipe Villanueva|55762|15|55762|29|081|0010|Urbano|12
55746|Rancho la Capilla|Fraccionamiento|Tecámac|México|Tecámac de Felipe Villanueva|55762|15|55762|21|081|0015|Urbano|12
55746|Real Belmonte|Fraccionamiento|Tecámac|México|Tecámac de Felipe Villanueva|55762|15|55762|21|081|0023|Rural|12
55746|Club de Polo (Rancho Azul)|Rancho|Tecámac|México|Tecámac de Felipe Villanueva|55762|15|55762|48|081|8070|Rural|12
55746|Santa Cruz Tecámac|Fraccionamiento|Tecámac|México|Tecámac de Felipe Villanueva|55762|15|55762|21|081|9423|Urbano|12
55747|San Pablo Tecalco|Pueblo|Tecámac|México|Tecámac de Felipe Villanueva|55762|15|55762|28|081|3930|Urbano|12
55747|San Isidro Citlalcóatl|Colonia|Tecámac|México|Tecámac de Felipe Villanueva|55762|15|55762|09|081|7014|Rural|12
55748|Jema|Fraccionamiento|Tecámac|México|Tecámac de Felipe Villanueva|55762|15|55762|21|081|0014|Urbano|12
55748|San José|Colonia|Tecámac|México|Tecámac de Felipe Villanueva|55762|15|55762|09|081|3917|Urbano|12
55748|San Martín Azcatepec|Colonia|Tecámac|México|Tecámac de Felipe Villanueva|55762|15|55762|09|081|3918|Urbano|12
55748|San Mateo Tecalco|Colonia|Tecámac|México|Tecámac de Felipe Villanueva|55762|15|55762|09|081|3919|Urbano|12
55748|Ejido de Tecámac|Colonia|Tecámac|México|Tecámac de Felipe Villanueva|55762|15|55762|09|081|5335|Urbano|12
55748|Primero de Marzo|Colonia|Tecámac|México|Tecámac de Felipe Villanueva|55762|15|55762|09|081|5596|Urbano|12
55748|Los Olivos|Colonia|Tecámac|México|Tecámac de Felipe Villanueva|55762|15|55762|09|081|5598|Urbano|12
55748|Los Olivos|Fraccionamiento|Tecámac|México|Tecámac de Felipe Villanueva|55762|15|55762|21|081|7025|Urbano|12
55748|Ampliación Ejido de Tecámac|Colonia|Tecámac|México|Tecámac de Felipe Villanueva|55762|15|55762|09|081|8079|Urbano|12
55749|Montecarlo|Fraccionamiento|Tecámac|México|Tecámac de Felipe Villanueva|55762|15|55762|21|081|0011|Rural|12
55749|5 de Mayo|Colonia|Tecámac|México|Tecámac de Felipe Villanueva|55762|15|55762|09|081|3920|Urbano|12
55749|Hueyotenco|Colonia|Tecámac|México|Tecámac de Felipe Villanueva|55762|15|55762|09|081|3921|Urbano|12
55749|Nueva Santa María|Colonia|Tecámac|México|Tecámac de Felipe Villanueva|55762|15|55762|09|081|3922|Urbano|12
55749|Villa del Real|Fraccionamiento|Tecámac|México|Tecámac de Felipe Villanueva|55762|15|55762|21|081|5099|Urbano|12
55749|Ampliación 5 de Mayo|Colonia|Tecámac|México|Tecámac de Felipe Villanueva|55762|15|55762|09|081|5337|Urbano|12
55749|La Nopalera|Colonia|Tecámac|México|Tecámac de Felipe Villanueva|55762|15|55762|09|081|5599|Urbano|12
55749|Electricistas|Colonia|Tecámac|México|Tecámac de Felipe Villanueva|55762|15|55762|09|081|5650|Urbano|12
55749|Sierra Hermosa|Fraccionamiento|Tecámac|México|Tecámac de Felipe Villanueva|55762|15|55762|21|081|6583|Urbano|12
55749|Texcaltitla|Colonia|Tecámac|México|Tecámac de Felipe Villanueva|55762|15|55762|09|081|7019|Urbano|12
55749|Ixotitla|Colonia|Tecámac|México|Tecámac de Felipe Villanueva|55762|15|55762|09|081|8069|Urbano|12
55749|Vista Hermosa|Colonia|Tecámac|México|Tecámac de Felipe Villanueva|55762|15|55762|09|081|8078|Urbano|12
55749|Del Catillo|Fraccionamiento|Tecámac|México|Tecámac de Felipe Villanueva|55762|15|55762|21|081|8278|Urbano|12
55749|Jardines de Tecámac|Fraccionamiento|Tecámac|México|Tecámac de Felipe Villanueva|55762|15|55762|21|081|8629|Urbano|12
55750|El Tanque|Colonia|Tecámac|México|Tecámac de Felipe Villanueva|55762|15|55762|09|081|0022|Rural|12
55750|Santa María Ajoloapan|Pueblo|Tecámac|México|Tecámac de Felipe Villanueva|55762|15|55762|28|081|3923|Urbano|12
55752|San Juan Pueblo Nuevo|Pueblo|Tecámac|México|Tecámac de Felipe Villanueva|55601|15|55601|28|081|3924|Rural|12
55754|Santo Domingo Ajoloapan|Pueblo|Tecámac|México|Tecámac de Felipe Villanueva|55762|15|55762|28|081|3925|Urbano|12
55754|Paseos de Tecámac|Fraccionamiento|Tecámac|México|Tecámac de Felipe Villanueva|55762|15|55762|21|081|7867|Rural|12
55754|Loma de San Jerónimo (Ampliación Santo Domingo)|Colonia|Tecámac|México|Tecámac de Felipe Villanueva|55762|15|55762|09|081|8080|Rural|12
55755|Los Reyes Acozac|Pueblo|Tecámac|México|Tecámac de Felipe Villanueva|55762|15|55762|28|081|3926|Urbano|12
55755|La Campiña|Colonia|Tecámac|México|Tecámac de Felipe Villanueva|55762|15|55762|09|081|7991|Urbano|12
55755|Buenavista|Colonia|Tecámac|México|Tecámac de Felipe Villanueva|55762|15|55762|09|081|8071|Urbano|12
55755|Guadalupe de Reyes Acozac|Barrio|Tecámac|México|Tecámac de Felipe Villanueva|55762|15|55762|02|081|8073|Urbano|12
55755|La Michapa|Colonia|Tecámac|México|Tecámac de Felipe Villanueva|55762|15|55762|09|081|8074|Urbano|12
55755|La Palma de Reyes|Colonia|Tecámac|México|Tecámac de Felipe Villanueva|55762|15|55762|09|081|8076|Urbano|12
55755|Progreso|Colonia|Tecámac|México|Tecámac de Felipe Villanueva|55762|15|55762|09|081|8077|Urbano|12
55755|El Calvario de Reyes Acozac|Barrio|Tecámac|México|Tecámac de Felipe Villanueva|55762|15|55762|02|081|8081|Urbano|12
55755|San Miguel|Colonia|Tecámac|México|Tecámac de Felipe Villanueva|55762|15|55762|09|081|8121|Urbano|12
55757|San Lucas Xolox|Pueblo|Tecámac|México|Tecámac de Felipe Villanueva|55601|15|55601|28|081|3927|Urbano|12
55757|Ejidal|Colonia|Tecámac|México|Tecámac de Felipe Villanueva|55601|15|55601|09|081|8072|Urbano|12
55758|Ampliación la Palma (Zona Industrial)|Zona industrial|Tecámac|México|Tecámac de Felipe Villanueva|55762|15|55762|37|081|9424|Urbano|12
55760|San Francisco Cuautliquixca|Pueblo|Tecámac|México|Tecámac de Felipe Villanueva|55762|15|55762|28|081|3929|Urbano|12
55760|Santa María Ozumbilla|Pueblo|Tecámac|México|Tecámac de Felipe Villanueva|55762|15|55762|28|081|3931|Urbano|12
55760|Norchuca|Colonia|Tecámac|México|Tecámac de Felipe Villanueva|55762|15|55762|09|081|3947|Urbano|12
55760|Mexicanos Unidos|Fraccionamiento|Tecámac|México|Tecámac de Felipe Villanueva|55762|15|55762|21|081|7011|Urbano|12
55760|Magisterial|Colonia|Tecámac|México|Tecámac de Felipe Villanueva|55762|15|55762|09|081|7016|Urbano|12
55760|Atlautenco|Colonia|Tecámac|México|Tecámac de Felipe Villanueva|55762|15|55762|09|081|7022|Urbano|12
55760|El Calvario de Ozumbilla|Barrio|Tecámac|México|Tecámac de Felipe Villanueva|55762|15|55762|02|081|7023|Urbano|12
55760|Portal Ojo de Agua|Fraccionamiento|Tecámac|México|Tecámac de Felipe Villanueva|55762|15|55762|21|081|7026|Urbano|12
55763|Vitalia|Fraccionamiento|Tecámac|México|Tecámac de Felipe Villanueva|55762|15|55762|21|081|0021|Urbano|12
55763|Los Héroes Tecámac|Unidad habitacional|Tecámac|México|Tecámac de Felipe Villanueva|55762|15|55762|31|081|5672|Urbano|12
55764|Margarito F. Ayala|Colonia|Tecámac|México|Tecámac de Felipe Villanueva|55762|15|55762|09|081|3932|Urbano|12
55764|Los Héroes Tecámac II|Unidad habitacional|Tecámac|México|Tecámac de Felipe Villanueva|55762|15|55762|31|081|5673|Urbano|12
55764|Los Héroes Ozumbilla|Unidad habitacional|Tecámac|México|Tecámac de Felipe Villanueva|55762|15|55762|31|081|8626|Urbano|12
55764|Nuevo Paraíso|Colonia|Tecámac|México|Tecámac de Felipe Villanueva|55762|15|55762|09|081|8628|Urbano|12
55765|Los Héroes San Pablo|Fraccionamiento|Tecámac|México|Tecámac de Felipe Villanueva|55762|15|55762|21|081|0007|Urbano|12
55765|Nueva Tlalnepantla|Colonia|Tecámac|México|Tecámac de Felipe Villanueva|55762|15|55762|09|081|3934|Urbano|12
55765|Esmeralda|Colonia|Tecámac|México|Tecámac de Felipe Villanueva|55762|15|55762|09|081|3935|Urbano|12
55765|Lomas de Tecámac|Fraccionamiento|Tecámac|México|Tecámac de Felipe Villanueva|55762|15|55762|21|081|5632|Urbano|12
55765|La Cañada|Colonia|Tecámac|México|Tecámac de Felipe Villanueva|55762|15|55762|09|081|7021|Urbano|12
55765|Jesús Romero Flores|Colonia|Tecámac|México|Tecámac de Felipe Villanueva|55762|15|55762|09|081|8250|Urbano|12
55765|Granjas Valle de Guadalupe|Colonia|Tecámac|México|Tecámac de Felipe Villanueva|55762|15|55762|09|081|8251|Urbano|12
55765|México Independiente|Colonia|Tecámac|México|Tecámac de Felipe Villanueva|55762|15|55762|09|081|8252|Urbano|12
55765|21 de Agosto|Colonia|Tecámac|México|Tecámac de Felipe Villanueva|55762|15|55762|09|081|8253|Urbano|12
55765|10 de Junio|Colonia|Tecámac|México|Tecámac de Felipe Villanueva|55762|15|55762|09|081|8254|Urbano|12
55765|Soto y Gama|Colonia|Tecámac|México|Tecámac de Felipe Villanueva|55762|15|55762|09|081|8255|Urbano|12
55766|Ampliación Ozumbilla|Colonia|Tecámac|México|Tecámac de Felipe Villanueva|55762|15|55762|09|081|3940|Urbano|12
55767|Conjunto urbano Real Verona|Fraccionamiento|Tecámac|México|Tecámac de Felipe Villanueva|55762|15|55762|21|081|0003|Urbano|12
55767|Real Toscana|Fraccionamiento|Tecámac|México|Tecámac de Felipe Villanueva|55762|15|55762|21|081|0004|Urbano|12
55767|Punta Palermo|Fraccionamiento|Tecámac|México|Tecámac de Felipe Villanueva|55762|15|55762|21|081|0005|Urbano|12
55767|Bosques de los Héroes|Fraccionamiento|Tecámac|México|Tecámac de Felipe Villanueva|55762|15|55762|21|081|0009|Urbano|12
55767|Paseos del Bosque|Fraccionamiento|Tecámac|México|Tecámac de Felipe Villanueva|55762|15|55762|21|081|0012|Urbano|12
55767|Real Carrara|Fraccionamiento|Tecámac|México|Tecámac de Felipe Villanueva|55762|15|55762|21|081|0013|Urbano|12
55767|Real Alcalá|Fraccionamiento|Tecámac|México|Tecámac de Felipe Villanueva|55762|15|55762|21|081|0017|Urbano|12
55767|Alcázar|Fraccionamiento|Tecámac|México|Tecámac de Felipe Villanueva|55762|15|55762|21|081|0018|Urbano|12
55767|Quinta Versalles|Fraccionamiento|Tecámac|México|Tecámac de Felipe Villanueva|55762|15|55762|21|081|0019|Urbano|12
55767|Real Vizcaya|Fraccionamiento|Tecámac|México|Tecámac de Felipe Villanueva|55762|15|55762|21|081|0020|Urbano|12
55767|Loma Bonita|Colonia|Tecámac|México|Tecámac de Felipe Villanueva|55762|15|55762|09|081|3942|Urbano|12
55767|Santa Cruz|Colonia|Tecámac|México|Tecámac de Felipe Villanueva|55762|15|55762|09|081|3943|Urbano|12
55767|Los Arcos|Colonia|Tecámac|México|Tecámac de Felipe Villanueva|55762|15|55762|09|081|7015|Urbano|12
55767|Real del Sol|Fraccionamiento|Tecámac|México|Tecámac de Felipe Villanueva|55762|15|55762|21|081|7024|Urbano|12
55767|Real del Cid|Fraccionamiento|Tecámac|México|Tecámac de Felipe Villanueva|55762|15|55762|21|081|7847|Urbano|12
55767|Real Castell|Fraccionamiento|Tecámac|México|Tecámac de Felipe Villanueva|55762|15|55762|21|081|8053|Urbano|12
55767|Real Firenze|Fraccionamiento|Tecámac|México|Tecámac de Felipe Villanueva|55762|15|55762|21|081|8478|Urbano|12
55767|Valle San Pedro Urbi Villa del Campo|Fraccionamiento|Tecámac|México|Tecámac de Felipe Villanueva|55762|15|55762|21|081|8487|Urbano|12
55768|Cuauhtémoc|Colonia|Tecámac|México|Tecámac de Felipe Villanueva|55762|15|55762|09|081|3944|Urbano|12
55768|Lomas de Ozumbilla|Colonia|Tecámac|México|Tecámac de Felipe Villanueva|55762|15|55762|09|081|3945|Urbano|12
55768|San Antonio (de San Francisco Cuautliquixca)|Colonia|Tecámac|México|Tecámac de Felipe Villanueva|55762|15|55762|09|081|3946|Urbano|12
55768|La Azteca|Colonia|Tecámac|México|Tecámac de Felipe Villanueva|55762|15|55762|09|081|7013|Urbano|12
55768|Vista Hermosa (De Ozumbilla)|Colonia|Tecámac|México|Tecámac de Felipe Villanueva|55762|15|55762|09|081|7020|Urbano|12
55768|Tezontla|Colonia|Tecámac|México|Tecámac de Felipe Villanueva|55762|15|55762|09|081|9425|Rural|12
55770|San Pedro (El Terremoto)|Colonia|Tecámac|México|Tecámac de Felipe Villanueva|55762|15|55762|09|081|0001|Rural|12
55770|Rinconada San Pedro|Fraccionamiento|Tecámac|México|Tecámac de Felipe Villanueva|55762|15|55762|21|081|0006|Urbano|12
55770|Ojo de Agua|Fraccionamiento|Tecámac|México|Tecámac de Felipe Villanueva|55762|15|55762|21|081|3949|Urbano|12
55770|San Pedro Atzompa|Pueblo|Tecámac|México|Tecámac de Felipe Villanueva|55762|15|55762|28|081|3950|Urbano|12
55773|Hacienda Provenzal|Conjunto habitacional|Tecámac|México|Tecámac de Felipe Villanueva|55762|15|55762|12|081|8572|Urbano|12
55776|Lomas de San Pedro Atzompa|Colonia|Tecámac|México|Tecámac de Felipe Villanueva|55762|15|55762|09|081|3952|Urbano|12
55778|Ampliación de la Concepción|Colonia|Tecámac|México|Tecámac de Felipe Villanueva|55762|15|55762|09|081|9427|Urbano|12
55780|San Andrés Jaltenco|Pueblo|Jaltenco|México|null|55601|15|55601|28|044|3954|Urbano|null
55780|La Lagunilla|Barrio|Jaltenco|México|null|55601|15|55601|02|044|8532|Urbano|null
55780|San Martín|Barrio|Jaltenco|México|null|55601|15|55601|02|044|8533|Urbano|null
55783|Alborada Jaltenco CTM XI|Unidad habitacional|Jaltenco|México|null|54931|15|54931|31|044|3956|Urbano|null
55783|Pro Vivienda|Colonia|Jaltenco|México|null|54931|15|54931|09|044|5462|Urbano|null
55783|Bahías de Jaltenco|Colonia|Jaltenco|México|null|54931|15|54931|09|044|5595|Urbano|null
55783|Privadas del Sol|Fraccionamiento|Jaltenco|México|null|54931|15|54931|21|044|9078|Urbano|null
55785|San Juan Zacazontla|Colonia|Tonanitla|México|null|55762|15|55762|09|125|0003|Urbano|null
55785|Las Chinampas|Colonia|Tonanitla|México|null|55762|15|55762|09|125|0004|Rural|null
55785|Valle Verde|Colonia|Tonanitla|México|null|55762|15|55762|09|125|0005|Rural|null
55785|Santa María Tonanitla|Pueblo|Tonanitla|México|null|55762|15|55762|28|125|3957|Rural|null
55785|Villas de Santa María|Fraccionamiento|Tonanitla|México|null|55762|15|55762|21|125|7010|Urbano|null
55786|La Asunción|Colonia|Tonanitla|México|null|55762|15|55762|09|125|0001|Rural|null
55787|Villas de Tonanitla|Fraccionamiento|Tonanitla|México|null|55762|15|55762|21|125|0002|Urbano|null
55790|Ejido de Santana|Colonia|Nextlalpan|México|null|55601|15|55601|09|059|0003|Rural|null
55790|San Miguel Jaltocan|Pueblo|Nextlalpan|México|null|55601|15|55601|28|059|3959|Urbano|null
55790|Central|Barrio|Nextlalpan|México|null|55601|15|55601|02|059|3960|Urbano|null
55793|Las Malvinas|Colonia|Nextlalpan|México|null|55601|15|55601|09|059|8781|Urbano|null
55793|San Estebán Ecatitlan|Barrio|Nextlalpan|México|null|55601|15|55601|02|059|8782|Urbano|null
55793|San Francisco Molonco|Barrio|Nextlalpan|México|null|55601|15|55601|02|059|8783|Urbano|null
55793|San Pedro Miltenco|Barrio|Nextlalpan|México|null|55601|15|55601|02|059|8785|Urbano|null
55794|Macan|Ranchería|Nextlalpan|México|null|55601|15|55601|29|059|8792|Rural|null
55794|Terrenos Comunales Xaltocan|Colonia|Nextlalpan|México|null|55601|15|55601|09|059|8794|Rural|null
55795|Compuerta Oriente|Colonia|Nextlalpan|México|null|55601|15|55601|09|059|0004|Rural|null
55795|Laguna|Granja|Nextlalpan|México|null|55601|15|55601|23|059|8789|Rural|null
55795|Los Pastales|Ranchería|Nextlalpan|México|null|55601|15|55601|29|059|8790|Rural|null
55796|Paseos del Valle|Fraccionamiento|Nextlalpan|México|null|55601|15|55601|21|059|0001|Rural|null
55796|Villas de Nextlalpan|Fraccionamiento|Nextlalpan|México|null|55601|15|55601|21|059|0002|Urbano|null
55796|Ex-hacienda Santa Inés|Fraccionamiento|Nextlalpan|México|null|55601|15|55601|21|059|8725|Urbano|null
55796|Los Aguiluchos|Colonia|Nextlalpan|México|null|55601|15|55601|09|059|8786|Rural|null
55796|Pozos y Vías (Fracción Diecisiete A)|Colonia|Nextlalpan|México|null|55601|15|55601|09|059|8787|Rural|null
55796|Prados San Francisco|Colonia|Nextlalpan|México|null|55601|15|55601|09|059|8791|Rural|null
55796|San Antonio (El Oasis)|Ranchería|Nextlalpan|México|null|55601|15|55601|29|059|8793|Rural|null
55796|Tierra de Santa Inés|Ranchería|Nextlalpan|México|null|55601|15|55601|29|059|8795|Urbano|null
55797|Santiago Atocan|Pueblo|Nextlalpan|México|null|55601|15|55601|28|059|3961|Rural|null
55797|San Juan Atenanco|Barrio|Nextlalpan|México|null|55601|15|55601|02|059|8784|Urbano|null
55799|San Mateo Acuitlapilco|Pueblo|Nextlalpan|México|null|55601|15|55601|28|059|3962|Rural|null
55799|Cuatro Caballerías|Colonia|Nextlalpan|México|null|55601|15|55601|09|059|8788|Rural|null
55800|Teotihuacan de Arista Centro|Pueblo|Teotihuacán|México|null|55801|15|55801|28|092|3963|Urbano|null
55803|Acatitla|Colonia|Teotihuacán|México|null|55801|15|55801|09|092|3967|Urbano|null
55803|Colatitla|Colonia|Teotihuacán|México|null|55801|15|55801|09|092|3968|Urbano|null
55803|Nueva San Pedro|Colonia|Teotihuacán|México|null|55801|15|55801|09|092|7111|Urbano|null
55803|Huepalco|Colonia|Teotihuacán|México|null|55801|15|55801|09|092|7114|Urbano|null
55803|El Tejocote|Colonia|Teotihuacán|México|null|55801|15|55801|09|092|7115|Urbano|null
55804|Purificación|Pueblo|Teotihuacán|México|null|55801|15|55801|28|092|3966|Urbano|null
55805|Puxtla|Pueblo|Teotihuacán|México|null|55801|15|55801|28|092|3981|Urbano|null
55806|Nueva Teotihuacan|Colonia|Teotihuacán|México|null|55801|15|55801|09|092|5338|Urbano|null
55806|Nueva Evangelista|Colonia|Teotihuacán|México|null|55801|15|55801|09|092|5339|Urbano|null
55807|El Mirador|Colonia|Teotihuacán|México|null|55801|15|55801|09|092|3969|Urbano|null
55807|Villas de Teotihuacan|Pueblo|Teotihuacán|México|null|55801|15|55801|28|092|3970|Urbano|null
55807|San Juan Teotihuacán (El Cuartel)|Equipamiento|Teotihuacán|México|null|55801|15|55801|17|092|5341|Rural|null
55810|Santa María Cozotlán|Pueblo|Teotihuacán|México|null|55801|15|55801|28|092|3965|Rural|null
55810|Oxtoyáhuatl (Barrio Purificación)|Ejido|Teotihuacán|México|null|55801|15|55801|15|092|9287|Rural|null
55816|San Juan Evangelista|Pueblo|Teotihuacán|México|null|55801|15|55801|28|092|3971|Urbano|null
55816|El Portal|Fraccionamiento|Teotihuacán|México|null|55801|15|55801|21|092|8780|Urbano|null
55817|Loma del Cerro Colorado|Colonia|Teotihuacán|México|null|55801|15|55801|09|092|9286|Rural|null
55820|San Francisco Mazapa|Pueblo|Teotihuacán|México|null|55801|15|55801|28|092|3977|Urbano|null
55823|Nueva Santa María|Colonia|Teotihuacán|México|null|55801|15|55801|09|092|7112|Urbano|null
55824|San Sebastián Xolalpa|Pueblo|Teotihuacán|México|null|55801|15|55801|28|092|3980|Urbano|null
55824|Metepec (Estación Metepec)|Ranchería|Teotihuacán|México|null|55801|15|55801|29|092|7120|Rural|null
55825|Ampliación Ejidal Tlajinga|Colonia|Teotihuacán|México|null|55801|15|55801|09|092|7121|Rural|null
55826|Ampliación San Francisco|Colonia|Teotihuacán|México|null|55801|15|55801|09|092|9291|Rural|null
55829|San Juan Teotihuacan Zona Arqueológica|Equipamiento|Teotihuacán|México|null|55801|15|55801|17|092|3978|Rural|null
55830|San Lorenzo Tlalmimilolpan|Pueblo|Teotihuacán|México|null|55801|15|55801|28|092|3983|Rural|null
55830|De los Deportes|Colonia|Teotihuacán|México|null|55801|15|55801|09|092|7118|Rural|null
55830|Del Valle|Colonia|Teotihuacán|México|null|55801|15|55801|09|092|7119|Rural|null
55833|El Potrero|Colonia|Teotihuacán|México|null|55801|15|55801|09|092|7116|Urbano|null
55833|La Ventilla|Colonia|Teotihuacán|México|null|55801|15|55801|09|092|7117|Urbano|null
55834|Santiago Atlatongo|Pueblo|Teotihuacán|México|null|55801|15|55801|28|092|3972|Urbano|null
55835|Santa María Coatlán|Ejido|Teotihuacán|México|null|55801|15|55801|15|092|3979|Rural|null
55835|Santa Catarina|Colonia|Teotihuacán|México|null|55801|15|55801|09|092|7113|Rural|null
55836|San Sebastián|Ejido|Teotihuacán|México|null|55801|15|55801|15|092|9292|Rural|null
55837|San Lorenzo|Ejido|Teotihuacán|México|null|55801|15|55801|15|092|9293|Rural|null
55838|El Potrero (Ejido Purificación)|Ejido|Teotihuacán|México|null|55801|15|55801|15|092|9289|Rural|null
55838|Atlatongo|Ejido|Teotihuacán|México|null|55801|15|55801|15|092|9290|Rural|null
55840|Santa María Maquixco|Colonia|Teotihuacán|México|null|55801|15|55801|09|092|3982|Urbano|null
55840|Ampliación Ejidal Maquixco|Colonia|Teotihuacán|México|null|55801|15|55801|09|092|8240|Urbano|null
55843|San Agustín Actipac|Pueblo|Teotihuacán|México|null|55801|15|55801|28|092|3973|Rural|null
55843|Ampliación Cadena Maquixco|Colonia|Teotihuacán|México|null|55801|15|55801|09|092|7108|Rural|null
55843|El Cayahual|Colonia|Teotihuacán|México|null|55801|15|55801|09|092|7109|Rural|null
55844|Hacienda Cadena|Unidad habitacional|Teotihuacán|México|null|55801|15|55801|31|092|7110|Urbano|null
55845|Palomar Maquixco|Colonia|Teotihuacán|México|null|55801|15|55801|09|092|5340|Rural|null
55845|Palomar Atlatongo|Colonia|Teotihuacán|México|null|55801|15|55801|09|092|5468|Rural|null
55846|Santiago Zacualuca|Pueblo|Teotihuacán|México|null|55801|15|55801|28|092|3976|Rural|null
55846|Tercera Sección de Atlatongo (Cerro Ocuilán)|Ejido|Teotihuacán|México|null|55801|15|55801|15|092|9288|Rural|null
55847|San Isidro del Progreso|Pueblo|Teotihuacán|México|null|55801|15|55801|28|092|3975|Rural|null
55850|San Martín de las Pirámides Centro|Pueblo|San Martín de las Pirámides|México|null|55851|15|55851|28|075|3984|Urbano|null
55850|San Martín|Ejido|San Martín de las Pirámides|México|null|55851|15|55851|15|075|9022|Rural|null
55852|Ixtlahuaca|Pueblo|San Martín de las Pirámides|México|null|55851|15|55851|28|075|3986|Rural|null
55852|Santa María Tezompa|Pueblo|San Martín de las Pirámides|México|null|55851|15|55851|28|075|8196|Rural|null
55852|Álvaro Obregón|Colonia|San Martín de las Pirámides|México|null|55851|15|55851|09|075|9013|Rural|null
55852|El Saltito|Ranchería|San Martín de las Pirámides|México|null|55851|15|55851|29|075|9016|Rural|null
55853|Cozotlán Norte|Colonia|San Martín de las Pirámides|México|null|55851|15|55851|09|075|0001|Rural|null
55853|San Antonio de las Palmas|Barrio|San Martín de las Pirámides|México|null|55851|15|55851|02|075|3987|Rural|null
55853|Tlachinolpa|Ranchería|San Martín de las Pirámides|México|null|55851|15|55851|29|075|9014|Rural|null
55854|San Marcos Cerro Gordo|Colonia|San Martín de las Pirámides|México|null|55851|15|55851|09|075|9015|Rural|null
55854|La Noria|Ranchería|San Martín de las Pirámides|México|null|55851|15|55851|29|075|9018|Rural|null
55854|San José Cerro Gordo|Ranchería|San Martín de las Pirámides|México|null|55851|15|55851|29|075|9021|Rural|null
55855|Chimalpa (Kilómetro 34 Carretera México-Tulancingo|Ranchería|San Martín de las Pirámides|México|null|55851|15|55851|29|075|0002|Rural|null
55855|San Pablo Ixquitlán|Pueblo|San Martín de las Pirámides|México|null|55851|15|55851|28|075|3989|Rural|null
55855|Predio Palma y Raya|Ranchería|San Martín de las Pirámides|México|null|55851|15|55851|29|075|9017|Rural|null
55855|Tlacatecpan|Ranchería|San Martín de las Pirámides|México|null|55851|15|55851|29|075|9019|Rural|null
55855|Las Erres (Club Campestre Teotihuacán)|Rancho|San Martín de las Pirámides|México|null|55851|15|55851|48|075|9020|Rural|null
55856|Santa María Palapa|Pueblo|San Martín de las Pirámides|México|null|55851|15|55851|28|075|3985|Rural|null
55859|Santiago Tepetitlán|Pueblo|San Martín de las Pirámides|México|null|55851|15|55851|28|075|3990|Rural|null
55870|Acolman de Nezahualcóyotl Centro|Colonia|Acolman|México|null|55871|15|55871|09|002|3991|Urbano|null
55870|Los Pinos|Unidad habitacional|Acolman|México|null|55871|15|55871|31|002|7782|Urbano|null
55870|La Virgen|Unidad habitacional|Acolman|México|null|55871|15|55871|31|002|8244|Urbano|null
55875|Tenango|Pueblo|Acolman|México|null|55871|15|55871|28|002|3993|Urbano|null
55875|Emiliano Zapata|Pueblo|Acolman|México|null|55871|15|55871|28|002|3996|Urbano|null
55875|Santa Catarina|Pueblo|Acolman|México|null|55871|15|55871|28|002|3997|Urbano|null
55875|Lomas de Santa Catarina|Colonia|Acolman|México|null|55871|15|55871|09|002|7768|Urbano|null
55875|La Gitana|Unidad habitacional|Acolman|México|null|55871|15|55871|31|002|7779|Urbano|null
55880|Santa María Acolman|Pueblo|Acolman|México|null|55871|15|55871|28|002|3998|Urbano|null
55880|San Juanico|Pueblo|Acolman|México|null|55871|15|55871|28|002|3999|Urbano|null
55880|San Bartolo|Pueblo|Acolman|México|null|55871|15|55871|28|002|4000|Urbano|null
55880|San Bartolo el Chico|Colonia|Acolman|México|null|55871|15|55871|09|002|7761|Urbano|null
55880|San José|Colonia|Acolman|México|null|55871|15|55871|09|002|7775|Rural|null
55880|Los Reyes|Colonia|Acolman|México|null|55871|15|55871|09|002|8243|Urbano|null
55880|Santa María y Potreritos (La Represa)|Ejido|Acolman|México|null|55871|15|55871|15|002|8954|Rural|null
55882|Ampliación Lázaro Cárdenas|Colonia|Acolman|México|null|55871|15|55871|09|002|0075|Rural|null
55882|Lázaro Cárdenas|Colonia|Acolman|México|null|55871|15|55871|09|002|4001|Urbano|null
55882|Los Ángeles|Colonia|Acolman|México|null|55871|15|55871|09|002|4002|Urbano|null
55882|Radio Faro Totolcingo|Colonia|Acolman|México|null|55871|15|55871|09|002|4003|Urbano|null
55882|Paraje el Faro|Colonia|Acolman|México|null|55871|15|55871|09|002|7771|Urbano|null
55883|Geovillas de Terranova 1a Sección|Fraccionamiento|Acolman|México|null|55871|15|55871|21|002|5638|Rural|null
55883|Real del Valle 1a Seccion|Fraccionamiento|Acolman|México|null|55871|15|55871|21|002|6691|Urbano|null
55883|Las Brisas|Colonia|Acolman|México|null|55871|15|55871|09|002|7773|Urbano|null
55883|Laguna de Chiconautla|Colonia|Acolman|México|null|55871|15|55871|09|002|7774|Urbano|null
55883|Geovillas de Terranova 2a Sección|Fraccionamiento|Acolman|México|null|55871|15|55871|21|002|8224|Urbano|null
55883|Real del Valle 2a Sección|Fraccionamiento|Acolman|México|null|55871|15|55871|21|002|8225|Urbano|null
55884|Anáhuac 1a Secc|Colonia|Acolman|México|null|55871|15|55871|09|002|4004|Urbano|null
55884|Anáhuac 2a Secc|Colonia|Acolman|México|null|55871|15|55871|09|002|4005|Urbano|null
55884|El Potrero|Colonia|Acolman|México|null|55871|15|55871|09|002|4007|Urbano|null
55884|San Miguel Totolcingo|Pueblo|Acolman|México|null|55871|15|55871|28|002|4008|Urbano|null
55884|Santa Cruz|Colonia|Acolman|México|null|55871|15|55871|09|002|7769|Urbano|null
55884|La Era|Colonia|Acolman|México|null|55871|15|55871|09|002|7770|Urbano|null
55884|Plan de Guadalupe|Colonia|Acolman|México|null|55871|15|55871|09|002|7772|Urbano|null
55884|El Olivo|Colonia|Acolman|México|null|55871|15|55871|09|002|7776|Urbano|null
55884|Las Cazuelas|Colonia|Acolman|México|null|55871|15|55871|09|002|8237|Urbano|null
55884|Totolzingo|Ejido|Acolman|México|null|55871|15|55871|15|002|8957|Urbano|null
55885|Privadas de Santa Catarina|Fraccionamiento|Acolman|México|null|55871|15|55871|21|002|0005|Urbano|null
55885|Granjas Familiares|Pueblo|Acolman|México|null|55871|15|55871|28|002|3995|Urbano|null
55885|Tepexpan|Pueblo|Acolman|México|null|55871|15|55871|28|002|4009|Urbano|null
55885|Chimalpa|Colonia|Acolman|México|null|55871|15|55871|09|002|5343|Urbano|null
55885|STUNAM|Fraccionamiento|Acolman|México|null|55871|15|55871|21|002|7777|Urbano|null
55885|La Lola|Unidad habitacional|Acolman|México|null|55871|15|55871|31|002|7778|Urbano|null
55885|La Lagunilla|Unidad habitacional|Acolman|México|null|55871|15|55871|31|002|7780|Urbano|null
55885|San Martín (STUNAM)|Unidad habitacional|Acolman|México|null|55871|15|55871|31|002|7781|Urbano|null
55885|Los Reyes|Barrio|Acolman|México|null|55871|15|55871|02|002|8239|Urbano|null
55885|Misión San Agustín|Conjunto habitacional|Acolman|México|null|55871|15|55871|12|002|8630|Rural|null
55885|La Cazuela Tepexpan (Santa María Magdalena)|Ejido|Acolman|México|null|55871|15|55871|15|002|8919|Rural|null
55885|Tepexpan (San Luis Grande)|Ejido|Acolman|México|null|55871|15|55871|15|002|8956|Rural|null
55886|Benito Juárez|Colonia|Acolman|México|null|55871|15|55871|09|002|4006|Urbano|null
55886|Cuanalan|Pueblo|Acolman|México|null|55871|15|55871|28|002|4010|Urbano|null
55886|Tetexcala|Colonia|Acolman|México|null|55871|15|55871|09|002|7766|Urbano|null
55886|Santa María de Guadalupe|Colonia|Acolman|México|null|55871|15|55871|09|002|7767|Urbano|null
55886|Loma Bonita|Colonia|Acolman|México|null|55871|15|55871|09|002|8057|Urbano|null
55887|Nueva Colonia el Calvario|Colonia|Acolman|México|null|55871|15|55871|09|002|0002|Rural|null
55887|El Pastal (San Damián)|Colonia|Acolman|México|null|55871|15|55871|09|002|0003|Rural|null
55887|Ejido de San Marcos Nepantla|Colonia|Acolman|México|null|55871|15|55871|09|002|0004|Rural|null
55887|Las Huertas (Pozo San Isidro)|Colonia|Acolman|México|null|55871|15|55871|09|002|0006|Rural|null
55887|San Marcos Nepantla|Pueblo|Acolman|México|null|55871|15|55871|28|002|4011|Urbano|null
55887|Besana de Santa Catarina y Tepango|Rancho|Acolman|México|null|55871|15|55871|48|002|8917|Rural|null
55888|Pirules|Colonia|Acolman|México|null|55871|15|55871|09|002|6584|Urbano|null
55888|Guerrero|Colonia|Acolman|México|null|55871|15|55871|09|002|6585|Urbano|null
55888|Prados de San Juan|Colonia|Acolman|México|null|55871|15|55871|09|002|6744|Rural|null
55890|San Marcos|Ejido|Acolman|México|null|55871|15|55871|15|002|0001|Rural|null
55890|San Mateo Chipiltepec|Pueblo|Acolman|México|null|55871|15|55871|28|002|4013|Urbano|null
55890|Loma Linda|Colonia|Acolman|México|null|55871|15|55871|09|002|7764|Urbano|null
55890|Pilares|Colonia|Acolman|México|null|55871|15|55871|09|002|8226|Urbano|null
55890|Ahuaxtla|Colonia|Acolman|México|null|55871|15|55871|09|002|8915|Rural|null
55893|San Mateo (Pasando la Vía)|Ejido|Acolman|México|null|55871|15|55871|15|002|8955|Urbano|null
55894|San Pedro Tepetitlán|Pueblo|Acolman|México|null|55871|15|55871|28|002|4014|Urbano|null
55894|El Ranchito|Colonia|Acolman|México|null|55871|15|55871|09|002|7765|Urbano|null
55895|San Lucas Tepango|Pueblo|Acolman|México|null|55871|15|55871|28|002|4015|Rural|null
55895|San Miguel Xometla|Pueblo|Acolman|México|null|55871|15|55871|28|002|4016|Urbano|null
55895|La Concepción (Xometla)|Colonia|Acolman|México|null|55871|15|55871|09|002|5344|Rural|null
55895|Quinta las Flores|Colonia|Acolman|México|null|55871|15|55871|09|002|7762|Rural|null
55896|El Calvario Acolman|Ejido|Acolman|México|null|55871|15|55871|15|002|3992|Rural|null
55899|San Francisco Zacango|Pueblo|Acolman|México|null|55871|15|55871|28|002|4018|Urbano|null
55900|Otumba de Gómez Farías|Pueblo|Otumba|México|null|55901|15|55901|28|065|4020|Urbano|null
55900|El Chabacano|Colonia|Otumba|México|null|55901|15|55901|09|065|7587|Urbano|null
55913|Xamimilolpa (Xolpa)|Barrio|Otumba|México|null|55901|15|55901|02|065|4028|Rural|null
55913|El Ranchito|Colonia|Otumba|México|null|55901|15|55901|09|065|5347|Urbano|null
55913|Estado de México|Colonia|Otumba|México|null|55901|15|55901|09|065|5348|Urbano|null
55913|INFONAVIT San Esteban|Unidad habitacional|Otumba|México|null|55901|15|55901|31|065|5349|Urbano|null
55913|La Trinidad|Barrio|Otumba|México|null|55901|15|55901|02|065|5841|Urbano|null
55913|La Estación|Colonia|Otumba|México|null|55901|15|55901|09|065|7588|Urbano|null
55913|Adolfo López Mateos|Colonia|Otumba|México|null|55901|15|55901|09|065|7589|Urbano|null
55914|El Rosario|Colonia|Otumba|México|null|55901|15|55901|09|065|5345|Urbano|null
55914|Magisterial|Unidad habitacional|Otumba|México|null|55901|15|55901|31|065|5346|Urbano|null
55914|San Cosme|Barrio|Otumba|México|null|55901|15|55901|02|065|7040|Urbano|null
55914|Puentes Cuates|Barrio|Otumba|México|null|55901|15|55901|02|065|7585|Urbano|null
55914|San Ignacio|Colonia|Otumba|México|null|55901|15|55901|09|065|7586|Rural|null
55914|La Conchita|Colonia|Otumba|México|null|55901|15|55901|09|065|7848|Urbano|null
55920|Santiago Tolman|Pueblo|Otumba|México|null|55901|15|55901|28|065|4027|Urbano|null
55920|La Cruz|Colonia|Otumba|México|null|55901|15|55901|09|065|9216|Rural|null
55923|Coyotepec|Pueblo|Otumba|México|null|55901|15|55901|28|065|4024|Rural|null
55923|San Miguel Xolco|Pueblo|Otumba|México|null|55901|15|55901|28|065|4025|Rural|null
55924|Chacalco|Colonia|Otumba|México|null|55901|15|55901|09|065|7568|Rural|null
55924|San Juan Tocuila (Tocuila)|Pueblo|Otumba|México|null|55901|15|55901|28|065|7569|Rural|null
55924|San Lorenzo|Ranchería|Otumba|México|null|55901|15|55901|29|065|7570|Rural|null
55924|Poyoxco|Pueblo|Otumba|México|null|55901|15|55901|28|065|7572|Rural|null
55924|Tlalmimilolpa|Pueblo|Otumba|México|null|55901|15|55901|28|065|7583|Rural|null
55924|Tlahuico|Colonia|Otumba|México|null|55901|15|55901|09|065|9218|Rural|null
55924|Jacarandas|Colonia|Otumba|México|null|55901|15|55901|09|065|9219|Rural|null
55924|Tepa Grande (Rancho Guadalupe Tepa)|Colonia|Otumba|México|null|55901|15|55901|09|065|9220|Rural|null
55924|Centro de Readaptación Social Otumba|Equipamiento|Otumba|México|null|55901|15|55901|17|065|9589|Rural|null
55925|San Francisco Tlaltica|Pueblo|Otumba|México|null|55901|15|55901|28|065|4021|Rural|null
55925|Oxtotipac|Pueblo|Otumba|México|null|55901|15|55901|28|065|4023|Urbano|null
55926|Cuautlatcingo|Pueblo|Otumba|México|null|55901|15|55901|28|065|4029|Urbano|null
55926|Rancho el Mayorazgo|Ranchería|Otumba|México|null|55901|15|55901|29|065|7582|Rural|null
55926|Nueva Colonia de Axalco|Colonia|Otumba|México|null|55901|15|55901|09|065|9214|Rural|null
55926|San Miguel Axalco Chico|Colonia|Otumba|México|null|55901|15|55901|09|065|9215|Rural|null
55926|El Potrero|Ejido|Otumba|México|null|55901|15|55901|15|065|9590|Rural|null
55927|Belém|Pueblo|Otumba|México|null|55901|15|55901|28|065|4019|Rural|null
55927|Altica|Ranchería|Otumba|México|null|55901|15|55901|29|065|7571|Rural|null
55927|La Zumbona|Ranchería|Otumba|México|null|55901|15|55901|29|065|9223|Rural|null
55927|Tecalco|Ranchería|Otumba|México|null|55901|15|55901|29|065|9224|Rural|null
55927|ZR|Ranchería|Otumba|México|null|55901|15|55901|29|065|9225|Rural|null
55930|San Martín Ahuatepec|Pueblo|Otumba|México|null|55901|15|55901|28|065|4030|Rural|null
55930|Santa Brígida|Ranchería|Otumba|México|null|55901|15|55901|29|065|7581|Rural|null
55930|Los Capulines|Colonia|Otumba|México|null|55901|15|55901|09|065|9217|Rural|null
55930|Liberacos Uno|Granja|Otumba|México|null|55901|15|55901|23|065|9592|Rural|null
55930|Los Conquianes|Granja|Otumba|México|null|55901|15|55901|23|065|9593|Rural|null
55930|La Providencia (Florencio Juárez)|Rancho|Otumba|México|null|55901|15|55901|48|065|9595|Rural|null
55930|Rancho la Puente|Ranchería|Otumba|México|null|55901|15|55901|29|065|9596|Rural|null
55930|San Cosme|Granja|Otumba|México|null|55901|15|55901|23|065|9597|Rural|null
55934|Xochihuacán|Ranchería|Otumba|México|null|55901|15|55901|29|065|7575|Rural|null
55935|San Marcos (San Marcos Tlaxuchilco)|Pueblo|Otumba|México|null|55901|15|55901|28|065|4031|Rural|null
55936|Buenavista|Pueblo|Otumba|México|null|55901|15|55901|28|065|4032|Rural|null
55936|Las Papas (Rancho de Don Jorge Olvera)|Rancho|Otumba|México|null|55901|15|55901|48|065|7579|Rural|null
55936|Rancho Colorado|Ranchería|Otumba|México|null|55901|15|55901|29|065|9594|Rural|null
55937|Santa Bárbara|Pueblo|Otumba|México|null|55901|15|55901|28|065|4026|Rural|null
55937|Santa Gertrudis|Ranchería|Otumba|México|null|55901|15|55901|29|065|7573|Rural|null
55937|San Telmo|Ranchería|Otumba|México|null|55901|15|55901|29|065|7574|Rural|null
55937|Coamilpa|Ranchería|Otumba|México|null|55901|15|55901|29|065|7576|Rural|null
55937|San José de las Presas (Cuautenco)|Ranchería|Otumba|México|null|55901|15|55901|29|065|7578|Rural|null
55937|San José Coamilpa (Ejido de Otumba)|Ejido|Otumba|México|null|55901|15|55901|15|065|9221|Rural|null
55937|La Escondida|Ejido|Otumba|México|null|55901|15|55901|15|065|9591|Rural|null
55940|Axapusco|Pueblo|Axapusco|México|null|55941|15|55941|28|016|4033|Urbano|null
55940|Tlamapa|Pueblo|Axapusco|México|null|55941|15|55941|28|016|4041|Rural|null
55940|San Bartolo Alto|Barrio|Axapusco|México|null|55941|15|55941|02|016|5350|Rural|null
55940|San Martín|Barrio|Axapusco|México|null|55941|15|55941|02|016|5352|Urbano|null
55940|Cuauhtémoc|Colonia|Axapusco|México|null|55941|15|55941|09|016|5353|Rural|null
55940|San Antonio|Barrio|Axapusco|México|null|55941|15|55941|02|016|6645|Rural|null
55943|Soapayuca|Hacienda|Axapusco|México|null|55941|15|55941|24|016|5354|Rural|null
55943|Tezoncalli|Colonia|Axapusco|México|null|55941|15|55941|09|016|7783|Rural|null
55950|La Cañada|Colonia|Axapusco|México|null|55941|15|55941|09|016|0001|Rural|null
55950|Guadalupe Relinas|Pueblo|Axapusco|México|null|55941|15|55941|28|016|4035|Rural|null
55950|San Felipe Zacatepec|Pueblo|Axapusco|México|null|55941|15|55941|28|016|4036|Rural|null
55950|San Antonio Coayuca|Pueblo|Axapusco|México|null|55941|15|55941|28|016|4037|Rural|null
55952|San Mateo|Barrio|Axapusco|México|null|55941|15|55941|02|016|0002|Rural|null
55952|Santa María Actipac|Pueblo|Axapusco|México|null|55941|15|55941|28|016|4038|Urbano|null
55952|Zacatepec|Ranchería|Axapusco|México|null|55941|15|55941|29|016|6644|Rural|null
55954|San Pablo Xuchitl|Pueblo|Axapusco|México|null|55941|15|55941|28|016|4039|Rural|null
55955|Santo Domingo Aztacameca|Pueblo|Axapusco|México|null|55941|15|55941|28|016|4040|Urbano|null
55955|San Nicolás Tetepantla|Exhacienda|Axapusco|México|null|55941|15|55941|18|016|7786|Rural|null
55956|Los Remedios|Colonia|Axapusco|México|null|55941|15|55941|09|016|7785|Rural|null
55960|San Antonio Ometusco|Pueblo|Axapusco|México|null|55941|15|55941|28|016|4043|Rural|null
55963|San Miguel Ometusco|Hacienda|Axapusco|México|null|55941|15|55941|24|016|4044|Rural|null
55963|Xala|Pueblo|Axapusco|México|null|55941|15|55941|28|016|4045|Rural|null
55963|Santa Ana|Ranchería|Axapusco|México|null|55941|15|55941|29|016|7784|Rural|null
55965|Jaltepec|Pueblo|Axapusco|México|null|55941|15|55941|28|016|4047|Urbano|null
55966|Atla (Tecuautitlán Atla)|Pueblo|Axapusco|México|null|55941|15|55941|28|016|4046|Rural|null
55970|Hidalgo A|Barrio|Nopaltepec|México|null|55901|15|55901|02|061|7716|Urbano|null
55970|Hidalgo B|Barrio|Nopaltepec|México|null|55901|15|55901|02|061|7717|Urbano|null
55970|Morelos A|Barrio|Nopaltepec|México|null|55901|15|55901|02|061|7718|Urbano|null
55970|Morelos B|Barrio|Nopaltepec|México|null|55901|15|55901|02|061|7719|Urbano|null
55970|Vicente Guerrero|Barrio|Nopaltepec|México|null|55901|15|55901|02|061|7720|Urbano|null
55973|Ex-Hacienda la Puerta|Rancho|Nopaltepec|México|null|55901|15|55901|48|061|9230|Rural|null
55975|San Felipe Teotitlán|Pueblo|Nopaltepec|México|null|55901|15|55901|28|061|4050|Urbano|null
55975|Huilotongo|Barrio|Nopaltepec|México|null|55901|15|55901|02|061|7721|Urbano|null
55975|Tlaxixilco|Barrio|Nopaltepec|México|null|55901|15|55901|02|061|7722|Urbano|null
55975|Roma|Colonia|Nopaltepec|México|null|55901|15|55901|09|061|7723|Urbano|null
55975|Ex-Hacienda de Tepatepec|Rancho|Nopaltepec|México|null|55901|15|55901|48|061|9228|Rural|null
55976|Tepetzingo|Ranchería|Nopaltepec|México|null|55901|15|55901|29|061|4049|Rural|null
55976|San Miguel Atepoxco|Ranchería|Nopaltepec|México|null|55901|15|55901|29|061|6643|Rural|null
55976|San Felipe (Moratepec)|Ranchería|Nopaltepec|México|null|55901|15|55901|29|061|9229|Rural|null
55977|Venta de Cruz|Colonia|Nopaltepec|México|null|55901|15|55901|09|061|7715|Rural|null
55978|Las Ambrises|Rancho|Nopaltepec|México|null|55901|15|55901|48|061|9226|Rural|null
55978|Santa Inés Amiltepec|Exhacienda|Nopaltepec|México|null|55901|15|55901|18|061|9227|Rural|null
55980|San Bartolomé Actopan|Pueblo|Temascalapa|México|null|55981|15|55981|28|084|4051|Urbano|null
55980|San Juan Teacalco|Pueblo|Temascalapa|México|null|55981|15|55981|28|084|4052|Urbano|null
55980|San Miguel|Barrio|Temascalapa|México|null|55981|15|55981|02|084|5355|Urbano|null
55980|San Antonio|Barrio|Temascalapa|México|null|55981|15|55981|02|084|5356|Urbano|null
55980|De la Cruz|Barrio|Temascalapa|México|null|55981|15|55981|02|084|5357|Urbano|null
55980|De Dolores|Barrio|Temascalapa|México|null|55981|15|55981|02|084|5358|Urbano|null
55980|San José|Barrio|Temascalapa|México|null|55981|15|55981|02|084|8892|Urbano|null
55983|El Abrojal o Barranquillas|Ranchería|Temascalapa|México|null|55981|15|55981|29|084|8880|Rural|null
55983|El Chopo|Ranchería|Temascalapa|México|null|55981|15|55981|29|084|8881|Rural|null
55984|Belén|Colonia|Temascalapa|México|null|55981|15|55981|09|084|8876|Rural|null
55984|Ocotitlán|Ranchería|Temascalapa|México|null|55981|15|55981|29|084|8886|Rural|null
55984|San Cipriano (Rancho el Piojo)|Ranchería|Temascalapa|México|null|55981|15|55981|29|084|8888|Rural|null
55984|San Ignacio|Ranchería|Temascalapa|México|null|55981|15|55981|29|084|8891|Rural|null
55985|Atempan|Ranchería|Temascalapa|México|null|55981|15|55981|29|084|8885|Rural|null
55985|Tepehuixco|Ranchería|Temascalapa|México|null|55981|15|55981|29|084|8889|Rural|null
55988|Las Pintas|Ranchería|Temascalapa|México|null|55981|15|55981|29|084|8884|Rural|null
55989|Presa del Rey|Pueblo|Temascalapa|México|null|55981|15|55981|28|084|4055|Rural|null
55990|Ixtlahuaca de Cuauhtémoc|Pueblo|Temascalapa|México|null|55981|15|55981|28|084|4056|Urbano|null
55993|San Mateo Teopancala|Pueblo|Temascalapa|México|null|55981|15|55981|28|084|4058|Rural|null
55993|La Estrella|Ranchería|Temascalapa|México|null|55981|15|55981|29|084|8882|Rural|null
55993|Ex Hacienda de Paula|Fraccionamiento|Temascalapa|México|null|55981|15|55981|21|084|8890|Rural|null
55994|Santa Ana Tlachihualpa|Pueblo|Temascalapa|México|null|55981|15|55981|28|084|4059|Rural|null
55994|Axalpa|Colonia|Temascalapa|México|null|55981|15|55981|09|084|8874|Urbano|null
55994|Tontiopa|Colonia|Temascalapa|México|null|55981|15|55981|09|084|8875|Urbano|null
55995|San Luis Tecuautitlán|Pueblo|Temascalapa|México|null|55981|15|55981|28|084|4060|Urbano|null
55995|San Luis|Colonia|Temascalapa|México|null|55981|15|55981|09|084|8878|Rural|null
55995|Mihuacán|Ranchería|Temascalapa|México|null|55981|15|55981|29|084|8887|Rural|null
55996|Santa María Maquixco (El Alto)|Ranchería|Temascalapa|México|null|55981|15|55981|29|084|4061|Rural|null
55996|Álvaro Obregón|Colonia|Temascalapa|México|null|55981|15|55981|09|084|8877|Rural|null
55996|La Presa|Ranchería|Temascalapa|México|null|55981|15|55981|29|084|8883|Rural|null
55997|San Cristóbal Colhuacán|Ranchería|Temascalapa|México|null|55981|15|55981|29|084|4062|Rural|null
55998|San Miguel Atlamajac|Pueblo|Temascalapa|México|null|55981|15|55981|28|084|4063|Rural|null
55998|El Tejocote|Ejido|Temascalapa|México|null|55981|15|55981|15|084|8879|Rural|null
56000|Tezoyuca|Pueblo|Tezoyuca|México|null|56001|15|56001|28|100|4064|Urbano|null
56003|Buenos Aires|Barrio|Tezoyuca|México|null|56001|15|56001|02|100|7699|Urbano|null
56004|Ejido el Rosario|Colonia|Tezoyuca|México|null|56001|15|56001|09|100|0004|Rural|null
56004|Resurrección|Barrio|Tezoyuca|México|null|56001|15|56001|02|100|7701|Urbano|null
56005|La Ascensión|Barrio|Tezoyuca|México|null|56001|15|56001|02|100|7702|Urbano|null
56006|Santiago|Barrio|Tezoyuca|México|null|56001|15|56001|02|100|7703|Urbano|null
56006|El Oasis|Barrio|Tezoyuca|México|null|56001|15|56001|02|100|7704|Rural|null
56007|Ejido de las Casas Viejas|Colonia|Tezoyuca|México|null|56001|15|56001|09|100|0002|Rural|null
56007|El Ejido San Felipe (Calle de la Mina)|Colonia|Tezoyuca|México|null|56001|15|56001|09|100|0003|Rural|null
56007|San Felipe|Barrio|Tezoyuca|México|null|56001|15|56001|02|100|7705|Urbano|null
56010|Ampliación Tezoyuca|Colonia|Tezoyuca|México|null|56001|15|56001|09|100|7043|Rural|null
56020|Tequisistlán|Pueblo|Tezoyuca|México|null|56001|15|56001|28|100|4065|Urbano|null
56023|Guadalupano (Ejido Tequisistlán)|Barrio|Tezoyuca|México|null|56271|15|56271|02|100|7707|Rural|null
56024|De Tequisistlán Primero|Ejido|Tezoyuca|México|null|56001|15|56001|15|100|0001|Urbano|null
56030|San Andrés Chiautla Centro|Colonia|Chiautla|México|null|56031|15|56031|09|028|4067|Urbano|null
56030|San Sebastián|Barrio|Chiautla|México|null|56031|15|56031|02|028|5365|Urbano|null
56030|San Juan|Barrio|Chiautla|México|null|56031|15|56031|02|028|5366|Urbano|null
56030|Pueblo Nuevo|Barrio|Chiautla|México|null|56031|15|56031|02|028|5367|Urbano|null
56030|San Francisco|Barrio|Chiautla|México|null|56031|15|56031|02|028|5368|Urbano|null
56030|Huitznahuac|Pueblo|Chiautla|México|null|56031|15|56031|28|028|5369|Urbano|null
56030|Santa Catarina|Barrio|Chiautla|México|null|56031|15|56031|02|028|5370|Urbano|null
56030|San Antonio|Condominio|Chiautla|México|null|56031|15|56031|10|028|7597|Urbano|null
56030|Residencial San Andrés|Fraccionamiento|Chiautla|México|null|56031|15|56031|21|028|7600|Urbano|null
56030|California|Fraccionamiento|Chiautla|México|null|56031|15|56031|21|028|7601|Urbano|null
56030|Residencial San Luis|Fraccionamiento|Chiautla|México|null|56031|15|56031|21|028|8998|Urbano|null
56033|Santiago Chimalpa (Chimalpa)|Pueblo|Chiautla|México|null|56031|15|56031|28|028|4073|Urbano|null
56033|Ixquitlán|Barrio|Chiautla|México|null|56031|15|56031|02|028|7596|Urbano|null
56034|San Bartolo|Barrio|Chiautla|México|null|56031|15|56031|02|028|7035|Rural|null
56035|La Concepción|Colonia|Chiautla|México|null|56031|15|56031|09|028|0001|Rural|null
56035|Ocopulco|Pueblo|Chiautla|México|null|56031|15|56031|28|028|4070|Urbano|null
56035|La Frontera|Colonia|Chiautla|México|null|56031|15|56031|09|028|7598|Rural|null
56036|Atenguillo|Pueblo|Chiautla|México|null|56031|15|56031|28|028|4074|Rural|null
56036|Amajac|Barrio|Chiautla|México|null|56031|15|56031|02|028|7595|Urbano|null
56036|Residencial Los Pirules|Fraccionamiento|Chiautla|México|null|56031|15|56031|21|028|7599|Urbano|null
56037|San Alberto|Fraccionamiento|Chiautla|México|null|56031|15|56031|21|028|7593|Urbano|null
56037|Nonoalco|Pueblo|Chiautla|México|null|56031|15|56031|28|028|7594|Urbano|null
56037|Arboledas|Fraccionamiento|Chiautla|México|null|56031|15|56031|21|028|7602|Urbano|null
56038|Chiautla (Colonia Guadalupe)|Ejido|Chiautla|México|null|56031|15|56031|15|028|8999|Rural|null
56040|San Lucas Huitzilhuacán|Pueblo|Chiautla|México|null|56031|15|56031|28|028|4068|Rural|null
56040|Tepetitlán|Pueblo|Chiautla|México|null|56031|15|56031|28|028|4069|Rural|null
56040|Tlaltecahuacán|Pueblo|Chiautla|México|null|56031|15|56031|28|028|4072|Rural|null
56050|Papalotla|Pueblo|Papalotla|México|null|56271|15|56271|28|069|4075|Urbano|null
56053|Belém|Barrio|Papalotla|México|null|56271|15|56271|02|069|7693|Urbano|null
56054|Chimalpa|Barrio|Papalotla|México|null|56271|15|56271|02|069|7695|Urbano|null
56055|Coxotla|Barrio|Papalotla|México|null|56271|15|56271|02|069|7694|Urbano|null
56056|Mazatla|Barrio|Papalotla|México|null|56271|15|56271|02|069|7696|Rural|null
56057|Ixayoc|Barrio|Papalotla|México|null|56271|15|56271|02|069|7697|Urbano|null
56070|Huerta Padilla|Barrio|Tepetlaoxtoc|México|null|56071|15|56071|02|093|0001|Urbano|null
56070|Concepción Jolalpan Centro|Pueblo|Tepetlaoxtoc|México|null|56071|15|56071|28|093|4076|Urbano|null
56070|San Pablo Jolalpan|Pueblo|Tepetlaoxtoc|México|null|56071|15|56071|28|093|4077|Urbano|null
56070|Tepetlaoxtoc de Hidalgo|Pueblo|Tepetlaoxtoc|México|null|56071|15|56071|28|093|4078|Urbano|null
56070|Los Reyes Nopala|Pueblo|Tepetlaoxtoc|México|null|56071|15|56071|28|093|4080|Rural|null
56070|La Loma (La Loma San Isidro)|Colonia|Tepetlaoxtoc|México|null|56071|15|56071|09|093|7813|Rural|null
56070|San Francisco Jolalpan|Pueblo|Tepetlaoxtoc|México|null|56071|15|56071|28|093|7815|Urbano|null
56070|El Tepetloxto (Colonia Lomas de San Gabriel)|Colonia|Tepetlaoxtoc|México|null|56071|15|56071|09|093|8660|Rural|null
56077|Santiago|Colonia|Tepetlaoxtoc|México|null|56071|15|56071|09|093|7034|Rural|null
56078|Tulteca Teopan|Colonia|Tepetlaoxtoc|México|null|56071|15|56071|09|093|4079|Rural|null
56080|La Venta (La Loma)|Colonia|Tepetlaoxtoc|México|null|56071|15|56071|09|093|0002|Rural|null
56080|San Juan Totolapan|Pueblo|Tepetlaoxtoc|México|null|56071|15|56071|28|093|4082|Rural|null
56080|Santo Tomás Apipilhuasco (Santo Tomás)|Pueblo|Tepetlaoxtoc|México|null|56071|15|56071|28|093|4083|Urbano|null
56085|San Bernardo Tlalmimilolpan|Pueblo|Tepetlaoxtoc|México|null|56071|15|56071|28|093|4085|Rural|null
56086|San Andrés de las Peras|Pueblo|Tepetlaoxtoc|México|null|56071|15|56071|28|093|4086|Rural|null
56087|San Pedro Chiautzingo|Pueblo|Tepetlaoxtoc|México|null|56071|15|56071|28|093|4087|Rural|null
56087|La Trinidad|Pueblo|Tepetlaoxtoc|México|null|56071|15|56071|28|093|7812|Rural|null
56100|Texcoco de Mora Centro|Colonia|Texcoco|México|Texcoco de Mora|56101|15|56101|09|099|4088|Urbano|19
56105|San Pedro|Barrio|Texcoco|México|Texcoco de Mora|56101|15|56101|02|099|4106|Urbano|19
56106|Las Salinas|Colonia|Texcoco|México|Texcoco de Mora|56101|15|56101|09|099|4109|Urbano|19
56110|Joyas de San Mateo|Colonia|Texcoco|México|Texcoco de Mora|56101|15|56101|09|099|4093|Urbano|19
56110|Zaragoza-San Pablo|Colonia|Texcoco|México|Texcoco de Mora|56101|15|56101|09|099|4099|Urbano|19
56120|INFONAVIT|Unidad habitacional|Texcoco|México|Texcoco de Mora|56101|15|56101|31|099|4100|Urbano|19
56120|San Juanito|Barrio|Texcoco|México|Texcoco de Mora|56101|15|56101|02|099|4101|Urbano|19
56120|El Retiro|Colonia|Texcoco|México|Texcoco de Mora|56101|15|56101|09|099|4102|Urbano|19
56120|Santa Cruz de Arriba|Colonia|Texcoco|México|Texcoco de Mora|56101|15|56101|09|099|4104|Urbano|19
56120|Valle de Santa Cruz|Colonia|Texcoco|México|Texcoco de Mora|56101|15|56101|09|099|5362|Urbano|19
56130|La Conchita|Colonia|Texcoco|México|Texcoco de Mora|56101|15|56101|09|099|4114|Urbano|19
56130|San Sebastián|Colonia|Texcoco|México|Texcoco de Mora|56101|15|56101|09|099|4115|Urbano|19
56130|La Paz|Colonia|Texcoco|México|Texcoco de Mora|56101|15|56101|09|099|4116|Urbano|19
56130|ISSEMYM|Unidad habitacional|Texcoco|México|Texcoco de Mora|56101|15|56101|31|099|4117|Urbano|19
56130|La Trinidad|Colonia|Texcoco|México|Texcoco de Mora|56101|15|56101|09|099|4118|Urbano|19
56130|Conjunto la Trinidad|Fraccionamiento|Texcoco|México|Texcoco de Mora|56101|15|56101|21|099|7793|Urbano|19
56130|Los Jilgueros|Unidad habitacional|Texcoco|México|Texcoco de Mora|56101|15|56101|31|099|7794|Urbano|19
56130|Condominios Maye|Unidad habitacional|Texcoco|México|Texcoco de Mora|56101|15|56101|31|099|7795|Urbano|19
56140|Ahuehuetes|Colonia|Texcoco|México|Texcoco de Mora|56101|15|56101|09|099|4112|Urbano|19
56140|San Lorenzo|Colonia|Texcoco|México|Texcoco de Mora|56101|15|56101|09|099|4122|Urbano|19
56140|San Martín|Colonia|Texcoco|México|Texcoco de Mora|56101|15|56101|09|099|4125|Urbano|19
56140|El Carmen|Colonia|Texcoco|México|Texcoco de Mora|56101|15|56101|09|099|5359|Urbano|19
56150|Las Vegas|Unidad habitacional|Texcoco|México|Texcoco de Mora|56101|15|56101|31|099|4119|Urbano|19
56150|Salitrería|Colonia|Texcoco|México|Texcoco de Mora|56101|15|56101|09|099|5101|Urbano|19
56150|Santa Úrsula|Barrio|Texcoco|México|Texcoco de Mora|56101|15|56101|02|099|5360|Urbano|19
56150|Embotelladores|Unidad habitacional|Texcoco|México|Texcoco de Mora|56101|15|56101|31|099|5361|Urbano|19
56150|San Antonio|Fraccionamiento|Texcoco|México|Texcoco de Mora|56101|15|56101|21|099|7797|Urbano|19
56160|Niños Héroes|Colonia|Texcoco|México|Texcoco de Mora|56101|15|56101|09|099|4090|Urbano|19
56160|San Pedro|Fraccionamiento|Texcoco|México|Texcoco de Mora|56101|15|56101|21|099|4110|Urbano|19
56160|Los Sauces|Condominio|Texcoco|México|Texcoco de Mora|56101|15|56101|10|099|7787|Urbano|19
56160|Tex Plus|Unidad habitacional|Texcoco|México|Texcoco de Mora|56101|15|56101|31|099|7798|Urbano|19
56170|San Mateo|Colonia|Texcoco|México|Texcoco de Mora|56101|15|56101|09|099|4092|Urbano|19
56170|Las Américas|Colonia|Texcoco|México|Texcoco de Mora|56101|15|56101|09|099|4096|Urbano|19
56170|Joyas de Santa Ana|Colonia|Texcoco|México|Texcoco de Mora|56101|15|56101|09|099|4097|Urbano|19
56170|El Xolache I|Fraccionamiento|Texcoco|México|Texcoco de Mora|56101|15|56101|21|099|4139|Urbano|19
56170|El Xolache II|Unidad habitacional|Texcoco|México|Texcoco de Mora|56101|15|56101|31|099|7792|Urbano|19
56200|Vicente Riva Palacio|Pueblo|Texcoco|México|null|56101|15|56101|28|099|4135|Urbano|null
56203|La Magdalena Panoaya|Pueblo|Texcoco|México|null|56101|15|56101|28|099|4126|Rural|null
56204|Emiliano Zapata|Colonia|Texcoco|México|null|56101|15|56101|09|099|4120|Urbano|null
56205|San Felipe|Colonia|Texcoco|México|null|56101|15|56101|09|099|4105|Urbano|null
56205|Santa Cruz de Abajo|Colonia|Texcoco|México|null|56101|15|56101|09|099|4107|Urbano|null
56207|Lázaro Cárdenas|Colonia|Texcoco|México|null|56101|15|56101|09|099|7810|Urbano|null
56208|San Miguel Tocuila|Pueblo|Texcoco|México|null|56101|15|56101|28|099|4140|Rural|null
56210|San Simón|Pueblo|Texcoco|México|null|56101|15|56101|28|099|4132|Urbano|null
56213|San José Texopa|Pueblo|Texcoco|México|null|56101|15|56101|28|099|4131|Rural|null
56214|Los Reyes San Salvador|Pueblo|Texcoco|México|null|56101|15|56101|28|099|4128|Rural|null
56215|Pentecostés|Pueblo|Texcoco|México|null|56101|15|56101|28|099|4129|Rural|null
56216|La Resurrección|Pueblo|Texcoco|México|null|56101|15|56101|28|099|4127|Rural|null
56217|Santiaguito|Pueblo|Texcoco|México|null|56101|15|56101|28|099|4098|Urbano|null
56217|Santa María Tulantongo|Pueblo|Texcoco|México|null|56101|15|56101|28|099|4134|Rural|null
56217|Xala|Colonia|Texcoco|México|null|56101|15|56101|09|099|7044|Rural|null
56220|San Luis Huexotla|Pueblo|Texcoco|México|null|56101|15|56101|28|099|5102|Rural|null
56223|Bellavista|Colonia|Texcoco|México|null|56101|15|56101|09|099|4142|Rural|null
56224|Buenavista|Rancho|Texcoco|México|null|56101|15|56101|48|099|4144|Rural|null
56225|Lomas de Cristo|Fraccionamiento|Texcoco|México|null|56101|15|56101|21|099|4177|Rural|null
56225|Villas de Tolimpa|Colonia|Texcoco|México|null|56101|15|56101|09|099|4195|Rural|null
56225|Leyes de Reforma|Colonia|Texcoco|México|null|56101|15|56101|09|099|5100|Rural|null
56225|Fray Servando Teresa de Mier|Colonia|Texcoco|México|null|56101|15|56101|09|099|7033|Rural|null
56225|Ampliación Leyes de Reforma|Colonia|Texcoco|México|null|56101|15|56101|09|099|7800|Rural|null
56226|San Mateo Huexotla|Pueblo|Texcoco|México|null|56101|15|56101|28|099|4158|Rural|null
56226|Sector Popular|Colonia|Texcoco|México|null|56101|15|56101|09|099|4196|Rural|null
56226|La Cabaña|Fraccionamiento|Texcoco|México|null|56101|15|56101|21|099|9642|Urbano|null
56227|El Capulín Sur|Colonia|Texcoco|México|null|56101|15|56101|09|099|4124|Urbano|null
56227|Cooperativo|Colonia|Texcoco|México|null|56101|15|56101|09|099|4143|Rural|null
56227|Emiliano Zapata-ISSSTE|Unidad habitacional|Texcoco|México|null|56101|15|56101|31|099|4146|Rural|null
56227|Universidad Autónoma de Chapingo|Equipamiento|Texcoco|México|null|56101|15|56101|17|099|4147|Rural|null
56227|Profesores|Colonia|Texcoco|México|null|56101|15|56101|09|099|4149|Rural|null
56227|San Nicolás Huexotla|Colonia|Texcoco|México|null|56101|15|56101|09|099|5602|Rural|null
56227|Tulipanes|Colonia|Texcoco|México|null|56101|15|56101|09|099|5603|Rural|null
56227|Las Bugambilias|Fraccionamiento|Texcoco|México|null|56101|15|56101|21|099|7799|Rural|null
56230|San Diego|Pueblo|Texcoco|México|null|56101|15|56101|28|099|4130|Rural|null
56233|SUTEYN|Unidad habitacional|Texcoco|México|null|56101|15|56101|31|099|5600|Rural|null
56235|El Molino de Flores|Fraccionamiento|Texcoco|México|null|56101|15|56101|21|099|4172|Rural|null
56236|Xocotlán|Pueblo|Texcoco|México|null|56101|15|56101|28|099|4136|Rural|null
56237|El Batán|Colonia|Texcoco|México|null|56101|15|56101|09|099|0001|Rural|null
56240|La Purificación Tepetitla|Pueblo|Texcoco|México|null|56101|15|56101|28|099|4163|Rural|null
56242|Guadalupe Amanalco|Colonia|Texcoco|México|null|56101|15|56101|09|099|7791|Rural|null
56243|Ejido San Juan Tezontla|Ranchería|Texcoco|México|null|56101|15|56101|29|099|0006|Rural|null
56243|San Joaquín Coapango|Pueblo|Texcoco|México|null|56101|15|56101|28|099|4166|Rural|null
56243|San Juan Tezontla|Pueblo|Texcoco|México|null|56101|15|56101|28|099|4167|Rural|null
56243|Santa Inés|Pueblo|Texcoco|México|null|56101|15|56101|28|099|5601|Rural|null
56243|Santa Cruz Mexicapa|Pueblo|Texcoco|México|null|56101|15|56101|28|099|7790|Rural|null
56243|San Bartolo|Colonia|Texcoco|México|null|56101|15|56101|09|099|7817|Rural|null
56243|Jardines de Santa Inés|Colonia|Texcoco|México|null|56101|15|56101|09|099|8493|Rural|null
56244|San Agustín|Ranchería|Texcoco|México|null|56101|15|56101|29|099|0005|Rural|null
56244|San Jerónimo Amanalco|Pueblo|Texcoco|México|null|56101|15|56101|28|099|4165|Rural|null
56244|Santa María Tecuanulco|Pueblo|Texcoco|México|null|56101|15|56101|28|099|4171|Rural|null
56245|San Pablo Ixayoc|Pueblo|Texcoco|México|null|56101|15|56101|28|099|4169|Rural|null
56245|Santa Catarina del Monte|Pueblo|Texcoco|México|null|56101|15|56101|28|099|4170|Rural|null
56246|Santa María Nativitas|Pueblo|Texcoco|México|null|56101|15|56101|28|099|4133|Urbano|null
56246|San Dieguito Xochimanca|Pueblo|Texcoco|México|null|56101|15|56101|28|099|4164|Rural|null
56246|Tequexquináhuac|Pueblo|Texcoco|México|null|56101|15|56101|28|099|4176|Rural|null
56247|San Nicolás Tlaminca|Pueblo|Texcoco|México|null|56101|15|56101|28|099|4141|Rural|null
56247|San Miguel Tlaixpan|Pueblo|Texcoco|México|null|56101|15|56101|28|099|4168|Rural|null
56250|San Miguel Coatlinchán|Pueblo|Texcoco|México|null|56101|15|56101|28|099|4174|Rural|null
56250|Lomas de La Cruz|Colonia|Texcoco|México|null|56101|15|56101|09|099|4180|Urbano|null
56250|Las Tijeras|Colonia|Texcoco|México|null|56101|15|56101|09|099|4192|Rural|null
56250|San Juan Potreros|Colonia|Texcoco|México|null|56101|15|56101|09|099|7807|Urbano|null
56250|Paraíso 300|Unidad habitacional|Texcoco|México|null|56101|15|56101|31|099|7808|Urbano|null
56250|Guadalupe|Colonia|Texcoco|México|null|56101|15|56101|09|099|8191|Rural|null
56253|Valle de Tláloc|Colonia|Texcoco|México|null|56101|15|56101|09|099|0002|Rural|null
56253|San Juan|Colonia|Texcoco|México|null|56101|15|56101|09|099|7801|Urbano|null
56253|Praderas de Tecuac|Colonia|Texcoco|México|null|56101|15|56101|09|099|7802|Rural|null
56254|Tepetitlán|Pueblo|Texcoco|México|null|56101|15|56101|28|099|4184|Rural|null
56255|Quintas del Valle|Colonia|Texcoco|México|null|56101|15|56101|09|099|4185|Rural|null
56255|Santiago Cuautlalpan|Pueblo|Texcoco|México|null|56101|15|56101|28|099|4186|Rural|null
56255|El Trabajo|Colonia|Texcoco|México|null|56101|15|56101|09|099|7789|Rural|null
56255|El Arenal|Colonia|Texcoco|México|null|56101|15|56101|09|099|7805|Rural|null
56255|San José (El Paraíso)|Colonia|Texcoco|México|null|56101|15|56101|09|099|7806|Rural|null
56255|Villas de Santiago|Unidad habitacional|Texcoco|México|null|56101|15|56101|31|099|7930|Urbano|null
56255|San Pedro Cuautlanpan|Colonia|Texcoco|México|null|56101|15|56101|09|099|8066|Rural|null
56256|Santa Lucía|Colonia|Texcoco|México|null|56101|15|56101|09|099|4179|Rural|null
56256|San Felipe de Jesús|Colonia|Texcoco|México|null|56101|15|56101|09|099|7804|Rural|null
56257|Lomas de San Esteban|Unidad habitacional|Texcoco|México|null|56101|15|56101|31|099|4187|Rural|null
56257|Los Pinos|Colonia|Texcoco|México|null|56101|15|56101|09|099|4190|Urbano|null
56260|San Andrés (La Alcanforera)|Pueblo|Texcoco|México|null|56101|15|56101|28|099|4151|Rural|null
56260|San Bernardino|Pueblo|Texcoco|México|null|56101|15|56101|28|099|4160|Rural|null
56263|Santa Irene|Pueblo|Texcoco|México|null|56101|15|56101|28|099|4152|Rural|null
56263|La Concepción|Pueblo|Texcoco|México|null|56101|15|56101|28|099|4153|Rural|null
56263|Nezahualcóyotl (Boyeros)|Colonia|Texcoco|México|null|56101|15|56101|09|099|4154|Rural|null
56263|San Olegario|Pueblo|Texcoco|México|null|56101|15|56101|28|099|4156|Rural|null
56264|Ejidos de Beltrán Cuautlalpan|Colonia|Texcoco|México|null|56101|15|56101|09|099|0004|Rural|null
56264|Montecillo|Colonia|Texcoco|México|null|56101|15|56101|09|099|4148|Rural|null
56264|Wenceslao Victoria|Colonia|Texcoco|México|null|56101|15|56101|09|099|7788|Rural|null
56264|Colegio de Postgraduados|Equipamiento|Texcoco|México|null|56101|15|56101|17|099|7809|Urbano|null
56265|El Tejocote|Fraccionamiento|Texcoco|México|null|56101|15|56101|21|099|4161|Rural|null
56265|Lázaro Cárdenas|Colonia|Texcoco|México|null|56101|15|56101|09|099|4162|Rural|null
56266|Santa Martha|Colonia|Texcoco|México|null|56101|15|56101|09|099|7803|Urbano|null
56267|Guadalupe Victoria|Colonia|Texcoco|México|null|56101|15|56101|09|099|4178|Urbano|null
56268|Bordo Poniente|Equipamiento|Texcoco|México|null|56101|15|56101|17|099|0003|Rural|null
56270|San Miguel|Barrio|Chiconcuac|México|Chiconcuac|56271|15|56271|02|030|4197|Urbano|36
56270|San Diego|Barrio|Chiconcuac|México|Chiconcuac|56271|15|56271|02|030|5327|Urbano|36
56270|Emiliano Zapata|Colonia|Chiconcuac|México|Chiconcuac|56271|15|56271|09|030|5363|Urbano|36
56270|San Pedro|Barrio|Chiconcuac|México|Chiconcuac|56271|15|56271|02|030|5364|Urbano|36
56270|Santa María|Colonia|Chiconcuac|México|Chiconcuac|56271|15|56271|09|030|5379|Urbano|36
56272|San Pablito Calmimilolco|Pueblo|Chiconcuac|México|null|56271|15|56271|28|030|4198|Urbano|null
56273|Las Joyas|Colonia|Chiconcuac|México|null|56271|15|56271|09|030|7591|Urbano|null
56273|El Araujo|Colonia|Chiconcuac|México|null|56271|15|56271|09|030|8995|Urbano|null
56274|El Mamut|Colonia|Chiconcuac|México|null|56271|15|56271|09|030|7592|Urbano|null
56280|San Cristóbal|Ejido|Chiconcuac|México|null|56271|15|56271|15|030|8996|Rural|null
56300|Ejidos de Cambray|Colonia|Atenco|México|null|56301|15|56301|09|011|0001|Urbano|null
56300|San Francisco Acuexcomac|Pueblo|Atenco|México|null|56301|15|56301|28|011|4201|Rural|null
56300|San Salvador Atenco|Pueblo|Atenco|México|null|56301|15|56301|28|011|4202|Rural|null
56300|Santa Gertrudis|Pueblo|Atenco|México|null|56301|15|56301|28|011|9553|Urbano|null
56303|La Noria|Pueblo|Atenco|México|null|56301|15|56301|28|011|7729|Rural|null
56303|San Lazarito|Pueblo|Atenco|México|null|56301|15|56301|28|011|7730|Rural|null
56303|Ejidal San Salvador|Pueblo|Atenco|México|null|56301|15|56301|28|011|7731|Rural|null
56303|Hacienda la Grande Fracción Uno|Hacienda|Atenco|México|null|56301|15|56301|24|011|9558|Rural|null
56304|Zapotlán|Pueblo|Atenco|México|null|56301|15|56301|28|011|4203|Urbano|null
56304|La Pastoría|Pueblo|Atenco|México|null|56301|15|56301|28|011|7735|Urbano|null
56305|Francisco I Madero|Pueblo|Atenco|México|null|56301|15|56301|28|011|4208|Rural|null
56305|Ejido San Salvador Acuexcomac (Ejido la PurIsima)|Pueblo|Atenco|México|null|56301|15|56301|28|011|9561|Rural|null
56305|El Amanal|Pueblo|Atenco|México|null|56301|15|56301|28|011|9562|Rural|null
56305|Ejido la Magdalena Panoaya|Pueblo|Atenco|México|null|56301|15|56301|28|011|9563|Rural|null
56306|Ejido de Nexquipayac|Colonia|Atenco|México|null|56301|15|56301|09|011|9559|Rural|null
56310|Nueva Santa Rosa|Colonia|Atenco|México|null|56301|15|56301|09|011|4207|Urbano|null
56310|Granjas el Arenal|Colonia|Atenco|México|null|56301|15|56301|09|011|7032|Urbano|null
56310|El Salado|Colonia|Atenco|México|null|56301|15|56301|09|011|7041|Urbano|null
56314|Santa Isabel Ixtapan|Colonia|Atenco|México|null|56301|15|56301|09|011|4204|Urbano|null
56314|Nezahualcoyotl - Ixtapan|Colonia|Atenco|México|null|56301|15|56301|09|011|4206|Urbano|null
56314|Los Hornos (El Presidio)|Colonia|Atenco|México|null|56301|15|56301|09|011|9560|Rural|null
56315|San Cristóbal Nexquipayac|Pueblo|Atenco|México|null|56301|15|56301|28|011|4200|Rural|null
56315|Granjas la Purísima|Pueblo|Atenco|México|null|56301|15|56301|28|011|7727|Rural|null
56315|Las Salinas|Pueblo|Atenco|México|null|56301|15|56301|28|011|7728|Rural|null
56315|Benito Quezada|Pueblo|Atenco|México|null|56301|15|56301|28|011|7733|Rural|null
56315|Chilileco|Pueblo|Atenco|México|null|56301|15|56301|28|011|7734|Rural|null
56315|La Purisima-La Purisima Norte|Pueblo|Atenco|México|null|56301|15|56301|28|011|9555|Urbano|null
56330|Santa María Chimalhuacán|Pueblo|Chimalhuacán|México|Chimalhuacán|56331|15|56331|28|031|4209|Urbano|02
56334|El Molino|Fraccionamiento|Chimalhuacán|México|Chimalhuacán|56331|15|56331|21|031|4210|Urbano|02
56334|San Pablo|Barrio|Chimalhuacán|México|Chimalhuacán|56331|15|56331|02|031|4214|Urbano|02
56334|San Pedro|Barrio|Chimalhuacán|México|Chimalhuacán|56331|15|56331|02|031|4215|Urbano|02
56334|Artesanos|Barrio|Chimalhuacán|México|Chimalhuacán|56331|15|56331|02|031|4264|Urbano|02
56334|Canasteros|Barrio|Chimalhuacán|México|Chimalhuacán|56331|15|56331|02|031|4265|Urbano|02
56334|Herreros|Barrio|Chimalhuacán|México|Chimalhuacán|56331|15|56331|02|031|4266|Urbano|02
56334|Mineros|Barrio|Chimalhuacán|México|Chimalhuacán|56331|15|56331|02|031|4267|Urbano|02
56334|Carpinteros|Barrio|Chimalhuacán|México|Chimalhuacán|56331|15|56331|02|031|4274|Urbano|02
56334|Fundidores|Barrio|Chimalhuacán|México|Chimalhuacán|56331|15|56331|02|031|4276|Urbano|02
56334|Pescadores|Barrio|Chimalhuacán|México|Chimalhuacán|56331|15|56331|02|031|4278|Urbano|02
56334|Luis Córdoba Reyes|Colonia|Chimalhuacán|México|Chimalhuacán|56331|15|56331|09|031|4660|Urbano|02
56334|San Pablo Parte Baja|Barrio|Chimalhuacán|México|Chimalhuacán|56331|15|56331|02|031|4663|Urbano|02
56334|San Pedro Parte Baja|Barrio|Chimalhuacán|México|Chimalhuacán|56331|15|56331|02|031|4664|Urbano|02
56334|Tepalcate|Colonia|Chimalhuacán|México|Chimalhuacán|56331|15|56331|09|031|4762|Urbano|02
56334|Nueva Tepalcates|Colonia|Chimalhuacán|México|Chimalhuacán|56331|15|56331|09|031|4987|Urbano|02
56334|Melchor Ocampo|Colonia|Chimalhuacán|México|Chimalhuacán|56331|15|56331|09|031|6578|Urbano|02
56334|Marco Antonio Sosa|Colonia|Chimalhuacán|México|Chimalhuacán|56331|15|56331|09|031|6579|Urbano|02
56335|José María Luis Mora|Colonia|Chimalhuacán|México|Chimalhuacán|56331|15|56331|09|031|0001|Urbano|02
56335|Guadalupe|Colonia|Chimalhuacán|México|Chimalhuacán|56331|15|56331|09|031|4211|Urbano|02
56335|San Miguel|Colonia|Chimalhuacán|México|Chimalhuacán|56331|15|56331|09|031|4213|Urbano|02
56335|Santa María Nativitas|Barrio|Chimalhuacán|México|Chimalhuacán|56331|15|56331|02|031|4217|Urbano|02
56335|Rancho de las Nieves|Colonia|Chimalhuacán|México|Chimalhuacán|56331|15|56331|09|031|4223|Urbano|02
56335|Acuitlapilco Primera Sección|Colonia|Chimalhuacán|México|Chimalhuacán|56331|15|56331|09|031|4262|Urbano|02
56335|Ciudad Alegre|Colonia|Chimalhuacán|México|Chimalhuacán|56331|15|56331|09|031|4263|Urbano|02
56335|Acuitlapilco Segunda Sección|Colonia|Chimalhuacán|México|Chimalhuacán|56331|15|56331|09|031|4665|Urbano|02
56335|Acuitlapilco Tercera Sección|Colonia|Chimalhuacán|México|Chimalhuacán|56331|15|56331|09|031|4666|Urbano|02
56335|Jardines de Acuitlapilco|Colonia|Chimalhuacán|México|Chimalhuacán|56331|15|56331|09|031|4667|Urbano|02
56335|Luis Donaldo Colosio|Colonia|Chimalhuacán|México|Chimalhuacán|56331|15|56331|09|031|4763|Urbano|02
56335|Primavera|Colonia|Chimalhuacán|México|Chimalhuacán|56331|15|56331|09|031|4764|Urbano|02
56335|Arboledas|Colonia|Chimalhuacán|México|Chimalhuacán|56331|15|56331|09|031|4765|Urbano|02
56335|Corte Portezuelos|Colonia|Chimalhuacán|México|Chimalhuacán|56331|15|56331|09|031|4766|Urbano|02
56335|Lomas de Santa María|Colonia|Chimalhuacán|México|Chimalhuacán|56331|15|56331|09|031|6573|Urbano|02
56335|El Llano de Santa María|Colonia|Chimalhuacán|México|Chimalhuacán|56331|15|56331|09|031|6574|Urbano|02
56335|Apapasco|Colonia|Chimalhuacán|México|Chimalhuacán|56331|15|56331|09|031|6575|Urbano|02
56335|Unión Antorchista|Colonia|Chimalhuacán|México|Chimalhuacán|56331|15|56331|09|031|6576|Urbano|02
56335|Cuatro de Febrero|Colonia|Chimalhuacán|México|Chimalhuacán|56331|15|56331|09|031|6577|Urbano|02
56335|Constructores|Barrio|Chimalhuacán|México|Chimalhuacán|56331|15|56331|02|031|7871|Urbano|02
56337|Zapotla|Colonia|Chimalhuacán|México|Chimalhuacán|56331|15|56331|09|031|0008|Rural|02
56337|San Isidro|Barrio|Chimalhuacán|México|Chimalhuacán|56331|15|56331|02|031|4221|Urbano|02
56337|Lomas de Totolco Tlatelco|Colonia|Chimalhuacán|México|Chimalhuacán|56331|15|56331|09|031|4222|Urbano|02
56337|Copalera|Colonia|Chimalhuacán|México|Chimalhuacán|56331|15|56331|09|031|4224|Urbano|02
56337|San Andrés|Barrio|Chimalhuacán|México|Chimalhuacán|56331|15|56331|02|031|4670|Urbano|02
56337|San Juan Zapotla|Colonia|Chimalhuacán|México|Chimalhuacán|56331|15|56331|09|031|4671|Urbano|02
56337|El Capulín|Colonia|Chimalhuacán|México|Chimalhuacán|56331|15|56331|09|031|4768|Urbano|02
56337|Tepenepantla|Colonia|Chimalhuacán|México|Chimalhuacán|56331|15|56331|09|031|4769|Urbano|02
56337|Tlaixco|Colonia|Chimalhuacán|México|Chimalhuacán|56331|15|56331|09|031|4770|Urbano|02
56337|Olmedo|Colonia|Chimalhuacán|México|Chimalhuacán|56331|15|56331|09|031|4772|Urbano|02
56337|Cornejal|Colonia|Chimalhuacán|México|Chimalhuacán|56331|15|56331|09|031|4773|Urbano|02
56337|Lomas de Chimalhuacán|Colonia|Chimalhuacán|México|Chimalhuacán|56331|15|56331|09|031|4989|Urbano|02
56337|Ladera|Colonia|Chimalhuacán|México|Chimalhuacán|56331|15|56331|09|031|4993|Urbano|02
56337|Santo Domingo|Colonia|Chimalhuacán|México|Chimalhuacán|56331|15|56331|09|031|5616|Urbano|02
56337|Apelsa|Fraccionamiento|Chimalhuacán|México|Chimalhuacán|56331|15|56331|21|031|6571|Urbano|02
56337|El Pocito|Colonia|Chimalhuacán|México|Chimalhuacán|56331|15|56331|09|031|6572|Urbano|02
56337|Arenitas|Colonia|Chimalhuacán|México|Chimalhuacán|56331|15|56331|09|031|6580|Urbano|02
56337|La Mina|Colonia|Chimalhuacán|México|Chimalhuacán|56331|15|56331|09|031|7890|Urbano|02
56338|Corte el Pocito|Colonia|Chimalhuacán|México|Chimalhuacán|56331|15|56331|09|031|0002|Urbano|02
56338|Corte Escalerillas|Colonia|Chimalhuacán|México|Chimalhuacán|56331|15|56331|09|031|0003|Urbano|02
56338|Corte la Joya|Colonia|Chimalhuacán|México|Chimalhuacán|56331|15|56331|09|031|0004|Urbano|02
56338|Corte la Palma Segunda Sección|Colonia|Chimalhuacán|México|Chimalhuacán|56331|15|56331|09|031|0005|Urbano|02
56338|Corte Santa Cruz|Colonia|Chimalhuacán|México|Chimalhuacán|56331|15|56331|09|031|0006|Urbano|02
56338|Corte Xolhuango|Colonia|Chimalhuacán|México|Chimalhuacán|56331|15|56331|09|031|0007|Urbano|02
56338|Corte Lomas de Buenavista|Colonia|Chimalhuacán|México|Chimalhuacán|56331|15|56331|09|031|6173|Urbano|02
56338|Corte la Palma Primera Sección|Ejido|Chimalhuacán|México|Chimalhuacán|56331|15|56331|15|031|6563|Urbano|02
56338|Lomas de Chocolín|Colonia|Chimalhuacán|México|Chimalhuacán|56331|15|56331|09|031|6564|Urbano|02
56338|Corte San Isidro|Colonia|Chimalhuacán|México|Chimalhuacán|56331|15|56331|09|031|6565|Urbano|02
56338|Ampliación Lomas de San Pablo|Colonia|Chimalhuacán|México|Chimalhuacán|56331|15|56331|09|031|6566|Urbano|02
56338|Lomas de San Pablo|Colonia|Chimalhuacán|México|Chimalhuacán|56331|15|56331|09|031|6567|Urbano|02
56338|Corte San Pablo|Colonia|Chimalhuacán|México|Chimalhuacán|56331|15|56331|09|031|6568|Urbano|02
56338|Corte Huatongo|Colonia|Chimalhuacán|México|Chimalhuacán|56331|15|56331|09|031|6570|Urbano|02
56340|Cerro de Las Palomas|Colonia|Chimalhuacán|México|Chimalhuacán|56351|15|56351|09|031|4226|Urbano|02
56340|San Lorenzo|Fraccionamiento|Chimalhuacán|México|Chimalhuacán|56351|15|56351|21|031|4227|Urbano|02
56340|Ampliación San Lorenzo (Parte Alta)|Colonia|Chimalhuacán|México|Chimalhuacán|56351|15|56351|09|031|4229|Urbano|02
56340|San Lorenzo Chimalco|Colonia|Chimalhuacán|México|Chimalhuacán|56351|15|56351|09|031|4672|Urbano|02
56340|San Lorenzo Parte Alta|Barrio|Chimalhuacán|México|Chimalhuacán|56351|15|56351|02|031|4994|Urbano|02
56343|SUTAUR Oriente|Fraccionamiento|Chimalhuacán|México|Chimalhuacán|56351|15|56351|21|031|4231|Urbano|02
56343|San José Buenavista|Fraccionamiento|Chimalhuacán|México|Chimalhuacán|56351|15|56351|21|031|4232|Urbano|02
56343|Villa San Agustín Atlapulco|Colonia|Chimalhuacán|México|Chimalhuacán|56351|15|56351|09|031|4233|Urbano|02
56343|Jardines de San Agustín (La Isla, Sancho Ganadero)|Colonia|Chimalhuacán|México|Chimalhuacán|56351|15|56351|09|031|4234|Urbano|02
56343|Miramar|Colonia|Chimalhuacán|México|Chimalhuacán|56351|15|56351|09|031|4236|Urbano|02
56343|Tequesquinahuac|Colonia|Chimalhuacán|México|Chimalhuacán|56351|15|56351|09|031|4237|Urbano|02
56343|Tierra Santa (Maravillas)|Fraccionamiento|Chimalhuacán|México|Chimalhuacán|56351|15|56351|21|031|4238|Urbano|02
56343|Balcones de San Agustín|Colonia|Chimalhuacán|México|Chimalhuacán|56351|15|56351|09|031|4239|Urbano|02
56343|Ampliación San Agustín|Colonia|Chimalhuacán|México|Chimalhuacán|56351|15|56351|09|031|4240|Urbano|02
56343|Ampliación San Agustín Zona Poniente|Colonia|Chimalhuacán|México|Chimalhuacán|56351|15|56351|09|031|4242|Urbano|02
56343|Zona Comunal San Agustín|Colonia|Chimalhuacán|México|Chimalhuacán|56351|15|56351|09|031|4624|Urbano|02
56343|Diecisiete de Marzo|Colonia|Chimalhuacán|México|Chimalhuacán|56351|15|56351|09|031|4669|Rural|02
56343|Israel|Colonia|Chimalhuacán|México|Chimalhuacán|56351|15|56351|09|031|4673|Urbano|02
56343|Los Olivos|Fraccionamiento|Chimalhuacán|México|Chimalhuacán|56351|15|56351|21|031|4675|Urbano|02
56343|Buenos Aires|Colonia|Chimalhuacán|México|Chimalhuacán|56351|15|56351|09|031|4991|Urbano|02
56343|Adolfo López Mateos|Colonia|Chimalhuacán|México|Chimalhuacán|56351|15|56351|09|031|4992|Urbano|02
56343|Ampliación San Agustín Zona Oriente|Colonia|Chimalhuacán|México|Chimalhuacán|56351|15|56351|09|031|7870|Urbano|02
56344|Ejido San Agustín Atlapulco|Colonia|Chimalhuacán|México|Chimalhuacán|56351|15|56351|09|031|4676|Urbano|02
56344|Villa los Colorines|Fraccionamiento|Chimalhuacán|México|Chimalhuacán|56351|15|56351|21|031|6560|Urbano|02
56346|Filiberto Gómez|Colonia|Chimalhuacán|México|Chimalhuacán|56351|15|56351|09|031|4243|Urbano|02
56346|Progreso de Oriente|Colonia|Chimalhuacán|México|Chimalhuacán|56351|15|56351|09|031|4244|Urbano|02
56346|Xaltipac|Colonia|Chimalhuacán|México|Chimalhuacán|56351|15|56351|09|031|4245|Urbano|02
56350|Xochiaca|Barrio|Chimalhuacán|México|Chimalhuacán|56351|15|56351|02|031|4218|Urbano|02
56350|Xochitenco 3a Sección|Colonia|Chimalhuacán|México|Chimalhuacán|56351|15|56351|09|031|4220|Urbano|02
56350|Diecisiete de Septiembre|Colonia|Chimalhuacán|México|Chimalhuacán|56351|15|56351|09|031|4225|Urbano|02
56350|Xochiaca 2a Sección|Barrio|Chimalhuacán|México|Chimalhuacán|56351|15|56351|02|031|4678|Urbano|02
56350|Ampliación Xochiaca parte Alta|Colonia|Chimalhuacán|México|Chimalhuacán|56351|15|56351|09|031|4679|Urbano|02
56350|Santa Cecilia Xochiaca|Barrio|Chimalhuacán|México|Chimalhuacán|56351|15|56351|02|031|4996|Urbano|02
56350|La Joyita|Colonia|Chimalhuacán|México|Chimalhuacán|56351|15|56351|09|031|5574|Urbano|02
56350|Xochitenco Parte Alta|Colonia|Chimalhuacán|México|Chimalhuacán|56351|15|56351|09|031|7891|Urbano|02
56353|Saraperos|Barrio|Chimalhuacán|México|Chimalhuacán|56351|15|56351|02|031|4248|Urbano|02
56353|Tlatelco|Colonia|Chimalhuacán|México|Chimalhuacán|56351|15|56351|09|031|4249|Urbano|02
56353|Orfebres|Barrio|Chimalhuacán|México|Chimalhuacán|56351|15|56351|02|031|4252|Urbano|02
56353|Arturo Montiel|Colonia|Chimalhuacán|México|Chimalhuacán|56351|15|56351|09|031|6558|Urbano|02
56356|Tejedores|Barrio|Chimalhuacán|México|Chimalhuacán|56351|15|56351|02|031|4246|Urbano|02
56356|Jugueteros|Barrio|Chimalhuacán|México|Chimalhuacán|56351|15|56351|02|031|4250|Urbano|02
56356|Canteros|Barrio|Chimalhuacán|México|Chimalhuacán|56351|15|56351|02|031|4253|Urbano|02
56356|Talabarteros|Barrio|Chimalhuacán|México|Chimalhuacán|56351|15|56351|02|031|4254|Urbano|02
56356|Plateros|Barrio|Chimalhuacán|México|Chimalhuacán|56351|15|56351|02|031|4256|Urbano|02
56356|Vidrieros|Barrio|Chimalhuacán|México|Chimalhuacán|56351|15|56351|02|031|4258|Urbano|02
56356|Santa Cruz|Colonia|Chimalhuacán|México|Chimalhuacán|56351|15|56351|09|031|4998|Urbano|02
56360|Xochitenco 1a Sección|Colonia|Chimalhuacán|México|Chimalhuacán|56351|15|56351|09|031|4682|Urbano|02
56360|Xochitenco 2a Sección|Colonia|Chimalhuacán|México|Chimalhuacán|56351|15|56351|09|031|4683|Urbano|02
56360|San Juan Xochitenco|Colonia|Chimalhuacán|México|Chimalhuacán|56351|15|56351|09|031|5573|Urbano|02
56363|Alfareros|Barrio|Chimalhuacán|México|Chimalhuacán|56351|15|56351|02|031|4257|Urbano|02
56363|Ebanistas|Barrio|Chimalhuacán|México|Chimalhuacán|56351|15|56351|02|031|4260|Urbano|02
56363|La Rosita|Barrio|Chimalhuacán|México|Chimalhuacán|56351|15|56351|02|031|4269|Urbano|02
56363|Transportistas|Barrio|Chimalhuacán|México|Chimalhuacán|56351|15|56351|02|031|4273|Urbano|02
56363|Nueva Margarita|Colonia|Chimalhuacán|México|Chimalhuacán|56351|15|56351|09|031|5575|Urbano|02
56366|Curtidores|Barrio|Chimalhuacán|México|Chimalhuacán|56351|15|56351|02|031|4259|Urbano|02
56366|Hojalateros|Barrio|Chimalhuacán|México|Chimalhuacán|56351|15|56351|02|031|4261|Urbano|02
56366|Talladores|Barrio|Chimalhuacán|México|Chimalhuacán|56351|15|56351|02|031|4268|Urbano|02
56366|Cesteros|Barrio|Chimalhuacán|México|Chimalhuacán|56351|15|56351|02|031|4275|Urbano|02
56366|Labradores|Barrio|Chimalhuacán|México|Chimalhuacán|56351|15|56351|02|031|4280|Urbano|02
56366|Tlatel Xochitenco|Colonia|Chimalhuacán|México|Chimalhuacán|56351|15|56351|09|031|4281|Urbano|02
56370|San Vicente Chicoloapan de Juárez Centro|Colonia|Chicoloapan|México|Chicoloapan de Juárez|56371|15|56371|09|029|4282|Urbano|27
56370|Santa Cecilia|Barrio|Chicoloapan|México|Chicoloapan de Juárez|56371|15|56371|02|029|5483|Urbano|27
56373|El Encino|Fraccionamiento|Chicoloapan|México|Chicoloapan de Juárez|56371|15|56371|21|029|0001|Urbano|27
56373|El Arenal|Barrio|Chicoloapan|México|Chicoloapan de Juárez|56371|15|56371|02|029|5293|Urbano|27
56373|San Antonio|Barrio|Chicoloapan|México|Chicoloapan de Juárez|56371|15|56371|02|029|5295|Urbano|27
56373|San Juan|Barrio|Chicoloapan|México|Chicoloapan de Juárez|56371|15|56371|02|029|5296|Urbano|27
56373|Los Ángeles|Barrio|Chicoloapan|México|Chicoloapan de Juárez|56371|15|56371|02|029|5297|Urbano|27
56373|Tejocote|Barrio|Chicoloapan|México|Chicoloapan de Juárez|56371|15|56371|02|029|5298|Urbano|27
56373|Bonito San Vicente|Unidad habitacional|Chicoloapan|México|Chicoloapan de Juárez|56371|15|56371|31|029|7737|Urbano|27
56373|Bonito El Manzano|Unidad habitacional|Chicoloapan|México|Chicoloapan de Juárez|56371|15|56371|31|029|7738|Urbano|27
56373|Hacienda Vista Real|Conjunto habitacional|Chicoloapan|México|Chicoloapan de Juárez|56371|15|56371|12|029|9100|Urbano|27
56375|Presidentes|Colonia|Chicoloapan|México|Chicoloapan de Juárez|56371|15|56371|09|029|5284|Urbano|27
56375|El Vergel|Barrio|Chicoloapan|México|Chicoloapan de Juárez|56371|15|56371|02|029|5299|Urbano|27
56375|Hacienda Piedras Negras|Unidad habitacional|Chicoloapan|México|Chicoloapan de Juárez|56371|15|56371|31|029|6176|Urbano|27
56376|Santa Rosa|Colonia|Chicoloapan|México|Chicoloapan de Juárez|56371|15|56371|09|029|5282|Urbano|27
56376|Auris II|Colonia|Chicoloapan|México|Chicoloapan de Juárez|56371|15|56371|09|029|5287|Urbano|27
56376|Auris III|Colonia|Chicoloapan|México|Chicoloapan de Juárez|56371|15|56371|09|029|5288|Urbano|27
56376|Ampliación Santa Rosa|Colonia|Chicoloapan|México|Chicoloapan de Juárez|56371|15|56371|09|029|6562|Urbano|27
56377|San José|Colonia|Chicoloapan|México|Chicoloapan de Juárez|56371|15|56371|09|029|5277|Urbano|27
56377|Venustiano Carranza|Colonia|Chicoloapan|México|Chicoloapan de Juárez|56371|15|56371|09|029|5278|Urbano|27
56377|2 de Marzo|Colonia|Chicoloapan|México|Chicoloapan de Juárez|56371|15|56371|09|029|5283|Urbano|27
56377|Ampliación Presidentes|Colonia|Chicoloapan|México|Chicoloapan de Juárez|56371|15|56371|09|029|5285|Urbano|27
56377|Auris I|Colonia|Chicoloapan|México|Chicoloapan de Juárez|56371|15|56371|09|029|5286|Urbano|27
56377|Tlatel|Barrio|Chicoloapan|México|Chicoloapan de Juárez|56371|15|56371|02|029|5290|Urbano|27
56377|México 86|Barrio|Chicoloapan|México|Chicoloapan de Juárez|56371|15|56371|02|029|5291|Urbano|27
56377|San Miguel|Barrio|Chicoloapan|México|Chicoloapan de Juárez|56371|15|56371|02|029|5292|Urbano|27
56377|Arboledas|Unidad habitacional|Chicoloapan|México|Chicoloapan de Juárez|56371|15|56371|31|029|7740|Urbano|27
56377|Navidad|Barrio|Chicoloapan|México|Chicoloapan de Juárez|56371|15|56371|02|029|7741|Urbano|27
56380|Real de San Vicente I|Unidad habitacional|Chicoloapan|México|Chicoloapan de Juárez|56371|15|56371|31|029|5477|Urbano|27
56380|Lomas Chicoloapan|Unidad habitacional|Chicoloapan|México|Chicoloapan de Juárez|56371|15|56371|31|029|5479|Urbano|27
56383|Lomas de Chicoloapan III|Unidad habitacional|Chicoloapan|México|Chicoloapan de Juárez|56371|15|56371|31|029|0002|Urbano|27
56383|Real de San Vicente II|Unidad habitacional|Chicoloapan|México|Chicoloapan de Juárez|56371|15|56371|31|029|5478|Urbano|27
56383|Ciudad Galaxia los Reyes|Unidad habitacional|Chicoloapan|México|Chicoloapan de Juárez|56371|15|56371|31|029|5480|Urbano|27
56383|Hacienda los Reyes|Unidad habitacional|Chicoloapan|México|Chicoloapan de Juárez|56371|15|56371|31|029|5481|Urbano|27
56384|Loma San Pedro|Colonia|Chicoloapan|México|Chicoloapan de Juárez|56371|15|56371|09|029|9101|Rural|27
56384|La Venta Cuautlalpan|Ejido|Chicoloapan|México|Chicoloapan de Juárez|56371|15|56371|15|029|9102|Rural|27
56386|Rancho San Miguel|Unidad habitacional|Chicoloapan|México|Chicoloapan de Juárez|56371|15|56371|31|029|5790|Urbano|27
56386|Hacienda de Costitlán|Unidad habitacional|Chicoloapan|México|Chicoloapan de Juárez|56371|15|56371|31|029|6396|Urbano|27
56386|Real de Costitlán I|Unidad habitacional|Chicoloapan|México|Chicoloapan de Juárez|56371|15|56371|31|029|7743|Urbano|27
56386|Real de Costitlán II|Unidad habitacional|Chicoloapan|México|Chicoloapan de Juárez|56371|15|56371|31|029|7744|Urbano|27
56386|Geovillas de Costitlán|Unidad habitacional|Chicoloapan|México|Chicoloapan de Juárez|56371|15|56371|31|029|7745|Urbano|27
56386|La Copalera|Ejido|Chicoloapan|México|Chicoloapan de Juárez|56371|15|56371|15|029|8242|Rural|27
56386|La Noria|Colonia|Chicoloapan|México|Chicoloapan de Juárez|56371|15|56371|09|029|9103|Urbano|27
56386|San Patricio|Colonia|Chicoloapan|México|Chicoloapan de Juárez|56371|15|56371|09|029|9104|Urbano|27
56386|Loma de Guadalupe|Colonia|Chicoloapan|México|Chicoloapan de Juárez|56371|15|56371|09|029|9105|Urbano|27
56390|Emiliano Zapata|Colonia|Chicoloapan|México|Chicoloapan de Juárez|56371|15|56371|09|029|5279|Urbano|27
56390|Ejército del Trabajo|Colonia|Chicoloapan|México|Chicoloapan de Juárez|56371|15|56371|09|029|5280|Urbano|27
56390|Francisco Villa|Colonia|Chicoloapan|México|Chicoloapan de Juárez|56371|15|56371|09|029|5281|Urbano|27
56390|Revolución|Colonia|Chicoloapan|México|Chicoloapan de Juárez|56371|15|56371|09|029|5289|Urbano|27
56395|Mirador Tezaluca|Colonia|Chicoloapan|México|null|56371|15|56371|09|029|0005|Rural|null
56396|Pozo Número Uno (La Trinidad)|Ranchería|Chicoloapan|México|null|56371|15|56371|29|029|0003|Rural|null
56396|Pozo Número Cuatro (San Juan)|Ranchería|Chicoloapan|México|null|56371|15|56371|29|029|0004|Rural|null
56396|Centro Turístico Ejidal|Ejido|Chicoloapan|México|null|56371|15|56371|15|029|9610|Rural|null
56396|Pozo Número Dos (La Campana)|Ranchería|Chicoloapan|México|null|56371|15|56371|29|029|9611|Rural|null
56396|Pozo Número Seis (La Longaniza)|Ranchería|Chicoloapan|México|null|56371|15|56371|29|029|9612|Rural|null
56400|Los Reyes Acaquilpan Centro|Pueblo|La Paz|México|Los Reyes Acaquilpan (La Paz)|56401|15|56401|28|070|4286|Urbano|07
56400|Jardín de Los Reyes|Colonia|La Paz|México|Los Reyes Acaquilpan (La Paz)|56401|15|56401|09|070|4287|Urbano|07
56400|Ampliación Los Reyes|Colonia|La Paz|México|Los Reyes Acaquilpan (La Paz)|56401|15|56401|09|070|4290|Urbano|07
56410|Rincón de Los Reyes|Colonia|La Paz|México|Los Reyes Acaquilpan (La Paz)|56401|15|56401|09|070|0110|Urbano|07
56410|Ancón de los Reyes|Colonia|La Paz|México|Los Reyes Acaquilpan (La Paz)|56401|15|56401|09|070|4293|Urbano|07
56420|Floresta|Fraccionamiento|La Paz|México|Los Reyes Acaquilpan (La Paz)|56401|15|56401|21|070|4294|Urbano|07
56420|Valle de los Pinos|Colonia|La Paz|México|Los Reyes Acaquilpan (La Paz)|56401|15|56401|09|070|4295|Urbano|07
56428|Tepozanes|Unidad habitacional|La Paz|México|Los Reyes Acaquilpan (La Paz)|56401|15|56401|31|070|4296|Urbano|07
56429|Unidad Floresta|Unidad habitacional|La Paz|México|Los Reyes Acaquilpan (La Paz)|56401|15|56401|31|070|4297|Urbano|07
56430|Valle de los Reyes|Colonia|La Paz|México|Los Reyes Acaquilpan (La Paz)|56401|15|56401|09|070|4298|Urbano|07
56440|Coaxusco|Colonia|La Paz|México|Los Reyes Acaquilpan (La Paz)|56401|15|56401|09|070|0005|Urbano|07
56440|Magdalena de Los Reyes|Colonia|La Paz|México|Los Reyes Acaquilpan (La Paz)|56401|15|56401|09|070|4299|Urbano|07
56490|Las Torres III|Unidad habitacional|La Paz|México|Los Reyes Acaquilpan (La Paz)|56401|15|56401|31|070|0073|Urbano|07
56490|Emiliano Zapata|Colonia|La Paz|México|Los Reyes Acaquilpan (La Paz)|56401|15|56401|09|070|4300|Urbano|07
56495|Loma Encantada|Colonia|La Paz|México|Los Reyes Acaquilpan (La Paz)|56401|15|56401|09|070|4301|Urbano|07
56495|Villas del Sol|Unidad habitacional|La Paz|México|Los Reyes Acaquilpan (La Paz)|56401|15|56401|31|070|5001|Urbano|07
56500|San Salvador Tecamachalco|Pueblo|La Paz|México|Los Reyes Acaquilpan (La Paz)|56401|15|56401|28|070|4302|Urbano|07
56500|Ampliación Tecamachalco|Colonia|La Paz|México|Los Reyes Acaquilpan (La Paz)|56401|15|56401|09|070|4303|Urbano|07
56505|2 de Marzo|Fraccionamiento|La Paz|México|Los Reyes Acaquilpan (La Paz)|56401|15|56401|21|070|7989|Urbano|07
56507|El Pino|Colonia|La Paz|México|Los Reyes Acaquilpan (La Paz)|56401|15|56401|09|070|4304|Urbano|07
56508|La Joyita|Colonia|La Paz|México|Los Reyes Acaquilpan (La Paz)|56401|15|56401|09|070|0060|Urbano|07
56508|Bosques de la Magdalena|Colonia|La Paz|México|Los Reyes Acaquilpan (La Paz)|56401|15|56401|09|070|4305|Urbano|07
56509|Conjunto la Paz|Conjunto habitacional|La Paz|México|Los Reyes Acaquilpan (La Paz)|56401|15|56401|12|070|0020|Urbano|07
56509|Jalpa|Colonia|La Paz|México|Los Reyes Acaquilpan (La Paz)|56401|15|56401|09|070|0054|Urbano|07
56509|Las Cruces|Unidad habitacional|La Paz|México|Los Reyes Acaquilpan (La Paz)|56401|15|56401|31|070|0056|Urbano|07
56509|Villas de la Paz|Conjunto habitacional|La Paz|México|Los Reyes Acaquilpan (La Paz)|56401|15|56401|12|070|4689|Urbano|07
56509|Ferrocarril|Unidad habitacional|La Paz|México|Los Reyes Acaquilpan (La Paz)|56401|15|56401|31|070|5003|Urbano|07
56509|Parcelas|Colonia|La Paz|México|Los Reyes Acaquilpan (La Paz)|56401|15|56401|09|070|5583|Urbano|07
56510|Unidad Acaquilpan|Colonia|La Paz|México|Los Reyes Acaquilpan (La Paz)|56401|15|56401|09|070|0002|Urbano|07
56510|Profesor Carlos Hank González|Colonia|La Paz|México|Los Reyes Acaquilpan (La Paz)|56401|15|56401|09|070|4308|Urbano|07
56512|Los Pirules (El Potrero)|Colonia|La Paz|México|Los Reyes Acaquilpan (La Paz)|56401|15|56401|09|070|0006|Urbano|07
56512|San José las Palmas|Colonia|La Paz|México|Los Reyes Acaquilpan (La Paz)|56401|15|56401|09|070|4309|Urbano|07
56512|Lomas de San Sebastián|Colonia|La Paz|México|Los Reyes Acaquilpan (La Paz)|56401|15|56401|09|070|5004|Urbano|07
56512|Tepapatlalco|Colonia|La Paz|México|Los Reyes Acaquilpan (La Paz)|56401|15|56401|09|070|6375|Urbano|07
56513|Ampliación Dr. Jorge Jiménez Cantú|Colonia|La Paz|México|Los Reyes Acaquilpan (La Paz)|56401|15|56401|09|070|4311|Urbano|07
56514|Paso de Minas|Colonia|La Paz|México|Los Reyes Acaquilpan (La Paz)|56401|15|56401|09|070|0100|Urbano|07
56514|Techachaltitla|Colonia|La Paz|México|Los Reyes Acaquilpan (La Paz)|56401|15|56401|09|070|0131|Urbano|07
56514|Bosques de la Magdalena (U.P.R.E.Z.)|Unidad habitacional|La Paz|México|Los Reyes Acaquilpan (La Paz)|56401|15|56401|31|070|0142|Urbano|07
56514|Las Rosas|Colonia|La Paz|México|Los Reyes Acaquilpan (La Paz)|56401|15|56401|09|070|4313|Urbano|07
56514|Lomas de Altavista|Colonia|La Paz|México|Los Reyes Acaquilpan (La Paz)|56401|15|56401|09|070|5087|Urbano|07
56514|Tecontlapexco|Colonia|La Paz|México|Los Reyes Acaquilpan (La Paz)|56401|15|56401|09|070|5489|Urbano|07
56514|Ampliación Magdalena|Colonia|La Paz|México|Los Reyes Acaquilpan (La Paz)|56401|15|56401|09|070|6373|Urbano|07
56515|Dr. Jorge Jiménez Cantú|Colonia|La Paz|México|Los Reyes Acaquilpan (La Paz)|56401|15|56401|09|070|4314|Urbano|07
56516|Ríos de San Isidro|Colonia|La Paz|México|Los Reyes Acaquilpan (La Paz)|56401|15|56401|09|070|0001|Urbano|07
56516|Villas de San Isidro|Colonia|La Paz|México|Los Reyes Acaquilpan (La Paz)|56401|15|56401|09|070|7747|Urbano|07
56516|Ex Hacienda San Isidro|Fraccionamiento|La Paz|México|Los Reyes Acaquilpan (La Paz)|56401|15|56401|21|070|7748|Urbano|07
56516|Parque Industrial San Isidro|Zona industrial|La Paz|México|Los Reyes Acaquilpan (La Paz)|56401|15|56401|37|070|7749|Urbano|07
56516|Mariel|Colonia|La Paz|México|Los Reyes Acaquilpan (La Paz)|56401|15|56401|09|070|7750|Urbano|07
56516|San Isidro (Casas Verdes)|Unidad habitacional|La Paz|México|Los Reyes Acaquilpan (La Paz)|56401|15|56401|31|070|7751|Urbano|07
56516|Ampliación Mariel|Colonia|La Paz|México|Los Reyes Acaquilpan (La Paz)|56401|15|56401|09|070|7752|Urbano|07
56516|20 de Mayo|Colonia|La Paz|México|Los Reyes Acaquilpan (La Paz)|56401|15|56401|09|070|7753|Urbano|07
56516|Lomas de San Isidro El Pino|Colonia|La Paz|México|Los Reyes Acaquilpan (La Paz)|56401|15|56401|09|070|7754|Urbano|07
56516|Lomas de San Isidro 1ra Sección|Colonia|La Paz|México|Los Reyes Acaquilpan (La Paz)|56401|15|56401|09|070|7755|Urbano|07
56516|Lomas de San Isidro 2da Sección|Colonia|La Paz|México|Los Reyes Acaquilpan (La Paz)|56401|15|56401|09|070|7756|Urbano|07
56516|Primavera|Colonia|La Paz|México|Los Reyes Acaquilpan (La Paz)|56401|15|56401|09|070|7757|Urbano|07
56516|Libertad|Colonia|La Paz|México|Los Reyes Acaquilpan (La Paz)|56401|15|56401|09|070|7759|Urbano|07
56516|Tecomatlán|Colonia|La Paz|México|Los Reyes Acaquilpan (La Paz)|56401|15|56401|09|070|7760|Urbano|07
56516|Lomas de San Isidro 3ra Sección|Colonia|La Paz|México|Los Reyes Acaquilpan (La Paz)|56401|15|56401|09|070|9107|Urbano|07
56520|Salitrería|Colonia|La Paz|México|Los Reyes Acaquilpan (La Paz)|56401|15|56401|09|070|0112|Urbano|07
56520|Presidentes|Colonia|La Paz|México|Los Reyes Acaquilpan (La Paz)|56401|15|56401|09|070|4315|Urbano|07
56520|San Sebastián Chimalpa|Pueblo|La Paz|México|Los Reyes Acaquilpan (La Paz)|56401|15|56401|28|070|4316|Urbano|07
56520|Ampliación San Sebastián|Colonia|La Paz|México|Los Reyes Acaquilpan (La Paz)|56401|15|56401|09|070|4317|Urbano|07
56524|C.E.A.S.|Colonia|La Paz|México|Los Reyes Acaquilpan (La Paz)|56401|15|56401|09|070|0125|Urbano|07
56524|El Salado|Colonia|La Paz|México|Los Reyes Acaquilpan (La Paz)|56401|15|56401|09|070|4318|Urbano|07
56524|Ricardo Flores Magón|Colonia|La Paz|México|Los Reyes Acaquilpan (La Paz)|56401|15|56401|09|070|4691|Urbano|07
56524|Cuchilla de la Ancón|Colonia|La Paz|México|Los Reyes Acaquilpan (La Paz)|56401|15|56401|09|070|6374|Urbano|07
56525|Magisterial|Unidad habitacional|La Paz|México|Los Reyes Acaquilpan (La Paz)|56401|15|56401|31|070|0026|Urbano|07
56525|La Magdalena Atlicpac|Pueblo|La Paz|México|Los Reyes Acaquilpan (La Paz)|56401|15|56401|28|070|4319|Urbano|07
56526|Alamedas|Colonia|La Paz|México|Los Reyes Acaquilpan (La Paz)|56401|15|56401|09|070|4320|Urbano|07
56527|Anáhuac|Unidad habitacional|La Paz|México|Los Reyes Acaquilpan (La Paz)|56401|15|56401|31|070|0004|Urbano|07
56527|Arenal|Colonia|La Paz|México|Los Reyes Acaquilpan (La Paz)|56401|15|56401|09|070|4321|Urbano|07
56527|Ampliación Arenal|Colonia|La Paz|México|Los Reyes Acaquilpan (La Paz)|56401|15|56401|09|070|5005|Urbano|07
56528|Ahuaxtla|Colonia|La Paz|México|Los Reyes Acaquilpan (La Paz)|56401|15|56401|09|070|0003|Urbano|07
56528|Unidad Anáhuac Tepetates|Unidad habitacional|La Paz|México|Los Reyes Acaquilpan (La Paz)|56401|15|56401|31|070|4322|Urbano|07
56528|Adolfo López Mateos|Colonia|La Paz|México|Los Reyes Acaquilpan (La Paz)|56401|15|56401|09|070|8657|Urbano|07
56529|La Cerca|Colonia|La Paz|México|Los Reyes Acaquilpan (La Paz)|56401|15|56401|09|070|4323|Urbano|07
56529|Tlazala|Colonia|La Paz|México|Los Reyes Acaquilpan (La Paz)|56401|15|56401|09|070|4324|Urbano|07
56530|Capilla I|Unidad habitacional|Ixtapaluca|México|Ixtapaluca|56571|15|56571|31|039|4325|Urbano|18
56530|Capilla III|Unidad habitacional|Ixtapaluca|México|Ixtapaluca|56571|15|56571|31|039|4326|Urbano|18
56530|Ixtapaluca Centro|Colonia|Ixtapaluca|México|Ixtapaluca|56571|15|56571|09|039|4328|Urbano|18
56530|Jacarandas I y II|Fraccionamiento|Ixtapaluca|México|Ixtapaluca|56571|15|56571|21|039|4329|Urbano|18
56530|La Venta|Colonia|Ixtapaluca|México|Ixtapaluca|56571|15|56571|09|039|4331|Urbano|18
56530|Zoquiapan|Colonia|Ixtapaluca|México|Ixtapaluca|56571|15|56571|09|039|4332|Urbano|18
56530|La Era|Colonia|Ixtapaluca|México|Ixtapaluca|56571|15|56571|09|039|5045|Urbano|18
56530|Geovillas San Jacinto|Fraccionamiento|Ixtapaluca|México|Ixtapaluca|56571|15|56571|21|039|5046|Urbano|18
56530|Real del Campo|Fraccionamiento|Ixtapaluca|México|Ixtapaluca|56571|15|56571|21|039|5614|Urbano|18
56535|El Jaral (El Capulín)|Colonia|Ixtapaluca|México|Ixtapaluca|56571|15|56571|09|039|0001|Rural|18
56535|Jardín Industrial Ixtapaluca|Zona industrial|Ixtapaluca|México|Ixtapaluca|56571|15|56571|37|039|4334|Urbano|18
56535|Geovillas de Santa Bárbara|Fraccionamiento|Ixtapaluca|México|Ixtapaluca|56571|15|56571|21|039|5033|Urbano|18
56535|El Capulín|Ejido|Ixtapaluca|México|Ixtapaluca|56571|15|56571|15|039|5034|Rural|18
56535|Hacienda las Palmas I y II|Conjunto habitacional|Ixtapaluca|México|Ixtapaluca|56571|15|56571|12|039|5772|Urbano|18
56535|Las Palmas Tercera Etapa|Conjunto habitacional|Ixtapaluca|México|Ixtapaluca|56571|15|56571|12|039|7834|Urbano|18
56536|San José de la Palma|Unidad habitacional|Ixtapaluca|México|Ixtapaluca|56571|15|56571|31|039|4335|Urbano|18
56536|San Buenaventura|Fraccionamiento|Ixtapaluca|México|Ixtapaluca|56571|15|56571|21|039|4712|Urbano|18
56537|Capilla II|Unidad habitacional|Ixtapaluca|México|Ixtapaluca|56571|15|56571|31|039|4336|Urbano|18
56537|Capilla IV|Unidad habitacional|Ixtapaluca|México|Ixtapaluca|56571|15|56571|31|039|4337|Urbano|18
56537|Acozac|Fraccionamiento|Ixtapaluca|México|Ixtapaluca|56571|15|56571|21|039|5652|Urbano|18
56537|Tezontle-Zoquiapan|Colonia|Ixtapaluca|México|Ixtapaluca|56571|15|56571|09|039|9074|Urbano|18
56538|Santa Bárbara|Colonia|Ixtapaluca|México|Ixtapaluca|56571|15|56571|09|039|4338|Urbano|18
56539|La Magdalena|Colonia|Ixtapaluca|México|Ixtapaluca|56571|15|56571|09|039|4340|Urbano|18
56539|La Huerta|Colonia|Ixtapaluca|México|Ixtapaluca|56571|15|56571|09|039|5028|Urbano|18
56539|El Caracol|Colonia|Ixtapaluca|México|Ixtapaluca|56571|15|56571|09|039|5047|Urbano|18
56540|Citlalmina|Colonia|Ixtapaluca|México|Ixtapaluca|56571|15|56571|09|039|4341|Urbano|18
56540|Rancho el Carmen|Unidad habitacional|Ixtapaluca|México|Ixtapaluca|56571|15|56571|31|039|4342|Urbano|18
56550|Emiliano Zapata|Colonia|Ixtapaluca|México|Ixtapaluca|56571|15|56571|09|039|4343|Urbano|18
56550|Derramadero|Colonia|Ixtapaluca|México|Ixtapaluca|56571|15|56571|09|039|6459|Urbano|18
56553|El Molino|Colonia|Ixtapaluca|México|Ixtapaluca|56571|15|56571|09|039|4344|Urbano|18
56555|Residencial Ayotla|Fraccionamiento|Ixtapaluca|México|Ixtapaluca|56571|15|56571|21|039|4347|Urbano|18
56556|José de la Mora|Fraccionamiento|Ixtapaluca|México|Ixtapaluca|56571|15|56571|21|039|4348|Urbano|18
56556|Tlapacoya|Pueblo|Ixtapaluca|México|Ixtapaluca|56571|15|56571|28|039|4373|Urbano|18
56558|Ampliación Emiliano Zapata|Colonia|Ixtapaluca|México|Ixtapaluca|56571|15|56571|09|039|4351|Urbano|18
56560|Ayotla|Pueblo|Ixtapaluca|México|Ixtapaluca|56571|15|56571|28|039|4354|Urbano|18
56560|El Calvario|Colonia|Ixtapaluca|México|Ixtapaluca|56571|15|56571|09|039|9077|Urbano|18
56563|Loma Bonita|Colonia|Ixtapaluca|México|Ixtapaluca|56571|15|56571|09|039|4357|Urbano|18
56564|El Mirador|Colonia|Ixtapaluca|México|Ixtapaluca|56571|15|56571|09|039|4359|Urbano|18
56565|Linda Vista|Colonia|Ixtapaluca|México|Ixtapaluca|56571|15|56571|09|039|4360|Urbano|18
56565|Santo Tomás|Colonia|Ixtapaluca|México|Ixtapaluca|56571|15|56571|09|039|4361|Urbano|18
56565|Magisterial|Unidad habitacional|Ixtapaluca|México|Ixtapaluca|56571|15|56571|31|039|5010|Urbano|18
56565|Lomas de Ayotla|Colonia|Ixtapaluca|México|Ixtapaluca|56571|15|56571|09|039|5011|Urbano|18
56565|Lavaderos|Colonia|Ixtapaluca|México|Ixtapaluca|56571|15|56571|09|039|5016|Urbano|18
56565|Ampliación Acozac|Colonia|Ixtapaluca|México|Ixtapaluca|56571|15|56571|09|039|8964|Urbano|18
56565|Ampliación Santo Tomás|Colonia|Ixtapaluca|México|Ixtapaluca|56571|15|56571|09|039|9614|Urbano|18
56566|Geovillas de Ayotla|Fraccionamiento|Ixtapaluca|México|Ixtapaluca|56571|15|56571|21|039|0147|Urbano|18
56566|Izcalli|Fraccionamiento|Ixtapaluca|México|Ixtapaluca|56571|15|56571|21|039|4362|Urbano|18
56566|Rancho Guadalupe|Fraccionamiento|Ixtapaluca|México|Ixtapaluca|56571|15|56571|21|039|4364|Urbano|18
56566|Rigoberta Menchú|Colonia|Ixtapaluca|México|Ixtapaluca|56571|15|56571|09|039|5012|Urbano|18
56566|Luis Donaldo Colosio|Colonia|Ixtapaluca|México|Ixtapaluca|56571|15|56571|09|039|5013|Urbano|18
56566|La Retama|Colonia|Ixtapaluca|México|Ixtapaluca|56571|15|56571|09|039|5015|Urbano|18
56566|Ilhuicamina|Colonia|Ixtapaluca|México|Ixtapaluca|56571|15|56571|09|039|5055|Urbano|18
56566|Rancho San José|Unidad habitacional|Ixtapaluca|México|Ixtapaluca|56571|15|56571|31|039|6460|Urbano|18
56566|Caserío|Unidad habitacional|Ixtapaluca|México|Ixtapaluca|56571|15|56571|31|039|6461|Urbano|18
56566|Fermín Álvarez|Colonia|Ixtapaluca|México|Ixtapaluca|56571|15|56571|09|039|7940|Urbano|18
56566|Vergel de Guadalupe|Colonia|Ixtapaluca|México|Ixtapaluca|56571|15|56571|09|039|7945|Urbano|18
56566|Ampliación 6 de Junio|Colonia|Ixtapaluca|México|Ixtapaluca|56571|15|56571|09|039|8796|Rural|18
56566|6 de Junio|Colonia|Ixtapaluca|México|Ixtapaluca|56571|15|56571|09|039|8823|Urbano|18
56566|Luis Córdoba Reyes|Colonia|Ixtapaluca|México|Ixtapaluca|56571|15|56571|09|039|8965|Urbano|18
56567|Melchor Ocampo I, II, III, IV y V|Colonia|Ixtapaluca|México|Ixtapaluca|56571|15|56571|09|039|0155|Urbano|18
56567|Cerro del Tejolote|Colonia|Ixtapaluca|México|Ixtapaluca|56571|15|56571|09|039|4365|Urbano|18
56567|Escalerillas|Colonia|Ixtapaluca|México|Ixtapaluca|56571|15|56571|09|039|4367|Urbano|18
56567|Ampliación Escalerillas|Colonia|Ixtapaluca|México|Ixtapaluca|56571|15|56571|09|039|4368|Urbano|18
56567|Morelos|Colonia|Ixtapaluca|México|Ixtapaluca|56571|15|56571|09|039|5771|Urbano|18
56567|Wenceslao Victoria Soto|Colonia|Ixtapaluca|México|Ixtapaluca|56571|15|56571|09|039|6465|Urbano|18
56567|Guadalupana|Colonia|Ixtapaluca|México|Ixtapaluca|56571|15|56571|09|039|6466|Urbano|18
56567|Ricardo Calva Reyes|Colonia|Ixtapaluca|México|Ixtapaluca|56571|15|56571|09|039|7038|Urbano|18
56567|Lomas de Ixtapaluca|Fraccionamiento|Ixtapaluca|México|Ixtapaluca|56571|15|56571|21|039|7836|Urbano|18
56567|Buena Vista|Colonia|Ixtapaluca|México|Ixtapaluca|56571|15|56571|09|039|7944|Urbano|18
56567|Contadero|Colonia|Ixtapaluca|México|Ixtapaluca|56571|15|56571|09|039|7946|Urbano|18
56567|Ampliación Morelos|Colonia|Ixtapaluca|México|Ixtapaluca|56571|15|56571|09|039|9073|Urbano|18
56567|Humberto Gutiérrez|Colonia|Ixtapaluca|México|Ixtapaluca|56571|15|56571|09|039|9613|Urbano|18
56568|Unión Antorchista|Colonia|Ixtapaluca|México|Ixtapaluca|56571|15|56571|09|039|0141|Urbano|18
56568|El Capulín|Colonia|Ixtapaluca|México|Ixtapaluca|56571|15|56571|09|039|4369|Urbano|18
56568|Nueva Antorchista|Colonia|Ixtapaluca|México|Ixtapaluca|56571|15|56571|09|039|7943|Urbano|18
56569|Rincón del Bosque|Colonia|Ixtapaluca|México|Ixtapaluca|56571|15|56571|09|039|4371|Urbano|18
56569|San Miguel|Colonia|Ixtapaluca|México|Ixtapaluca|56571|15|56571|09|039|5020|Urbano|18
56569|El Nopalito|Colonia|Ixtapaluca|México|Ixtapaluca|56571|15|56571|09|039|5022|Urbano|18
56569|1° de Mayo|Colonia|Ixtapaluca|México|Ixtapaluca|56571|15|56571|09|039|6462|Urbano|18
56569|El Mirto|Colonia|Ixtapaluca|México|Ixtapaluca|56571|15|56571|09|039|6463|Urbano|18
56570|Arbolada|Fraccionamiento|Ixtapaluca|México|Ixtapaluca|56571|15|56571|21|039|5030|Urbano|18
56570|Geovillas Ixtapaluca 2000|Unidad habitacional|Ixtapaluca|México|Ixtapaluca|56571|15|56571|31|039|5031|Urbano|18
56576|Estado de México|Colonia|Ixtapaluca|México|Ixtapaluca|56571|15|56571|09|039|4374|Urbano|18
56576|San Juan Tlalpizahuac|Colonia|Ixtapaluca|México|Ixtapaluca|56571|15|56571|09|039|4375|Urbano|18
56576|Tlalpizahuac|Pueblo|Ixtapaluca|México|Ixtapaluca|56571|15|56571|28|039|4376|Urbano|18
56576|San Antonio|Colonia|Ixtapaluca|México|Ixtapaluca|56571|15|56571|09|039|5023|Urbano|18
56576|San Antonio|Unidad habitacional|Ixtapaluca|México|Ixtapaluca|56571|15|56571|31|039|5024|Urbano|18
56576|Tlacaelel|Colonia|Ixtapaluca|México|Ixtapaluca|56571|15|56571|09|039|5025|Urbano|18
56576|Aquiles Córdoba|Colonia|Ixtapaluca|México|Ixtapaluca|56571|15|56571|09|039|6464|Urbano|18
56576|18 de Agosto|Colonia|Ixtapaluca|México|Ixtapaluca|56571|15|56571|09|039|7835|Urbano|18
56576|Residencial Park|Fraccionamiento|Ixtapaluca|México|Ixtapaluca|56571|15|56571|21|039|7837|Urbano|18
56576|Rey Izcoatl|Colonia|Ixtapaluca|México|Ixtapaluca|56571|15|56571|09|039|8966|Urbano|18
56577|Hornos Santa Bárbara|Colonia|Ixtapaluca|México|Ixtapaluca|56571|15|56571|09|039|4372|Urbano|18
56577|Alfredo del Mazo|Colonia|Ixtapaluca|México|Ixtapaluca|56571|15|56571|09|039|4377|Urbano|18
56577|Santa Cruz Tlalpizahuac|Colonia|Ixtapaluca|México|Ixtapaluca|56571|15|56571|09|039|4379|Urbano|18
56577|Valle Verde|Colonia|Ixtapaluca|México|Ixtapaluca|56571|15|56571|09|039|4380|Urbano|18
56577|Ampliación Santa Cruz Tlapacoya|Colonia|Ixtapaluca|México|Ixtapaluca|56571|15|56571|09|039|6457|Urbano|18
56577|Santa Cruz Tlapacoya|Colonia|Ixtapaluca|México|Ixtapaluca|56571|15|56571|09|039|6458|Urbano|18
56579|20 de Noviembre|Colonia|Ixtapaluca|México|Ixtapaluca|56571|15|56571|09|039|4382|Urbano|18
56580|Paseos de Coatepec|Colonia|Ixtapaluca|México|Ixtapaluca|56571|15|56571|09|039|0003|Urbano|18
56580|Coatepec|Pueblo|Ixtapaluca|México|Ixtapaluca|56571|15|56571|28|039|4383|Urbano|18
56580|Rosa de Castilla|Colonia|Ixtapaluca|México|Ixtapaluca|56571|15|56571|09|039|5050|Urbano|18
56580|San Juan|Colonia|Ixtapaluca|México|Ixtapaluca|56571|15|56571|09|039|6453|Urbano|18
56580|Rancho Verde|Colonia|Ixtapaluca|México|Ixtapaluca|56571|15|56571|09|039|6455|Rural|18
56580|Independencia|Colonia|Ixtapaluca|México|Ixtapaluca|56571|15|56571|09|039|6456|Urbano|18
56580|Lomas de Coatepec|Colonia|Ixtapaluca|México|Ixtapaluca|56571|15|56571|09|039|7941|Urbano|18
56580|Tetitla|Colonia|Ixtapaluca|México|Ixtapaluca|56571|15|56571|09|039|8801|Urbano|18
56584|Pueblo Nuevo (San Isidro Labrador)|Colonia|Ixtapaluca|México|Ixtapaluca|56571|15|56571|09|039|4385|Rural|18
56584|La Mesa|Colonia|Ixtapaluca|México|Ixtapaluca|56571|15|56571|09|039|8812|Urbano|18
56584|La Pastoría|Rancho|Ixtapaluca|México|Ixtapaluca|56571|15|56571|48|039|8820|Rural|18
56585|Los Héroes|Unidad habitacional|Ixtapaluca|México|Ixtapaluca|56571|15|56571|31|039|0052|Urbano|18
56585|Jesús María|Colonia|Ixtapaluca|México|Ixtapaluca|56571|15|56571|09|039|4386|Urbano|18
56585|Plutarco Elias Calles|Colonia|Ixtapaluca|México|Ixtapaluca|56571|15|56571|09|039|4387|Urbano|18
56585|La Esperanza|Colonia|Ixtapaluca|México|Ixtapaluca|56571|15|56571|09|039|5026|Urbano|18
56585|El Rayo|Colonia|Ixtapaluca|México|Ixtapaluca|56571|15|56571|09|039|5027|Urbano|18
56585|Ampliación Plutarco Elias Calles|Colonia|Ixtapaluca|México|Ixtapaluca|56571|15|56571|09|039|7833|Urbano|18
56585|Rosa de San Francisco|Unidad habitacional|Ixtapaluca|México|Ixtapaluca|56571|15|56571|31|039|7838|Urbano|18
56585|Elsa Córdova Morán|Colonia|Ixtapaluca|México|Ixtapaluca|56571|15|56571|09|039|7939|Urbano|18
56586|Tlayehuale|Colonia|Ixtapaluca|México|Ixtapaluca|56571|15|56571|09|039|4389|Urbano|18
56586|Geovillas Jesús María|Fraccionamiento|Ixtapaluca|México|Ixtapaluca|56571|15|56571|21|039|5032|Urbano|18
56587|Santa Ana|Colonia|Ixtapaluca|México|Ixtapaluca|56571|15|56571|09|039|0002|Rural|18
56587|San Francisco Acuautla|Pueblo|Ixtapaluca|México|Ixtapaluca|56571|15|56571|28|039|4384|Urbano|18
56587|Mirador de San Francisco|Colonia|Ixtapaluca|México|Ixtapaluca|56571|15|56571|09|039|4390|Urbano|18
56587|Ampliación San Francisco|Colonia|Ixtapaluca|México|Ixtapaluca|56571|15|56571|09|039|6452|Rural|18
56587|San Francisco (Las Joyas)|Ejido|Ixtapaluca|México|Ixtapaluca|56571|15|56571|15|039|8802|Urbano|18
56587|Los Hornos|Colonia|Ixtapaluca|México|Ixtapaluca|56571|15|56571|09|039|8815|Urbano|18
56587|Francisco Santillán (Atzizintla Tres)|Ranchería|Ixtapaluca|México|Ixtapaluca|56571|15|56571|29|039|8819|Rural|18
56588|Tejalpa|Colonia|Ixtapaluca|México|Ixtapaluca|56571|15|56571|09|039|4392|Urbano|18
56588|El Carmen|Colonia|Ixtapaluca|México|Ixtapaluca|56571|15|56571|09|039|5042|Urbano|18
56588|Ejido la Virgen|Colonia|Ixtapaluca|México|Ixtapaluca|56571|15|56571|09|039|5043|Urbano|18
56588|Juan Antonio Soberanes|Colonia|Ixtapaluca|México|Ixtapaluca|56571|15|56571|09|039|6450|Urbano|18
56588|Ampliación Tejalpa|Colonia|Ixtapaluca|México|Ixtapaluca|56571|15|56571|09|039|6451|Urbano|18
56588|Julio Chávez López (UPREZ)|Colonia|Ixtapaluca|México|Ixtapaluca|56571|15|56571|09|039|8800|Urbano|18
56588|Xalpa (Camino de los Alcanfores)|Ejido|Ixtapaluca|México|Ixtapaluca|56571|15|56571|15|039|8803|Rural|18
56588|El Patronato del Maguey (Santa Rosa)|Ejido|Ixtapaluca|México|Ixtapaluca|56571|15|56571|15|039|8807|Rural|18
56588|El Pozo del Venado|Ejido|Ixtapaluca|México|Ixtapaluca|56571|15|56571|15|039|8808|Rural|18
56588|Linderos de Ixtapaluca (El Tablón)|Ejido|Ixtapaluca|México|Ixtapaluca|56571|15|56571|15|039|8813|Rural|18
56588|Puente del Tablón|Ejido|Ixtapaluca|México|Ixtapaluca|56571|15|56571|15|039|8816|Rural|18
56588|Puente el Mezquite|Ejido|Ixtapaluca|México|Ixtapaluca|56571|15|56571|15|039|8817|Rural|18
56589|Jorge Jiménez Cantú|Colonia|Ixtapaluca|México|Ixtapaluca|56571|15|56571|09|039|4393|Urbano|18
56589|Cuatro Vientos|Fraccionamiento|Ixtapaluca|México|Ixtapaluca|56571|15|56571|21|039|5035|Urbano|18
56589|La Cañada|Colonia|Ixtapaluca|México|Ixtapaluca|56571|15|56571|09|039|5038|Rural|18
56589|Hornos de Zoquiapan|Colonia|Ixtapaluca|México|Ixtapaluca|56571|15|56571|09|039|5039|Urbano|18
56589|Margarita Moran|Colonia|Ixtapaluca|México|Ixtapaluca|56571|15|56571|09|039|5615|Urbano|18
56589|San Jerónimo Cuatro Vientos|Colonia|Ixtapaluca|México|Ixtapaluca|56571|15|56571|09|039|5651|Urbano|18
56589|Huertas de Canutillo|Pueblo|Ixtapaluca|México|Ixtapaluca|56571|15|56571|28|039|6403|Urbano|18
56589|Zoquiapan|Colonia|Ixtapaluca|México|Ixtapaluca|56571|15|56571|09|039|6448|Urbano|18
56589|Camino a Mina Milagro (El Potrero)|Colonia|Ixtapaluca|México|Ixtapaluca|56571|15|56571|09|039|8797|Urbano|18
56589|Camino Mina Rosita|Colonia|Ixtapaluca|México|Ixtapaluca|56571|15|56571|09|039|8798|Urbano|18
56589|Teponaxtle|Colonia|Ixtapaluca|México|Ixtapaluca|56571|15|56571|09|039|9075|Urbano|18
56589|Bezana Canutillo|Colonia|Ixtapaluca|México|Ixtapaluca|56571|15|56571|09|039|9076|Urbano|18
56590|Río Frío de Juárez|Pueblo|Ixtapaluca|México|Ixtapaluca|56571|15|56571|28|039|4394|Urbano|18
56590|Llano Grande|Colonia|Ixtapaluca|México|Ixtapaluca|56571|15|56571|09|039|7942|Urbano|18
56590|El Guarda|Rancho|Ixtapaluca|México|Ixtapaluca|56571|15|56571|48|039|8818|Rural|18
56599|Manuel Ávila Camacho|Pueblo|Ixtapaluca|México|Ixtapaluca|56571|15|56571|28|039|4395|Urbano|18
56599|El Campamento (Las Cocinas)|Rancho|Ixtapaluca|México|Ixtapaluca|56571|15|56571|48|039|8804|Rural|18
56599|El Corazón|Colonia|Ixtapaluca|México|Ixtapaluca|56571|15|56571|09|039|8805|Urbano|18
56599|El Cuarenta|Ranchería|Ixtapaluca|México|Ixtapaluca|56571|15|56571|29|039|8806|Rural|18
56599|El Treinta y Nueve (Dos Jagüeyes)|Ejido|Ixtapaluca|México|Ixtapaluca|56571|15|56571|15|039|8809|Urbano|18
56599|El Treinta y Siete (Kilómetro 19)|Ranchería|Ixtapaluca|México|Ixtapaluca|56571|15|56571|29|039|8810|Rural|18
56599|Los Cedros|Ranchería|Ixtapaluca|México|Ixtapaluca|56571|15|56571|29|039|8814|Rural|18
56599|Loma Ancha|Rancho|Ixtapaluca|México|Ixtapaluca|56571|15|56571|48|039|8821|Rural|18
56599|San Isidro (La Lobera)|Ranchería|Ixtapaluca|México|Ixtapaluca|56571|15|56571|29|039|8822|Rural|18
56600|Bosques de Chalco I|Fraccionamiento|Chalco|México|Chalco de Díaz Covarrubias|56601|15|56601|21|025|0010|Urbano|23
56600|Tlatel|Barrio|Chalco|México|Chalco de Díaz Covarrubias|56601|15|56601|02|025|0013|Rural|23
56600|Santa Cruz|Unidad habitacional|Chalco|México|Chalco de Díaz Covarrubias|56601|15|56601|31|025|0014|Urbano|23
56600|Casco de San Juan|Colonia|Chalco|México|Chalco de Díaz Covarrubias|56601|15|56601|09|025|4396|Urbano|23
56600|Chalco de Díaz Covarrubias Centro|Colonia|Chalco|México|Chalco de Díaz Covarrubias|56601|15|56601|09|025|4397|Urbano|23
56600|La Bomba|Colonia|Chalco|México|Chalco de Díaz Covarrubias|56601|15|56601|09|025|4398|Urbano|23
56600|La Conchita|Barrio|Chalco|México|Chalco de Díaz Covarrubias|56601|15|56601|02|025|4399|Urbano|23
56600|San Antonio|Barrio|Chalco|México|Chalco de Díaz Covarrubias|56601|15|56601|02|025|4400|Urbano|23
56600|San Sebastián|Barrio|Chalco|México|Chalco de Díaz Covarrubias|56601|15|56601|02|025|4401|Urbano|23
56600|Los Cipreses|Colonia|Chalco|México|Chalco de Díaz Covarrubias|56601|15|56601|09|025|5069|Urbano|23
56600|Granjas Chalco|Fraccionamiento|Chalco|México|Chalco de Díaz Covarrubias|56601|15|56601|21|025|5074|Urbano|23
56600|Industrial Chalco|Colonia|Chalco|México|Chalco de Díaz Covarrubias|56601|15|56601|09|025|5075|Urbano|23
56600|Marco Antonio Sosa|Colonia|Chalco|México|Chalco de Díaz Covarrubias|56601|15|56601|09|025|5490|Urbano|23
56600|Los Volcanes|Fraccionamiento|Chalco|México|Chalco de Díaz Covarrubias|56601|15|56601|21|025|5491|Urbano|23
56600|Villas de Chalco|Unidad habitacional|Chalco|México|Chalco de Díaz Covarrubias|56601|15|56601|31|025|5492|Urbano|23
56600|Portal de Chalco|Fraccionamiento|Chalco|México|Chalco de Díaz Covarrubias|56601|15|56601|21|025|5493|Urbano|23
56600|San Francisco|Barrio|Chalco|México|Chalco de Díaz Covarrubias|56601|15|56601|02|025|6400|Urbano|23
56600|Paseos de Chalco|Fraccionamiento|Chalco|México|Chalco de Díaz Covarrubias|56601|15|56601|21|025|6407|Urbano|23
56600|Bosques de Chalco II|Fraccionamiento|Chalco|México|Chalco de Díaz Covarrubias|56601|15|56601|21|025|6409|Urbano|23
56600|Los Volcanes 2da. Sección|Fraccionamiento|Chalco|México|Chalco de Díaz Covarrubias|56601|15|56601|21|025|8559|Urbano|23
56600|Las Huertas|Fraccionamiento|Chalco|México|Chalco de Díaz Covarrubias|56601|15|56601|21|025|9126|Urbano|23
56600|Punta Chalco|Fraccionamiento|Chalco|México|Chalco de Díaz Covarrubias|56601|15|56601|21|025|9127|Urbano|23
56600|El Naranjo|Colonia|Chalco|México|Chalco de Díaz Covarrubias|56601|15|56601|09|025|9618|Urbano|23
56600|Gonzalo López Cid|Colonia|Chalco|México|Chalco de Díaz Covarrubias|56601|15|56601|09|025|9619|Urbano|23
56600|Margarita Córdoba Morán|Colonia|Chalco|México|Chalco de Díaz Covarrubias|56601|15|56601|09|025|9620|Urbano|23
56600|Rancho Amigo|Unidad habitacional|Chalco|México|Chalco de Díaz Covarrubias|56601|15|56601|31|025|9621|Urbano|23
56604|Ejidal|Colonia|Chalco|México|Chalco de Díaz Covarrubias|56601|15|56601|09|025|0030|Urbano|23
56604|Tres Marías|Colonia|Chalco|México|Chalco de Díaz Covarrubias|56601|15|56601|09|025|4405|Urbano|23
56604|San Miguel Jacalones I|Colonia|Chalco|México|Chalco de Díaz Covarrubias|56601|15|56601|09|025|4413|Urbano|23
56604|San Miguel Jacalones II|Colonia|Chalco|México|Chalco de Díaz Covarrubias|56601|15|56601|09|025|5006|Urbano|23
56604|Nueva San Miguel|Colonia|Chalco|México|Chalco de Díaz Covarrubias|56601|15|56601|09|025|5007|Urbano|23
56605|Nueva San Isidro|Colonia|Chalco|México|Chalco de Díaz Covarrubias|56601|15|56601|09|025|4406|Urbano|23
56605|Nueva San Antonio|Colonia|Chalco|México|Chalco de Díaz Covarrubias|56601|15|56601|09|025|5008|Urbano|23
56605|Agrarista|Colonia|Chalco|México|Chalco de Díaz Covarrubias|56601|15|56601|09|025|5494|Urbano|23
56605|Agrarista Sector Alcanfores|Colonia|Chalco|México|Chalco de Díaz Covarrubias|56601|15|56601|09|025|5495|Urbano|23
56605|El Paraíso|Colonia|Chalco|México|Chalco de Díaz Covarrubias|56601|15|56601|09|025|5497|Urbano|23
56605|Fraternidad Antorchista|Colonia|Chalco|México|Chalco de Díaz Covarrubias|56601|15|56601|09|025|5498|Urbano|23
56605|Clara Córdoba Morán|Colonia|Chalco|México|Chalco de Díaz Covarrubias|56601|15|56601|09|025|9616|Urbano|23
56605|Humberto Vidal Mendoza|Colonia|Chalco|México|Chalco de Díaz Covarrubias|56601|15|56601|09|025|9617|Urbano|23
56606|Unión de Guadalupe|Colonia|Chalco|México|Chalco de Díaz Covarrubias|56601|15|56601|09|025|4408|Urbano|23
56607|Covadonga|Colonia|Chalco|México|Chalco de Díaz Covarrubias|56601|15|56601|09|025|4409|Urbano|23
56607|Culturas de México|Colonia|Chalco|México|Chalco de Díaz Covarrubias|56601|15|56601|09|025|4410|Urbano|23
56607|Jardines de Chalco|Colonia|Chalco|México|Chalco de Díaz Covarrubias|56601|15|56601|09|025|4411|Urbano|23
56607|21 de Marzo|Colonia|Chalco|México|Chalco de Díaz Covarrubias|56601|15|56601|09|025|5582|Urbano|23
56608|Emiliano Zapata|Colonia|Chalco|México|Chalco de Díaz Covarrubias|56601|15|56601|09|025|4412|Urbano|23
56608|San Cristóbal|Colonia|Chalco|México|Chalco de Díaz Covarrubias|56601|15|56601|09|025|8558|Urbano|23
56609|Santa Cruz Amalinalco|Colonia|Chalco|México|Chalco de Díaz Covarrubias|56601|15|56601|09|025|4414|Rural|23
56610|Alfredo Baranda|Colonia|Valle de Chalco Solidaridad|México|Valle de Chalco Solidaridad|56612|15|56612|09|122|4415|Urbano|21
56610|Américas|Colonia|Valle de Chalco Solidaridad|México|Valle de Chalco Solidaridad|56612|15|56612|09|122|4416|Urbano|21
56610|Niños Héroes|Colonia|Valle de Chalco Solidaridad|México|Valle de Chalco Solidaridad|56612|15|56612|09|122|4418|Urbano|21
56610|San Miguel las Tablas|Colonia|Valle de Chalco Solidaridad|México|Valle de Chalco Solidaridad|56612|15|56612|09|122|6391|Urbano|21
56613|San Miguel Xico|Colonia|Valle de Chalco Solidaridad|México|Valle de Chalco Solidaridad|56612|15|56612|09|122|4421|Urbano|21
56614|Poder Popular|Colonia|Valle de Chalco Solidaridad|México|Valle de Chalco Solidaridad|56612|15|56612|09|122|0001|Urbano|21
56614|Cerro del Marques|Colonia|Valle de Chalco Solidaridad|México|Valle de Chalco Solidaridad|56612|15|56612|09|122|4425|Urbano|21
56614|San Martín Xico La Laguna|Colonia|Valle de Chalco Solidaridad|México|Valle de Chalco Solidaridad|56612|15|56612|09|122|4426|Urbano|21
56614|Real de San Martín|Unidad habitacional|Valle de Chalco Solidaridad|México|Valle de Chalco Solidaridad|56612|15|56612|31|122|7887|Urbano|21
56614|Ex-hacienda Xico|Unidad habitacional|Valle de Chalco Solidaridad|México|Valle de Chalco Solidaridad|56612|15|56612|31|122|8944|Urbano|21
56614|Central de Abasto|Equipamiento|Valle de Chalco Solidaridad|México|Valle de Chalco Solidaridad|56612|15|56612|17|122|9623|Urbano|21
56614|Antorcha Valle de Chalco|Colonia|Valle de Chalco Solidaridad|México|Valle de Chalco Solidaridad|56612|15|56612|09|122|9624|Urbano|21
56615|Concepción|Colonia|Valle de Chalco Solidaridad|México|Valle de Chalco Solidaridad|56612|15|56612|09|122|4427|Urbano|21
56615|María Isabel|Colonia|Valle de Chalco Solidaridad|México|Valle de Chalco Solidaridad|56612|15|56612|09|122|4428|Urbano|21
56615|Santiago|Colonia|Valle de Chalco Solidaridad|México|Valle de Chalco Solidaridad|56612|15|56612|09|122|4429|Urbano|21
56615|El Agostadero|Colonia|Valle de Chalco Solidaridad|México|Valle de Chalco Solidaridad|56612|15|56612|09|122|6392|Urbano|21
56616|Guadalupana|Colonia|Valle de Chalco Solidaridad|México|Valle de Chalco Solidaridad|56612|15|56612|09|122|4430|Urbano|21
56616|Providencia|Colonia|Valle de Chalco Solidaridad|México|Valle de Chalco Solidaridad|56612|15|56612|09|122|4432|Urbano|21
56617|El Triunfo|Colonia|Valle de Chalco Solidaridad|México|Valle de Chalco Solidaridad|56612|15|56612|09|122|4433|Urbano|21
56617|Independencia|Colonia|Valle de Chalco Solidaridad|México|Valle de Chalco Solidaridad|56612|15|56612|09|122|4434|Urbano|21
56617|Jardín|Colonia|Valle de Chalco Solidaridad|México|Valle de Chalco Solidaridad|56612|15|56612|09|122|4435|Urbano|21
56617|San Isidro|Colonia|Valle de Chalco Solidaridad|México|Valle de Chalco Solidaridad|56612|15|56612|09|122|4436|Urbano|21
56617|Santa Cruz|Colonia|Valle de Chalco Solidaridad|México|Valle de Chalco Solidaridad|56612|15|56612|09|122|4437|Urbano|21
56618|Geovillas la Asunción|Unidad habitacional|Valle de Chalco Solidaridad|México|Valle de Chalco Solidaridad|56612|15|56612|31|122|0145|Urbano|21
56618|Avándaro|Colonia|Valle de Chalco Solidaridad|México|Valle de Chalco Solidaridad|56612|15|56612|09|122|4438|Urbano|21
56618|Darío Martínez II Sección|Colonia|Valle de Chalco Solidaridad|México|Valle de Chalco Solidaridad|56612|15|56612|09|122|4439|Urbano|21
56618|Emiliano Zapata|Colonia|Valle de Chalco Solidaridad|México|Valle de Chalco Solidaridad|56612|15|56612|09|122|4440|Urbano|21
56618|San Juan Tlalpizahuac|Colonia|Valle de Chalco Solidaridad|México|Valle de Chalco Solidaridad|56612|15|56612|09|122|4441|Urbano|21
56618|Carlos Salinas de Gortari|Colonia|Valle de Chalco Solidaridad|México|Valle de Chalco Solidaridad|56612|15|56612|09|122|5618|Urbano|21
56618|San Gregorio|Colonia|Valle de Chalco Solidaridad|México|Valle de Chalco Solidaridad|56612|15|56612|09|122|6395|Urbano|21
56619|La Punta|Colonia|Valle de Chalco Solidaridad|México|Valle de Chalco Solidaridad|56612|15|56612|09|122|0002|Urbano|21
56619|Alfredo del Mazo|Colonia|Valle de Chalco Solidaridad|México|Valle de Chalco Solidaridad|56612|15|56612|09|122|4442|Urbano|21
56619|Darío Martínez I Sección|Colonia|Valle de Chalco Solidaridad|México|Valle de Chalco Solidaridad|56612|15|56612|09|122|4443|Urbano|21
56619|Del Carmen|Colonia|Valle de Chalco Solidaridad|México|Valle de Chalco Solidaridad|56612|15|56612|09|122|4444|Urbano|21
56619|Ampliación Santa Catarina|Colonia|Valle de Chalco Solidaridad|México|Valle de Chalco Solidaridad|56612|15|56612|09|122|4445|Rural|21
56619|Santa Catarina|Colonia|Valle de Chalco Solidaridad|México|Valle de Chalco Solidaridad|56612|15|56612|09|122|6393|Urbano|21
56620|San José Axalco|Colonia|Chalco|México|Chalco de Díaz Covarrubias|56601|15|56601|09|025|0006|Rural|23
56620|Los Arenales|Colonia|Chalco|México|Chalco de Díaz Covarrubias|56601|15|56601|09|025|0018|Urbano|23
56620|Capultitla|Barrio|Chalco|México|Chalco de Díaz Covarrubias|56601|15|56601|02|025|4446|Urbano|23
56620|Jazmín de las Flores|Colonia|Chalco|México|Chalco de Díaz Covarrubias|56601|15|56601|09|025|4447|Urbano|23
56620|Lomas de San Pablo|Barrio|Chalco|México|Chalco de Díaz Covarrubias|56601|15|56601|02|025|4448|Urbano|23
56620|San Pablo Atlazalpan|Pueblo|Chalco|México|Chalco de Díaz Covarrubias|56601|15|56601|28|025|4449|Urbano|23
56620|Michoacana|Colonia|Chalco|México|Chalco de Díaz Covarrubias|56601|15|56601|09|025|9122|Urbano|23
56620|El Recodo de San José Axalco|Colonia|Chalco|México|Chalco de Díaz Covarrubias|56601|15|56601|09|025|9123|Urbano|23
56620|San José|Colonia|Chalco|México|Chalco de Díaz Covarrubias|56601|15|56601|09|025|9124|Urbano|23
56620|Independencia|Colonia|Chalco|México|Chalco de Díaz Covarrubias|56601|15|56601|09|025|9128|Urbano|23
56623|Rancho San Miguel|Colonia|Chalco|México|Chalco de Díaz Covarrubias|56601|15|56601|09|025|0009|Rural|23
56623|Rancho Nuevo|Colonia|Chalco|México|Chalco de Díaz Covarrubias|56601|15|56601|09|025|0011|Rural|23
56623|Rancho Nuevo San Miguel|Colonia|Chalco|México|Chalco de Díaz Covarrubias|56601|15|56601|09|025|0012|Rural|23
56623|Camino al Monte|Ranchería|Chalco|México|Chalco de Díaz Covarrubias|56601|15|56601|29|025|0016|Rural|23
56623|Santa Catarina Ayotzingo|Pueblo|Chalco|México|Chalco de Díaz Covarrubias|56601|15|56601|28|025|4451|Urbano|23
56624|Pedregal Tezompa|Colonia|Chalco|México|Chalco de Díaz Covarrubias|56601|15|56601|09|025|4452|Urbano|23
56624|San Juan Tezompa|Pueblo|Chalco|México|Chalco de Díaz Covarrubias|56601|15|56601|28|025|4454|Urbano|23
56624|Caserío de Cortés|Colonia|Chalco|México|Chalco de Díaz Covarrubias|56601|15|56601|09|025|6406|Rural|23
56624|Las Nieves|Colonia|Chalco|México|Chalco de Díaz Covarrubias|56601|15|56601|09|025|9121|Urbano|23
56625|Residencial Iztac|Fraccionamiento|Chalco|México|Chalco de Díaz Covarrubias|56601|15|56601|21|025|0015|Urbano|23
56625|Iztac II|Fraccionamiento|Chalco|México|Chalco de Díaz Covarrubias|56601|15|56601|21|025|0019|Urbano|23
56625|Iztac III|Fraccionamiento|Chalco|México|Chalco de Díaz Covarrubias|56601|15|56601|21|025|0020|Urbano|23
56625|Independencia Chimalpa|Colonia|Chalco|México|Chalco de Díaz Covarrubias|56601|15|56601|09|025|4455|Urbano|23
56625|San Lorenzo Chimalpa|Pueblo|Chalco|México|Chalco de Díaz Covarrubias|56601|15|56601|28|025|4456|Urbano|23
56625|San Martín Xico Nuevo|Pueblo|Chalco|México|Chalco de Díaz Covarrubias|56601|15|56601|28|025|4457|Urbano|23
56625|San Mateo Huitzilzingo|Pueblo|Chalco|México|Chalco de Díaz Covarrubias|56601|15|56601|28|025|4458|Urbano|23
56625|Guadalupe|Barrio|Chalco|México|Chalco de Díaz Covarrubias|56601|15|56601|02|025|9118|Rural|23
56640|San Gregorio Cuautzingo|Pueblo|Chalco|México|Chalco de Díaz Covarrubias|56601|15|56601|28|025|4461|Urbano|23
56640|Los Álamos|Fraccionamiento|Chalco|México|Chalco de Díaz Covarrubias|56601|15|56601|21|025|6405|Urbano|23
56640|Santa Ana (Predio San Juan)|Colonia|Chalco|México|Chalco de Díaz Covarrubias|56601|15|56601|09|025|9119|Urbano|23
56641|Benito Juárez|Colonia|Chalco|México|Chalco de Díaz Covarrubias|56601|15|56601|09|025|0003|Urbano|23
56641|La Candelaria Tlapala|Pueblo|Chalco|México|Chalco de Díaz Covarrubias|56601|15|56601|28|025|4463|Urbano|23
56641|Hacienda Guadalupe|Unidad habitacional|Chalco|México|Chalco de Díaz Covarrubias|56601|15|56601|31|025|8561|Urbano|23
56641|Llano del Moral|Colonia|Chalco|México|Chalco de Díaz Covarrubias|56601|15|56601|09|025|9125|Urbano|23
56642|San Lucas Amalinalco|Pueblo|Chalco|México|Chalco de Díaz Covarrubias|56601|15|56601|28|025|4464|Urbano|23
56642|Los Hornos|Colonia|Chalco|México|Chalco de Díaz Covarrubias|56601|15|56601|09|025|6402|Rural|23
56643|Ejido San Marcos|Colonia|Chalco|México|Chalco de Díaz Covarrubias|56601|15|56601|09|025|0007|Rural|23
56643|Caja de Agua|Colonia|Chalco|México|Chalco de Díaz Covarrubias|56601|15|56601|09|025|0008|Rural|23
56643|San Marcos Huixtoco|Pueblo|Chalco|México|Chalco de Díaz Covarrubias|56601|15|56601|28|025|4467|Urbano|23
56643|San Buenaventura 7a Sección|Unidad habitacional|Chalco|México|Chalco de Díaz Covarrubias|56601|15|56601|31|025|6404|Urbano|23
56643|La Chimenea|Colonia|Chalco|México|Chalco de Díaz Covarrubias|56601|15|56601|09|025|9120|Rural|23
56644|Los Héroes Chalco II|Fraccionamiento|Chalco|México|Chalco de Díaz Covarrubias|56601|15|56601|21|025|0001|Urbano|23
56644|Los Héroes Chalco III|Fraccionamiento|Chalco|México|Chalco de Díaz Covarrubias|56601|15|56601|21|025|0002|Urbano|23
56644|San Martín Cuautlalpan|Pueblo|Chalco|México|Chalco de Díaz Covarrubias|56601|15|56601|28|025|4468|Urbano|23
56644|Villas de San Martín|Fraccionamiento|Chalco|México|Chalco de Díaz Covarrubias|56601|15|56601|21|025|7832|Urbano|23
56644|Los Héroes Chalco|Fraccionamiento|Chalco|México|Chalco de Díaz Covarrubias|56601|15|56601|21|025|8164|Urbano|23
56644|Pueblo Nuevo|Unidad habitacional|Chalco|México|Chalco de Díaz Covarrubias|56601|15|56601|31|025|8560|Urbano|23
56644|Hacienda San Juan|Unidad habitacional|Chalco|México|Chalco de Díaz Covarrubias|56601|15|56601|31|025|9615|Urbano|23
56646|Guadalupe de los Tepetates|Colonia|Chalco|México|Chalco de Díaz Covarrubias|56601|15|56601|09|025|0004|Rural|23
56646|Huixtomatitla (Tepalcates)|Colonia|Chalco|México|Chalco de Díaz Covarrubias|56601|15|56601|09|025|0005|Rural|23
56646|La Longaniza|Ranchería|Chalco|México|Chalco de Díaz Covarrubias|56601|15|56601|29|025|0017|Rural|23
56646|Santa María Huexoculco|Pueblo|Chalco|México|Chalco de Díaz Covarrubias|56601|15|56601|28|025|4470|Urbano|23
56647|San Mateo Tezoquipan Miraflores|Pueblo|Chalco|México|Chalco de Díaz Covarrubias|56601|15|56601|28|025|4471|Urbano|23
56647|Hacienda del Moral|Ranchería|Chalco|México|Chalco de Díaz Covarrubias|56601|15|56601|29|025|9117|Rural|23
56650|Temamatla|Pueblo|Temamatla|México|null|56651|15|56651|28|083|4472|Rural|null
56650|Xalpa|Barrio|Temamatla|México|null|56651|15|56651|02|083|9313|Rural|null
56650|Cuautitla|Barrio|Temamatla|México|null|56651|15|56651|02|083|9314|Rural|null
56650|Tepetitla|Barrio|Temamatla|México|null|56651|15|56651|02|083|9315|Rural|null
56650|Predio de los Albertocos|Colonia|Temamatla|México|null|56651|15|56651|09|083|9316|Rural|null
56650|Guadalupana|Colonia|Temamatla|México|null|56651|15|56651|09|083|9318|Rural|null
56650|La Estación (La Caseta)|Colonia|Temamatla|México|null|56651|15|56651|09|083|9319|Rural|null
56653|Santiago Zula|Pueblo|Temamatla|México|null|56651|15|56651|28|083|4475|Rural|null
56654|El Tejocote (Colonia Jesús Estudillo L.)|Colonia|Temamatla|México|null|56651|15|56651|09|083|9322|Rural|null
56654|El Tejocote|Ejido|Temamatla|México|null|56651|15|56651|15|083|9323|Rural|null
56654|Ampliación Potrero|Colonia|Temamatla|México|null|56651|15|56651|09|083|9324|Rural|null
56655|Los Reyes Acatlixhuayan|Pueblo|Temamatla|México|null|56651|15|56651|28|083|4476|Rural|null
56656|Tepancal|Colonia|Temamatla|México|null|56651|15|56651|09|083|9320|Rural|null
56656|San Judas Tadeo|Rancho|Temamatla|México|null|56651|15|56651|48|083|9325|Rural|null
56657|Tenexcaltitla|Colonia|Temamatla|México|null|56651|15|56651|09|083|9317|Rural|null
56657|El Cabi|Zona militar|Temamatla|México|null|56651|15|56651|47|083|9321|Rural|null
56680|Techichilco|Barrio|Cocotitlán|México|null|56681|15|56681|02|022|4477|Urbano|null
56680|Oyotepec|Colonia|Cocotitlán|México|null|56681|15|56681|09|022|9326|Urbano|null
56680|20 de Noviembre|Colonia|Cocotitlán|México|null|56681|15|56681|09|022|9327|Urbano|null
56680|Tlapipinca|Colonia|Cocotitlán|México|null|56681|15|56681|09|022|9328|Urbano|null
56680|La Y (Atoyac)|Colonia|Cocotitlán|México|null|56681|15|56681|09|022|9329|Rural|null
56680|La Vía|Colonia|Cocotitlán|México|null|56681|15|56681|09|022|9330|Rural|null
56683|San Andrés Metla|Pueblo|Cocotitlán|México|null|56681|15|56681|28|022|4478|Rural|null
56684|Atoyac|Ejido|Cocotitlán|México|null|56681|15|56681|15|022|9332|Rural|null
56700|Tlalmanalco de Velázquez|Pueblo|Tlalmanalco|México|null|56701|15|56701|28|103|4480|Urbano|null
56700|Vista Bella|Colonia|Tlalmanalco|México|null|56701|15|56701|09|103|5372|Urbano|null
56700|San Diego|Colonia|Tlalmanalco|México|null|56701|15|56701|09|103|5373|Urbano|null
56700|Rumorosa|Colonia|Tlalmanalco|México|null|56701|15|56701|09|103|5374|Rural|null
56700|Granjas San José|Colonia|Tlalmanalco|México|null|56701|15|56701|09|103|7042|Urbano|null
56700|Fernando de la Macorra|Rancho|Tlalmanalco|México|null|56701|15|56701|48|103|9395|Rural|null
56700|Alfa y Omega|Rancho|Tlalmanalco|México|null|56701|15|56701|48|103|9399|Rural|null
56700|Cerro de Cruz|Colonia|Tlalmanalco|México|null|56701|15|56701|09|103|9463|Urbano|null
56700|El Edén|Colonia|Tlalmanalco|México|null|56701|15|56701|09|103|9464|Urbano|null
56700|Magisterial|Unidad habitacional|Tlalmanalco|México|null|56701|15|56701|31|103|9465|Urbano|null
56700|El Centenario|Colonia|Tlalmanalco|México|null|56701|15|56701|09|103|9466|Urbano|null
56700|Jerusalén|Colonia|Tlalmanalco|México|null|56701|15|56701|09|103|9467|Urbano|null
56700|La esperanza|Colonia|Tlalmanalco|México|null|56701|15|56701|09|103|9468|Urbano|null
56700|De los Chincolos|Colonia|Tlalmanalco|México|null|56701|15|56701|09|103|9469|Urbano|null
56700|INFONAVIT Fidel Velazquez|Colonia|Tlalmanalco|México|null|56701|15|56701|09|103|9470|Urbano|null
56700|De Tula|Colonia|Tlalmanalco|México|null|56701|15|56701|09|103|9471|Urbano|null
56700|De la Comunidad|Colonia|Tlalmanalco|México|null|56701|15|56701|09|103|9484|Urbano|null
56700|San Pedro|Colonia|Tlalmanalco|México|null|56701|15|56701|09|103|9485|Urbano|null
56700|San Cristobal Tezopilo|Colonia|Tlalmanalco|México|null|56701|15|56701|09|103|9486|Urbano|null
56700|Cruz de Mayo 1|Colonia|Tlalmanalco|México|null|56701|15|56701|09|103|9490|Rural|null
56700|Cruz de Mayo|Colonia|Tlalmanalco|México|null|56701|15|56701|09|103|9491|Urbano|null
56700|Hermanos Peña|Colonia|Tlalmanalco|México|null|56701|15|56701|09|103|9492|Urbano|null
56703|La Esperanza|Colonia|Tlalmanalco|México|null|56701|15|56701|09|103|9411|Rural|null
56703|Vista Hermosa|Colonia|Tlalmanalco|México|null|56701|15|56701|09|103|9412|Rural|null
56703|La Huerta|Rancho|Tlalmanalco|México|null|56701|15|56701|48|103|9413|Rural|null
56703|Valle Plateado|Fraccionamiento|Tlalmanalco|México|null|56701|15|56701|21|103|9414|Rural|null
56704|San Lorenzo Tlalmiminolpan|Pueblo|Tlalmanalco|México|null|56701|15|56701|28|103|4481|Rural|null
56710|Lomas del Pedregal|Colonia|Tlalmanalco|México|null|56701|15|56701|09|103|9403|Rural|null
56713|Santa Rita|Rancho|Tlalmanalco|México|null|56701|15|56701|48|103|9401|Rural|null
56714|Villa Rincón de las Montañas|Fraccionamiento|Tlalmanalco|México|null|56701|15|56701|21|103|9402|Rural|null
56714|Gavillero (Rancho el Gavillero)|Ranchería|Tlalmanalco|México|null|56701|15|56701|29|103|9404|Rural|null
56714|La Mesa|Ranchería|Tlalmanalco|México|null|56701|15|56701|29|103|9405|Rural|null
56714|La Escondida|Colonia|Tlalmanalco|México|null|56701|15|56701|09|103|9406|Rural|null
56714|Cuautenampa (La Quebradora)|Ranchería|Tlalmanalco|México|null|56701|15|56701|29|103|9407|Rural|null
56715|Salvador Angulo|Unidad habitacional|Tlalmanalco|México|null|56701|15|56701|31|103|5376|Rural|null
56715|El Escribiente|Unidad habitacional|Tlalmanalco|México|null|56701|15|56701|31|103|5377|Rural|null
56715|Chantico I|Unidad habitacional|Tlalmanalco|México|null|56701|15|56701|31|103|5380|Rural|null
56715|Santa María|Fraccionamiento|Tlalmanalco|México|null|56701|15|56701|21|103|6958|Rural|null
56715|La Encumbre|Rancho|Tlalmanalco|México|null|56701|15|56701|48|103|9394|Rural|null
56715|Chantico II|Unidad habitacional|Tlalmanalco|México|null|56701|15|56701|31|103|9415|Rural|null
56716|El Trapiche (Xacalco)|Colonia|Tlalmanalco|México|null|56701|15|56701|09|103|0001|Rural|null
56716|Santiago [Kilómetro 58.5]|Colonia|Tlalmanalco|México|null|56701|15|56701|09|103|0002|Rural|null
56716|El Magueyal Dos|Colonia|Tlalmanalco|México|null|56701|15|56701|09|103|9396|Rural|null
56716|Vergel de la Sierra|Fraccionamiento|Tlalmanalco|México|null|56701|15|56701|21|103|9400|Rural|null
56720|San Juan Atzacualoya|Pueblo|Tlalmanalco|México|null|56741|15|56741|28|103|4483|Urbano|null
56720|21 de Marzo|Colonia|Tlalmanalco|México|null|56741|15|56741|09|103|9476|Urbano|null
56720|Las Conchitas|Colonia|Tlalmanalco|México|null|56741|15|56741|09|103|9481|Urbano|null
56723|Pueblo Nuevo|Pueblo|Tlalmanalco|México|null|56701|15|56701|28|103|4484|Urbano|null
56726|Santa Cruz|Ranchería|Tlalmanalco|México|null|56741|15|56741|29|103|9393|Rural|null
56730|Santo Tomás Atzingo|Pueblo|Tlalmanalco|México|null|56701|15|56701|28|103|4485|Rural|null
56730|Las Palomas|Fraccionamiento|Tlalmanalco|México|null|56701|15|56701|21|103|9408|Rural|null
56731|San José Zavaleta|Pueblo|Tlalmanalco|México|null|56741|15|56741|28|103|4486|Urbano|null
56735|San Antonio Tlaltecahuacán|Pueblo|Tlalmanalco|México|null|56701|15|56701|28|103|4487|Rural|null
56740|San Rafael|Pueblo|Tlalmanalco|México|null|56741|15|56741|28|103|4488|Urbano|null
56740|La Ladrillera|Colonia|Tlalmanalco|México|null|56741|15|56741|09|103|6957|Rural|null
56740|Ladrilleras las Margaritas|Colonia|Tlalmanalco|México|null|56741|15|56741|09|103|9475|Urbano|null
56743|Loma Linda|Colonia|Tlalmanalco|México|null|56701|15|56701|09|103|9479|Urbano|null
56743|Obrera|Colonia|Tlalmanalco|México|null|56701|15|56701|09|103|9480|Urbano|null
56743|Hidalgo|Colonia|Tlalmanalco|México|null|56701|15|56701|09|103|9482|Urbano|null
56744|Solidaridad|Colonia|Tlalmanalco|México|null|56701|15|56701|09|103|9472|Urbano|null
56744|El Faro|Colonia|Tlalmanalco|México|null|56701|15|56701|09|103|9473|Urbano|null
56744|De La Peña|Colonia|Tlalmanalco|México|null|56701|15|56701|09|103|9474|Urbano|null
56744|Los Cuartos|Colonia|Tlalmanalco|México|null|56701|15|56701|09|103|9477|Urbano|null
56744|El Encinal|Colonia|Tlalmanalco|México|null|56701|15|56701|09|103|9478|Urbano|null
56745|El Cedral|Colonia|Tlalmanalco|México|null|56701|15|56701|09|103|9483|Urbano|null
56745|La Cañada|Colonia|Tlalmanalco|México|null|56701|15|56701|09|103|9487|Urbano|null
56746|La Cuesta|Colonia|Tlalmanalco|México|null|56701|15|56701|09|103|9488|Urbano|null
56746|Anselmo Granados|Colonia|Tlalmanalco|México|null|56701|15|56701|09|103|9489|Rural|null
56747|La Joya|Rancho|Tlalmanalco|México|null|56741|15|56741|48|103|9409|Rural|null
56747|Tepopotal|Ranchería|Tlalmanalco|México|null|56741|15|56741|29|103|9410|Rural|null
56760|La Capilla|Colonia|Ayapango|México|null|56901|15|56901|09|017|4490|Urbano|null
56760|La Soledad|Barrio|Ayapango|México|null|56901|15|56901|02|017|8148|Urbano|null
56760|Predio el Calvario|Colonia|Ayapango|México|null|56901|15|56901|09|017|9280|Rural|null
56763|Tetepetla|Colonia|Ayapango|México|null|56901|15|56901|09|017|7674|Urbano|null
56763|San Miguel|Ranchería|Ayapango|México|null|56901|15|56901|29|017|9282|Rural|null
56765|San Diego Chalcatepehuacán|Colonia|Ayapango|México|null|56901|15|56901|09|017|7673|Rural|null
56765|San Diego|Colonia|Ayapango|México|null|56901|15|56901|09|017|9281|Rural|null
56765|El Arenal (Camino al Arenal)|Colonia|Ayapango|México|null|56901|15|56901|09|017|9283|Rural|null
56765|Las Casitas (Tepexpan)|Colonia|Ayapango|México|null|56901|15|56901|09|017|9284|Rural|null
56766|La Colonia|Colonia|Ayapango|México|null|56901|15|56901|09|017|0001|Rural|null
56766|Poxtla|Pueblo|Ayapango|México|null|56901|15|56901|28|017|4492|Rural|null
56767|Tlamapa|Pueblo|Ayapango|México|null|56901|15|56901|28|017|4493|Rural|null
56770|San José|Ranchería|Ayapango|México|null|56901|15|56901|29|017|7677|Rural|null
56776|Mihuacán|Pueblo|Ayapango|México|null|56901|15|56901|28|017|4494|Rural|null
56776|Pahuacán|Pueblo|Ayapango|México|null|56901|15|56901|28|017|4495|Rural|null
56776|Cemoloc Grande|Colonia|Ayapango|México|null|56901|15|56901|09|017|9285|Rural|null
56780|San Juan Coxtocan|Pueblo|Tenango del Aire|México|null|56781|15|56781|28|089|4496|Rural|null
56780|San Mateo Tepopula|Pueblo|Tenango del Aire|México|null|56781|15|56781|28|089|4497|Urbano|null
56780|Santiago Tepopula|Pueblo|Tenango del Aire|México|null|56781|15|56781|28|089|4498|Rural|null
56780|La Palma Tenango|Barrio|Tenango del Aire|México|null|56781|15|56781|02|089|4500|Urbano|null
56780|San Miguel|Barrio|Tenango del Aire|México|null|56781|15|56781|02|089|9333|Urbano|null
56780|Amilco|Barrio|Tenango del Aire|México|null|56781|15|56781|02|089|9334|Rural|null
56783|El Pedregal (Teotoxtipan)|Colonia|Tenango del Aire|México|null|56781|15|56781|09|089|9335|Rural|null
56783|Tecuatitla (Colonia Nueva Tecuatitla)|Colonia|Tenango del Aire|México|null|56781|15|56781|09|089|9336|Rural|null
56783|San Luis Aculco|Colonia|Tenango del Aire|México|null|56781|15|56781|09|089|9337|Rural|null
56783|Aculco (El Paraíso)|Ranchería|Tenango del Aire|México|null|56781|15|56781|29|089|9338|Rural|null
56783|San Miguel (Las Espinas)|Ranchería|Tenango del Aire|México|null|56781|15|56781|29|089|9339|Rural|null
56783|Saturnino (Tepalcapa)|Ranchería|Tenango del Aire|México|null|56781|15|56781|29|089|9342|Rural|null
56783|San Isidro Labrador (El Piaje)|Ranchería|Tenango del Aire|México|null|56781|15|56781|29|089|9343|Rural|null
56784|El Mirador|Colonia|Tenango del Aire|México|null|56781|15|56781|09|089|9340|Rural|null
56784|Tres Platos|Colonia|Tenango del Aire|México|null|56781|15|56781|09|089|9341|Rural|null
56785|Chavarría (Paraje Puerta)|Rancho|Tenango del Aire|México|null|56781|15|56781|48|089|9344|Rural|null
56800|De San Bartolo|Barrio|Ozumba|México|null|56901|15|56901|02|068|0001|Urbano|null
56800|Ozumba de Alzate|Pueblo|Ozumba|México|null|56901|15|56901|28|068|4502|Urbano|null
56800|San Mateo Tecalco|Pueblo|Ozumba|México|null|56901|15|56901|28|068|4503|Urbano|null
56800|Santiago|Barrio|Ozumba|México|null|56901|15|56901|02|068|8924|Urbano|null
56800|Industrial|Colonia|Ozumba|México|null|56901|15|56901|09|068|9302|Urbano|null
56800|José Antonio Alzate|Colonia|Ozumba|México|null|56901|15|56901|09|068|9303|Urbano|null
56800|Del Coyote|Barrio|Ozumba|México|null|56901|15|56901|02|068|9305|Urbano|null
56800|San Francisco|Barrio|Ozumba|México|null|56901|15|56901|02|068|9306|Urbano|null
56800|San Martín|Barrio|Ozumba|México|null|56901|15|56901|02|068|9307|Urbano|null
56800|Del Cocol|Barrio|Ozumba|México|null|56901|15|56901|02|068|9308|Urbano|null
56800|Santa Cruz|Barrio|Ozumba|México|null|56901|15|56901|02|068|9309|Urbano|null
56800|San Juan|Barrio|Ozumba|México|null|56901|15|56901|02|068|9310|Urbano|null
56800|San Pedro|Barrio|Ozumba|México|null|56901|15|56901|02|068|9311|Urbano|null
56800|Huamantla de Tizapa|Colonia|Ozumba|México|null|56901|15|56901|09|068|9312|Urbano|null
56806|San Vicente Chimalhuacán|Pueblo|Ozumba|México|null|56901|15|56901|28|068|4505|Rural|null
56806|Loma Bonita|Ranchería|Ozumba|México|null|56901|15|56901|29|068|9301|Rural|null
56810|San José Tlacotitlán|Ranchería|Ozumba|México|null|56901|15|56901|29|068|6588|Rural|null
56810|Santiago Mamalhuazuca|Ranchería|Ozumba|México|null|56901|15|56901|29|068|6589|Rural|null
56813|San Mateo Cuatepulco (Zona Cuatepulco)|Ranchería|Ozumba|México|null|56901|15|56901|29|068|9294|Rural|null
56813|La Cantarilla|Ranchería|Ozumba|México|null|56901|15|56901|29|068|9296|Rural|null
56813|Quinta Santa Cecilia|Ranchería|Ozumba|México|null|56901|15|56901|29|068|9297|Rural|null
56814|San José (Rancho San José Tlacotitlán)|Ranchería|Ozumba|México|null|56901|15|56901|29|068|9298|Rural|null
56815|San Sebastián|Ranchería|Ozumba|México|null|56901|15|56901|29|068|9299|Rural|null
56815|Huejote (Rancho Huejote)|Ranchería|Ozumba|México|null|56901|15|56901|29|068|9300|Rural|null
56816|Guadalupe Hidalgo|Colonia|Ozumba|México|null|56901|15|56901|09|068|0003|Rural|null
56816|San Lorenzo Tlaltecoyan (Tlaltecoyac)|Ranchería|Ozumba|México|null|56901|15|56901|29|068|6587|Rural|null
56820|Actopan|Barrio|Ozumba|México|null|56901|15|56901|02|068|9295|Rural|null
56860|La Loma|Colonia|Juchitepec|México|Juchitepec de Mariano Rivapalacio|56861|15|56861|09|050|0002|Rural|29
56860|La Garita|Barrio|Juchitepec|México|Juchitepec de Mariano Rivapalacio|56861|15|56861|02|050|0005|Rural|29
56860|Juchi|Barrio|Juchitepec|México|Juchitepec de Mariano Rivapalacio|56861|15|56861|02|050|5303|Urbano|29
56860|Calayuco|Barrio|Juchitepec|México|Juchitepec de Mariano Rivapalacio|56861|15|56861|02|050|5304|Urbano|29
56860|Cuautzozongo|Barrio|Juchitepec|México|Juchitepec de Mariano Rivapalacio|56861|15|56861|02|050|5305|Urbano|29
56863|San Pedro|Colonia|Juchitepec|México|null|56861|15|56861|09|050|9417|Rural|null
56864|El Tezontlal|Colonia|Juchitepec|México|null|56861|15|56861|09|050|0001|Rural|null
56864|El Tititlal|Colonia|Juchitepec|México|null|56861|15|56861|09|050|0003|Rural|null
56864|Camino a la Mina|Colonia|Juchitepec|México|null|56861|15|56861|09|050|0004|Rural|null
56864|San Matías Cuijingo|Pueblo|Juchitepec|México|null|56861|15|56861|28|050|4507|Urbano|null
56864|La Rosita|Colonia|Juchitepec|México|null|56861|15|56861|09|050|7672|Rural|null
56866|El Madroño|Ranchería|Juchitepec|México|null|56861|15|56861|29|050|9416|Rural|null
56867|Santa Rosa de Lima|Barrio|Juchitepec|México|null|56861|15|56861|02|050|9418|Rural|null
56870|Techachal|Colonia|Juchitepec|México|null|56861|15|56861|09|050|0006|Rural|null
56880|Tepetlixpa|Pueblo|Tepetlixpa|México|null|56881|15|56881|28|094|4510|Urbano|null
56880|El Cerro|Colonia|Tepetlixpa|México|null|56881|15|56881|09|094|9369|Rural|null
56880|Tlaximulco (Rancho de la Cruz)|Rancho|Tepetlixpa|México|null|56881|15|56881|48|094|9377|Rural|null
56880|Corregidora (Texcalera)|Ranchería|Tepetlixpa|México|null|56881|15|56881|29|094|9378|Rural|null
56880|Buenavista|Barrio|Tepetlixpa|México|null|56881|15|56881|02|094|9384|Urbano|null
56880|Xocotla|Barrio|Tepetlixpa|México|null|56881|15|56881|02|094|9385|Urbano|null
56880|Del Guapo|Barrio|Tepetlixpa|México|null|56881|15|56881|02|094|9386|Urbano|null
56880|Emiliano Zapata|Colonia|Tepetlixpa|México|null|56881|15|56881|09|094|9387|Urbano|null
56880|La Venta|Barrio|Tepetlixpa|México|null|56881|15|56881|02|094|9388|Urbano|null
56880|Del Rincón Brujo|Barrio|Tepetlixpa|México|null|56881|15|56881|02|094|9389|Urbano|null
56880|San Isidro|Barrio|Tepetlixpa|México|null|56881|15|56881|02|094|9390|Rural|null
56880|Granera|Barrio|Tepetlixpa|México|null|56881|15|56881|02|094|9391|Urbano|null
56880|Texcalera|Barrio|Tepetlixpa|México|null|56881|15|56881|02|094|9392|Urbano|null
56884|Los Limones|Ranchería|Tepetlixpa|México|null|56881|15|56881|29|094|8274|Rural|null
56884|2o. Agrupamiento de Seg. Púb. Est. Tepetlixpa|Equipamiento|Tepetlixpa|México|null|56881|15|56881|17|094|9368|Rural|null
56884|Alborada|Granja|Tepetlixpa|México|null|56881|15|56881|23|094|9370|Rural|null
56884|Chimalaca|Colonia|Tepetlixpa|México|null|56881|15|56881|09|094|9371|Rural|null
56884|Sofía|Ranchería|Tepetlixpa|México|null|56881|15|56881|29|094|9376|Rural|null
56884|Santa Cruz|Ranchería|Tepetlixpa|México|null|56881|15|56881|29|094|9379|Rural|null
56885|San Esteban Cuecuecuautitla|Pueblo|Tepetlixpa|México|null|56881|15|56881|28|094|4509|Rural|null
56890|Nepantla de Sor Juana Inés de la Cruz|Pueblo|Tepetlixpa|México|null|56881|15|56881|28|094|4512|Urbano|null
56890|Cuauhnextle|Colonia|Tepetlixpa|México|null|56881|15|56881|09|094|9373|Rural|null
56890|Piñuelas (Guayabitos)|Colonia|Tepetlixpa|México|null|56881|15|56881|09|094|9374|Rural|null
56890|Texcalama (El Montoncito Texcalama)|Colonia|Tepetlixpa|México|null|56881|15|56881|09|094|9382|Rural|null
56893|Las Cruces|Ranchería|Tepetlixpa|México|null|56881|15|56881|29|094|9372|Rural|null
56893|Casa Blanca (Kilómetro 76)|Rancho|Tepetlixpa|México|null|56881|15|56881|48|094|9375|Rural|null
56893|Santa Rosa|Ranchería|Tepetlixpa|México|null|56881|15|56881|29|094|9380|Rural|null
56893|Granja Nepantla|Ranchería|Tepetlixpa|México|null|56881|15|56881|29|094|9381|Rural|null
56894|Alotepec|Ranchería|Tepetlixpa|México|null|56881|15|56881|29|094|9383|Rural|null
56900|Sector Sacromonte|Barrio|Amecameca|México|null|56901|15|56901|02|009|4513|Urbano|null
56903|Izta-Popo|Unidad habitacional|Amecameca|México|null|56901|15|56901|31|009|9231|Urbano|null
56903|Sor Juana Inés de la Cruz|Fraccionamiento|Amecameca|México|null|56901|15|56901|21|009|9232|Urbano|null
56903|Los Volcanes|Fraccionamiento|Amecameca|México|null|56901|15|56901|21|009|9233|Urbano|null
56903|Sector Iztaccihuatl|Barrio|Amecameca|México|null|56901|15|56901|02|009|9234|Urbano|null
56903|Sector Caltenco|Barrio|Amecameca|México|null|56901|15|56901|02|009|9235|Urbano|null
56903|San Miguel|Barrio|Amecameca|México|null|56901|15|56901|02|009|9242|Urbano|null
56903|Sector Panohaya|Barrio|Amecameca|México|null|56901|15|56901|02|009|9243|Urbano|null
56904|Del Rosario|Barrio|Amecameca|México|null|56901|15|56901|02|009|9236|Urbano|null
56904|Sector Atenco|Barrio|Amecameca|México|null|56901|15|56901|02|009|9237|Urbano|null
56905|San Juan|Barrio|Amecameca|México|null|56901|15|56901|02|009|9238|Urbano|null
56905|Tepollo|Barrio|Amecameca|México|null|56901|15|56901|02|009|9239|Urbano|null
56905|Nestor Soriano|Colonia|Amecameca|México|null|56901|15|56901|09|009|9240|Urbano|null
56905|Magisterial Sacromonte|Unidad habitacional|Amecameca|México|null|56901|15|56901|31|009|9241|Urbano|null
56905|Sector Popocatepetl|Barrio|Amecameca|México|null|56901|15|56901|02|009|9246|Urbano|null
56905|El Torito|Barrio|Amecameca|México|null|56901|15|56901|02|009|9247|Urbano|null
56913|El Castillo|Fraccionamiento|Amecameca|México|null|56901|15|56901|21|009|7564|Urbano|null
56914|Xaltepic|Fraccionamiento|Amecameca|México|null|56901|15|56901|21|009|7566|Urbano|null
56920|Camino al Salto (Coapexco)|Colonia|Amecameca|México|null|56901|15|56901|09|009|9256|Rural|null
56920|Atlancatzi|Ranchería|Amecameca|México|null|56901|15|56901|29|009|9258|Rural|null
56920|Cuiloxotitla (San Nicolás)|Ranchería|Amecameca|México|null|56901|15|56901|29|009|9263|Rural|null
56923|Tetecla|Ranchería|Amecameca|México|null|56901|15|56901|29|009|9252|Rural|null
56923|Tepeyehual|Ranchería|Amecameca|México|null|56901|15|56901|29|009|9253|Rural|null
56924|Santa María Tomacoco|Rancho|Amecameca|México|null|56901|15|56901|48|009|9257|Rural|null
56930|San Francisco Zentlalpan|Pueblo|Amecameca|México|null|56901|15|56901|28|009|4515|Urbano|null
56930|Las Cartoneras|Colonia|Amecameca|México|null|56901|15|56901|09|009|9262|Rural|null
56933|Aldea de los Reyes|Pueblo|Amecameca|México|null|56901|15|56901|28|009|4518|Rural|null
56933|Chupícuaro (Texquimeca)|Ranchería|Amecameca|México|null|56901|15|56901|29|009|9248|Rural|null
56933|Los Tepalcates|Ranchería|Amecameca|México|null|56901|15|56901|29|009|9268|Rural|null
56933|El Risco|Ranchería|Amecameca|México|null|56901|15|56901|29|009|9269|Rural|null
56933|Don Martín|Ranchería|Amecameca|México|null|56901|15|56901|29|009|9270|Rural|null
56935|Santa Isabel Chalma|Pueblo|Amecameca|México|null|56901|15|56901|28|009|4516|Rural|null
56940|Santiago Cuauhtenco|Pueblo|Amecameca|México|null|56901|15|56901|28|009|4517|Rural|null
56940|Agua Viva|Ranchería|Amecameca|México|null|56901|15|56901|29|009|9259|Rural|null
56945|Coapexco|Fraccionamiento|Amecameca|México|null|56901|15|56901|21|009|7563|Urbano|null
56950|San Antonio Zoyatzingo|Pueblo|Amecameca|México|null|56901|15|56901|28|009|4519|Rural|null
56953|San Diego Tlaxcatitla|Colonia|Amecameca|México|null|56901|15|56901|09|009|7562|Rural|null
56954|Camino a Pahuacán (Colonia Néstor Soriano)|Colonia|Amecameca|México|null|56901|15|56901|09|009|9249|Rural|null
56954|Las Palomas|Rancho|Amecameca|México|null|56901|15|56901|48|009|9261|Rural|null
56954|San Rafael|Ranchería|Amecameca|México|null|56901|15|56901|29|009|9264|Rural|null
56954|Vetania|Rancho|Amecameca|México|null|56901|15|56901|48|009|9266|Rural|null
56954|El Arenal|Colonia|Amecameca|México|null|56901|15|56901|09|009|9267|Rural|null
56955|San Diego Huehuecalco|Pueblo|Amecameca|México|null|56901|15|56901|28|009|4520|Rural|null
56956|Ximoco|Ranchería|Amecameca|México|null|56901|15|56901|29|009|9250|Rural|null
56956|Tenexcaltitla|Ranchería|Amecameca|México|null|56901|15|56901|29|009|9265|Rural|null
56960|San Pedro Nexapa|Pueblo|Amecameca|México|null|56901|15|56901|28|009|4521|Urbano|null
56963|El Ocotal|Colonia|Amecameca|México|null|56901|15|56901|09|009|9245|Rural|null
56965|San Juan Grande|Colonia|Amecameca|México|null|56901|15|56901|09|009|7567|Rural|null
56965|Nexatenco|Ranchería|Amecameca|México|null|56901|15|56901|29|009|9255|Rural|null
56965|El Tecorral|Ranchería|Amecameca|México|null|56901|15|56901|29|009|9260|Rural|null
56970|San Jacinto|Barrio|Atlautla|México|null|56971|15|56971|02|015|4522|Urbano|null
56970|Santo Domingo|Barrio|Atlautla|México|null|56971|15|56971|02|015|8960|Urbano|null
56970|Santiago|Barrio|Atlautla|México|null|56971|15|56971|02|015|9349|Urbano|null
56970|San Bartolo|Barrio|Atlautla|México|null|56971|15|56971|02|015|9352|Urbano|null
56970|San Martín|Barrio|Atlautla|México|null|56971|15|56971|02|015|9353|Urbano|null
56970|San Francisco|Barrio|Atlautla|México|null|56971|15|56971|02|015|9354|Urbano|null
56970|San Lorenzo|Barrio|Atlautla|México|null|56971|15|56971|02|015|9355|Urbano|null
56970|San Pedro|Barrio|Atlautla|México|null|56971|15|56971|02|015|9356|Urbano|null
56970|Natividad|Barrio|Atlautla|México|null|56971|15|56971|02|015|9357|Urbano|null
56975|Quinta Loma Verde (Paraje Tepichilco)|Ranchería|Atlautla|México|null|56971|15|56971|29|015|0003|Rural|null
56975|San Juan|Barrio|Atlautla|México|null|56971|15|56971|02|015|4524|Urbano|null
56975|Ixtotempatl|Ranchería|Atlautla|México|null|56971|15|56971|29|015|9345|Rural|null
56975|San Felipe|Barrio|Atlautla|México|null|56971|15|56971|02|015|9350|Urbano|null
56975|San Martín|Barrio|Atlautla|México|null|56971|15|56971|02|015|9351|Urbano|null
56975|Asunción|Barrio|Atlautla|México|null|56971|15|56971|02|015|9359|Urbano|null
56976|San Andrés Tlalamac|Pueblo|Atlautla|México|null|56971|15|56971|28|015|4523|Urbano|null
56980|San Juan Tehuixtitlán Centro|Colonia|Atlautla|México|null|56971|15|56971|09|015|4527|Urbano|null
56982|Las Delicias|Fraccionamiento|Atlautla|México|null|56971|15|56971|21|015|4528|Rural|null
56983|Nexapa|Colonia|Atlautla|México|null|56971|15|56971|09|015|0002|Rural|null
56983|Popo Park|Pueblo|Atlautla|México|null|56971|15|56971|28|015|4529|Rural|null
56983|Del Cornejal|Barrio|Atlautla|México|null|56971|15|56971|02|015|9348|Urbano|null
56984|Guadalupe|Barrio|Atlautla|México|null|56971|15|56971|02|015|0001|Urbano|null
56984|El Arenal|Barrio|Atlautla|México|null|56971|15|56971|02|015|9347|Urbano|null
56984|El mirador|Barrio|Atlautla|México|null|56971|15|56971|02|015|9358|Urbano|null
56990|Nexapa|Paraje|Ecatzingo|México|null|56992|15|56992|45|034|0002|Rural|null
56990|San José|Barrio|Ecatzingo|México|null|56992|15|56992|02|034|4531|Urbano|null
56990|San Martín|Barrio|Ecatzingo|México|null|56992|15|56992|02|034|8531|Urbano|null
56990|Xolaltenco|Barrio|Ecatzingo|México|null|56992|15|56992|02|034|9365|Urbano|null
56990|Santa Catarina|Barrio|Ecatzingo|México|null|56992|15|56992|02|034|9366|Urbano|null
56990|Santa Gertrudis|Barrio|Ecatzingo|México|null|56992|15|56992|02|034|9367|Urbano|null
56993|San Marcos Tecomaxusco|Pueblo|Ecatzingo|México|null|56992|15|56992|28|034|4534|Rural|null
56993|Tepicila|Colonia|Ecatzingo|México|null|56992|15|56992|09|034|9361|Rural|null
56993|Oxpanco|Ranchería|Ecatzingo|México|null|56992|15|56992|29|034|9362|Rural|null
56996|San Juan Tlacotompa (Tlacotompa)|Pueblo|Ecatzingo|México|null|56992|15|56992|28|034|4532|Rural|null
56996|Huexotitla|Ranchería|Ecatzingo|México|null|56992|15|56992|29|034|9363|Rural|null
56996|Ixtactepectípac (Rancho Ixtactepectípac)|Ranchería|Ecatzingo|México|null|56992|15|56992|29|034|9364|Rural|null
57000|Benito Juárez (La Aurora)|Colonia|Nezahualcóyotl|México|Ciudad Nezahualcóyotl|57001|15|57001|09|058|7880|Urbano|10
57100|Valle de Aragón|Colonia|Nezahualcóyotl|México|Ciudad Nezahualcóyotl|07501|15|07501|09|058|4543|Urbano|10
57103|Polígono del Bordo de Xochiaca|Colonia|Nezahualcóyotl|México|Ciudad Nezahualcóyotl|57001|15|57001|09|058|8967|Rural|10
57120|Campestre Guadalupana|Colonia|Nezahualcóyotl|México|Ciudad Nezahualcóyotl|07501|15|07501|09|058|4545|Urbano|10
57129|Ampliación Campestre Guadalupana|Colonia|Nezahualcóyotl|México|Ciudad Nezahualcóyotl|07501|15|07501|09|058|4547|Urbano|10
57130|Las Antenas o Claustro de Sor Juana Inés de la C.|Colonia|Nezahualcóyotl|México|Ciudad Nezahualcóyotl|07501|15|07501|09|058|0070|Urbano|10
57130|Impulsora Popular Avícola|Colonia|Nezahualcóyotl|México|Ciudad Nezahualcóyotl|07501|15|07501|09|058|4548|Urbano|10
57138|Emiliano Zapata|Unidad habitacional|Nezahualcóyotl|México|Ciudad Nezahualcóyotl|07501|15|07501|31|058|0045|Urbano|10
57138|Canal de Sales|Colonia|Nezahualcóyotl|México|Ciudad Nezahualcóyotl|07501|15|07501|09|058|4549|Urbano|10
57138|Bosques de Viena|Colonia|Nezahualcóyotl|México|Ciudad Nezahualcóyotl|07501|15|07501|09|058|5687|Urbano|10
57139|Plazas de Aragón|Colonia|Nezahualcóyotl|México|Ciudad Nezahualcóyotl|07501|15|07501|09|058|4550|Urbano|10
57140|Jardines de Guadalupe|Colonia|Nezahualcóyotl|México|Ciudad Nezahualcóyotl|07501|15|07501|09|058|4551|Urbano|10
57150|Vergel de Guadalupe|Colonia|Nezahualcóyotl|México|Ciudad Nezahualcóyotl|07501|15|07501|09|058|4552|Urbano|10
57158|Joyas de Aragón|Colonia|Nezahualcóyotl|México|Ciudad Nezahualcóyotl|07501|15|07501|09|058|4553|Urbano|10
57170|Bosques de Aragón|Colonia|Nezahualcóyotl|México|Ciudad Nezahualcóyotl|07501|15|07501|09|058|4555|Urbano|10
57171|Escuela Nacional de Estudios Profesionales Aragón|Equipamiento|Nezahualcóyotl|México|Ciudad Nezahualcóyotl|07501|15|07501|17|058|4556|Urbano|10
57178|Las Armas|Colonia|Nezahualcóyotl|México|Ciudad Nezahualcóyotl|07501|15|07501|09|058|4559|Urbano|10
57179|Prados de Aragón|Colonia|Nezahualcóyotl|México|Ciudad Nezahualcóyotl|07501|15|07501|09|058|4560|Urbano|10
57180|Ciudad Lago|Colonia|Nezahualcóyotl|México|Ciudad Nezahualcóyotl|07501|15|07501|09|058|4561|Urbano|10
57185|Ampliación Ciudad Lago|Colonia|Nezahualcóyotl|México|Ciudad Nezahualcóyotl|07501|15|07501|09|058|4562|Urbano|10
57185|Ampliación Ciudad Lago El Triangulo|Colonia|Nezahualcóyotl|México|Ciudad Nezahualcóyotl|07501|15|07501|09|058|7884|Urbano|10
57185|Cuchilla del Tesoro|Colonia|Nezahualcóyotl|México|Ciudad Nezahualcóyotl|07501|15|07501|09|058|7885|Urbano|10
57188|Ampliación Ciudad Lago Asa (Antonio Alzate)|Unidad habitacional|Nezahualcóyotl|México|Ciudad Nezahualcóyotl|07501|15|07501|31|058|4563|Urbano|10
57189|Ampliación Ciudad Lago Comunicaciones|Colonia|Nezahualcóyotl|México|Ciudad Nezahualcóyotl|07501|15|07501|09|058|4564|Urbano|10
57200|El Sol|Colonia|Nezahualcóyotl|México|Ciudad Nezahualcóyotl|57001|15|57001|09|058|4565|Urbano|10
57205|Ciudad Jardín|Colonia|Nezahualcóyotl|México|Ciudad Nezahualcóyotl|57001|15|57001|09|058|7831|Urbano|10
57210|Estado de México|Colonia|Nezahualcóyotl|México|Ciudad Nezahualcóyotl|57001|15|57001|09|058|4567|Urbano|10
57300|Tamaulipas|Colonia|Nezahualcóyotl|México|Ciudad Nezahualcóyotl|57001|15|57001|09|058|4568|Urbano|10
57300|Tamaulipas Sección Virgencitas|Colonia|Nezahualcóyotl|México|Ciudad Nezahualcóyotl|57001|15|57001|09|058|4570|Urbano|10
57310|Tamaulipas Sección Las Flores|Colonia|Nezahualcóyotl|México|Ciudad Nezahualcóyotl|57001|15|57001|09|058|4571|Urbano|10
57310|Tamaulipas Sección Palmar|Colonia|Nezahualcóyotl|México|Ciudad Nezahualcóyotl|57001|15|57001|09|058|4572|Urbano|10
57400|El Barco Primera Sección|Colonia|Nezahualcóyotl|México|Ciudad Nezahualcóyotl|57001|15|57001|09|058|4574|Urbano|10
57400|El Barco Segunda Sección|Colonia|Nezahualcóyotl|México|Ciudad Nezahualcóyotl|57001|15|57001|09|058|4575|Urbano|10
57400|El Barco Tercera Sección|Colonia|Nezahualcóyotl|México|Ciudad Nezahualcóyotl|57001|15|57001|09|058|4576|Urbano|10
57410|Maravillas|Colonia|Nezahualcóyotl|México|Ciudad Nezahualcóyotl|57001|15|57001|09|058|4578|Urbano|10
57420|Nezahualcóyotl Primera Sección|Colonia|Nezahualcóyotl|México|Ciudad Nezahualcóyotl|57001|15|57001|09|058|4579|Urbano|10
57420|Nezahualcóyotl Segunda Sección|Colonia|Nezahualcóyotl|México|Ciudad Nezahualcóyotl|57001|15|57001|09|058|7881|Urbano|10
57420|Nezahualcóyotl Tercera Sección|Colonia|Nezahualcóyotl|México|Ciudad Nezahualcóyotl|57001|15|57001|09|058|7882|Urbano|10
57430|Porvenir|Colonia|Nezahualcóyotl|México|Ciudad Nezahualcóyotl|57001|15|57001|09|058|4581|Urbano|10
57440|Las Palmas|Colonia|Nezahualcóyotl|México|Ciudad Nezahualcóyotl|57001|15|57001|09|058|4582|Urbano|10
57440|Martínez del Llano|Colonia|Nezahualcóyotl|México|Ciudad Nezahualcóyotl|57001|15|57001|09|058|7822|Urbano|10
57440|Xochitenco|Colonia|Nezahualcóyotl|México|Ciudad Nezahualcóyotl|57001|15|57001|09|058|7823|Urbano|10
57450|Volcanes|Colonia|Nezahualcóyotl|México|Ciudad Nezahualcóyotl|57001|15|57001|09|058|4584|Urbano|10
57460|Juárez Pantitlán|Colonia|Nezahualcóyotl|México|Ciudad Nezahualcóyotl|57001|15|57001|09|058|4588|Urbano|10
57500|Agua Azul Grupo C Súper 4 y Súper 23|Colonia|Nezahualcóyotl|México|Ciudad Nezahualcóyotl|57001|15|57001|09|058|4596|Urbano|10
57500|Agua Azul Grupo A Super 4|Colonia|Nezahualcóyotl|México|Ciudad Nezahualcóyotl|57001|15|57001|09|058|4597|Urbano|10
57500|Central|Colonia|Nezahualcóyotl|México|Ciudad Nezahualcóyotl|57001|15|57001|09|058|4598|Urbano|10
57500|Agua Azul Grupo B Super 4|Colonia|Nezahualcóyotl|México|Ciudad Nezahualcóyotl|57001|15|57001|09|058|7819|Urbano|10
57500|Agua Azul Grupo B Super 23|Colonia|Nezahualcóyotl|México|Ciudad Nezahualcóyotl|57001|15|57001|09|058|7820|Urbano|10
57510|Agua Azul Sección Pirules|Colonia|Nezahualcóyotl|México|Ciudad Nezahualcóyotl|57001|15|57001|09|058|4599|Urbano|10
57520|Porfirio Díaz|Colonia|Nezahualcóyotl|México|Ciudad Nezahualcóyotl|57001|15|57001|09|058|4600|Urbano|10
57530|Modelo|Colonia|Nezahualcóyotl|México|Ciudad Nezahualcóyotl|57001|15|57001|09|058|4601|Urbano|10
57600|Ampliación Romero Sección Las Fuentes|Colonia|Nezahualcóyotl|México|Ciudad Nezahualcóyotl|57001|15|57001|09|058|4602|Urbano|10
57610|Pavón Sección Silvia|Colonia|Nezahualcóyotl|México|Ciudad Nezahualcóyotl|57001|15|57001|09|058|4604|Urbano|10
57620|México Primera Sección|Colonia|Nezahualcóyotl|México|Ciudad Nezahualcóyotl|57001|15|57001|09|058|4605|Urbano|10
57620|México Segunda Sección|Colonia|Nezahualcóyotl|México|Ciudad Nezahualcóyotl|57001|15|57001|09|058|4606|Urbano|10
57630|Romero|Colonia|Nezahualcóyotl|México|Ciudad Nezahualcóyotl|57001|15|57001|09|058|4607|Urbano|10
57700|Evolución Súper 24|Colonia|Nezahualcóyotl|México|Ciudad Nezahualcóyotl|57741|15|57741|09|058|4608|Urbano|10
57700|Evolución Súper 22|Colonia|Nezahualcóyotl|México|Ciudad Nezahualcóyotl|57741|15|57741|09|058|7872|Urbano|10
57700|Evolución Súper 43|Colonia|Nezahualcóyotl|México|Ciudad Nezahualcóyotl|57741|15|57741|09|058|7873|Urbano|10
57700|Evolución|Colonia|Nezahualcóyotl|México|Ciudad Nezahualcóyotl|57741|15|57741|09|058|9629|Urbano|10
57708|Evolución Poniente|Colonia|Nezahualcóyotl|México|Ciudad Nezahualcóyotl|57741|15|57741|09|058|4609|Urbano|10
57709|Ampliación Evolución|Colonia|Nezahualcóyotl|México|Ciudad Nezahualcóyotl|57741|15|57741|09|058|4610|Urbano|10
57710|General José Vicente Villada|Colonia|Nezahualcóyotl|México|Ciudad Nezahualcóyotl|57741|15|57741|09|058|4611|Urbano|10
57718|Ampliación General José Vicente Villada Oriente|Colonia|Nezahualcóyotl|México|Ciudad Nezahualcóyotl|57741|15|57741|09|058|4612|Urbano|10
57718|Ampliación General José Vicente Villada Súper 44|Colonia|Nezahualcóyotl|México|Ciudad Nezahualcóyotl|57741|15|57741|09|058|7874|Urbano|10
57719|Ampliación General José Vicente Villada Poniente|Colonia|Nezahualcóyotl|México|Ciudad Nezahualcóyotl|57741|15|57741|09|058|4613|Urbano|10
57720|Atlacomulco|Colonia|Nezahualcóyotl|México|Ciudad Nezahualcóyotl|57741|15|57741|09|058|4614|Urbano|10
57730|Metropolitana Primera Sección|Colonia|Nezahualcóyotl|México|Ciudad Nezahualcóyotl|57741|15|57741|09|058|4615|Urbano|10
57739|San Lorenzo|Colonia|Nezahualcóyotl|México|Ciudad Nezahualcóyotl|57741|15|57741|09|058|4616|Urbano|10
57740|Metropolitana Segunda Sección|Colonia|Nezahualcóyotl|México|Ciudad Nezahualcóyotl|57741|15|57741|09|058|4617|Urbano|10
57750|Metropolitana Tercera Sección|Colonia|Nezahualcóyotl|México|Ciudad Nezahualcóyotl|57741|15|57741|09|058|4619|Urbano|10
57760|Ampliación General José Vicente Villada Súper 43|Colonia|Nezahualcóyotl|México|Ciudad Nezahualcóyotl|57741|15|57741|09|058|4620|Urbano|10
57800|Esperanza|Colonia|Nezahualcóyotl|México|Ciudad Nezahualcóyotl|57002|15|57002|09|058|4621|Urbano|10
57809|Rey Nezahualcóyotl|Fraccionamiento|Nezahualcóyotl|México|Ciudad Nezahualcóyotl|57002|15|57002|21|058|4622|Urbano|10
57810|Izcalli Nezahualcóyotl|Colonia|Nezahualcóyotl|México|Ciudad Nezahualcóyotl|57002|15|57002|09|058|4623|Urbano|10
57819|Parque Industrial Nezahualcóyotl|Fraccionamiento|Nezahualcóyotl|México|Ciudad Nezahualcóyotl|57002|15|57002|21|058|4629|Urbano|10
57820|La Perla|Colonia|Nezahualcóyotl|México|Ciudad Nezahualcóyotl|57002|15|57002|09|058|4631|Urbano|10
57830|Ampliación La Perla Reforma|Colonia|Nezahualcóyotl|México|Ciudad Nezahualcóyotl|57002|15|57002|09|058|4632|Urbano|10
57840|Reforma|Colonia|Nezahualcóyotl|México|Ciudad Nezahualcóyotl|57002|15|57002|09|058|4634|Urbano|10
57849|Reforma A Sección 1|Colonia|Nezahualcóyotl|México|Ciudad Nezahualcóyotl|57002|15|57002|09|058|4636|Urbano|10
57900|Las Águilas|Colonia|Nezahualcóyotl|México|Ciudad Nezahualcóyotl|57002|15|57002|09|058|4640|Urbano|10
57910|Constitución de 1857|Colonia|Nezahualcóyotl|México|Ciudad Nezahualcóyotl|57002|15|57002|09|058|4641|Urbano|10
57920|Santa Martha|Colonia|Nezahualcóyotl|México|Ciudad Nezahualcóyotl|57002|15|57002|09|058|4642|Urbano|10
57930|Manantiales|Colonia|Nezahualcóyotl|México|Ciudad Nezahualcóyotl|57002|15|57002|09|058|4643|Urbano|10
57940|Loma Bonita|Colonia|Nezahualcóyotl|México|Ciudad Nezahualcóyotl|57002|15|57002|09|058|4645|Urbano|10
57950|Ampliación Las Águilas|Colonia|Nezahualcóyotl|México|Ciudad Nezahualcóyotl|57002|15|57002|09|058|4646|Urbano|10